1.319472499999999882e-01
3.119222499999999704e-02
1.378834166666667409e-02
7.623401562500003309e-03
4.812391000000003534e-03
3.460236805555555635e-03
2.710671428571428346e-03
1.952709765624999769e-03
1.531882098765431632e-03
1.132569249999999588e-03
9.368154958677692851e-04
7.273639053254434862e-04
6.222308673469385040e-04
5.699854444444446382e-04
4.774596679687497674e-04
4.446148788927334079e-04
3.959995370370369798e-04
3.333953601108032667e-04
2.878370181405895509e-04
2.467698347107437568e-04
2.263891304347825397e-04
2.056140190972222440e-04
1.934301199999999775e-04
1.664953703703703702e-04
1.604936224489796168e-04
1.540213733650416372e-04
1.258338449531737260e-04
1.177413330078125108e-04
1.129620064279155393e-04
1.012100346020760753e-04
9.790160108024691956e-05
9.286893718042364449e-05
8.872917243767314624e-05
7.059818750000001379e-05
7.618207911957164944e-05
6.645496214169820635e-05
7.050387396694217758e-05
5.360726606805294228e-05
5.340406292440018642e-05
5.477470703125003550e-05
4.913270000000001834e-05
5.294064782775853079e-05
4.474789960840153602e-05
4.380092592592590539e-05
4.299947385204078902e-05
3.908080178516465419e-05
3.330660011490950325e-05
3.326738779897877300e-05
3.220215270551509730e-05
3.242396240234374937e-05
2.952352662721893645e-05
2.745749610158164424e-05
2.549946439823566087e-05
2.410929591836734077e-05
2.279827835648145411e-05
2.110057980277574183e-05
2.204134349030469913e-05
2.113837493675155418e-05
2.114141964428776360e-05
1.874349184575521473e-05
1.836928799535491973e-05
1.683509070294784206e-05
1.672458085451595925e-05
1.541208354855372347e-05
1.437420987654320074e-05
1.475681120037805862e-05
1.355896616115889118e-05
1.401824273003472463e-05
1.286659725114535515e-05
1.299078250000000321e-05
1.245595203767781717e-05
1.159270756286981823e-05
1.158633632965467716e-05
1.092278806584361862e-05
9.628712809917351940e-06
9.793738042091834961e-06
1.017972453062480535e-05
8.853693519619502459e-06
9.161415541511061154e-06
8.557956597222227617e-06
8.154583911692772584e-06
8.532236800000000742e-06
8.078451856903711822e-06
7.995019830539029578e-06
6.884611742424241260e-06
7.310531298730230028e-06
6.813496161332177538e-06
6.773585735727969193e-06
6.402020773602936409e-06
6.124599002396205766e-06
5.803625211109024027e-06
5.967945352447042226e-06
5.258543484934870590e-06
5.246355034388482782e-06
5.008962031558186920e-06
4.845909109117126403e-06
4.764183480575590499e-06
4.311946943783459621e-06
4.571449049208886286e-06
4.422045796715800305e-06
4.418428747306861515e-06
4.279590269520410933e-06
3.808787385489482703e-06
3.623144290123457197e-06
3.839294016423135441e-06
3.507053323593862884e-06
3.244175814848347052e-06
3.266181025739425300e-06
3.200722048039110530e-06
3.076178206086217166e-06
3.502034374999998267e-06
3.115624620835254768e-06
2.919329696484116055e-06
2.609498408919209375e-06
2.704204120683517046e-06
2.774674418604651123e-06
2.460897651712818958e-06
2.341485125202188124e-06
2.439600987654321293e-06
2.411510753308710109e-06
2.318739809973576935e-06
2.276081160055519154e-06
2.191584280771130380e-06
2.175225547080800137e-06
2.319186290647676324e-06
2.242830141129033090e-06
1.979906668148124816e-06
1.922346020761247853e-06
1.882332792500450476e-06
1.847176373754442108e-06
1.919899372491378084e-06
1.657654330371333905e-06
1.692077915979014976e-06
1.584745011664429327e-06
1.591708545918366799e-06
1.497649895853996733e-06
1.542424708236881971e-06
1.495757881403639295e-06
1.450339264517895670e-06
1.366808333333333335e-06
