1.113641500000000508e-05
1.184123999999999880e-05
1.181905499999999860e-05
1.193730250000000191e-05
1.166533750000000086e-05
1.257166250000000781e-05
1.233174499999999894e-05
1.168003999999999600e-05
1.234168749999999482e-05
1.168640000000000385e-05
1.233943250000000139e-05
1.320543999999999668e-05
1.212162750000000120e-05
1.232338750000000213e-05
1.234954750000000257e-05
1.232535499999999407e-05
1.291581750000000045e-05
1.241162249999999807e-05
1.210722249999999977e-05
1.241271249999999979e-05
1.236168499999999784e-05
1.148346500000000543e-05
1.302663250000000220e-05
1.230332000000000268e-05
1.314631499999999917e-05
1.262192000000000502e-05
1.263237000000000421e-05
1.097368499999999690e-05
1.192471750000000244e-05
1.146978750000000237e-05
1.169391750000000119e-05
1.282451999999999186e-05
1.284282249999999659e-05
1.156394500000000436e-05
1.284841249999999970e-05
1.290168999999999810e-05
1.202040999999999661e-05
1.337587500000000176e-05
1.165024500000000047e-05
1.227605500000000117e-05
1.195948000000000158e-05
1.166038499999999492e-05
1.278977749999998903e-05
1.384305749999999159e-05
1.242632999999999525e-05
1.221536250000000412e-05
1.391142000000000343e-05
1.216284499999999959e-05
1.216367249999999310e-05
1.238503749999999839e-05
1.236732249999999919e-05
1.220334999999999726e-05
1.181793249999999800e-05
1.180197499999999977e-05
1.358781250000000146e-05
1.256731249999999997e-05
1.205169249999999456e-05
1.235564000000000187e-05
1.258998499999999869e-05
1.194248499999999853e-05
1.280008250000000350e-05
1.307977000000000437e-05
1.321803499999999854e-05
1.275418000000000093e-05
1.179342749999999984e-05
1.197274749999999967e-05
1.261421999999999830e-05
1.252907250000000319e-05
1.251950999999999154e-05
1.163039249999999912e-05
1.288331000000000659e-05
1.300864500000000088e-05
1.206644749999999506e-05
1.182462000000000504e-05
1.302860249999999941e-05
1.300609749999999377e-05
1.128502750000000314e-05
1.316206999999999340e-05
1.255320749999999919e-05
1.227560249999999662e-05
1.203794000000000320e-05
1.277232000000000446e-05
1.217914499999999467e-05
1.267889749999999798e-05
1.211650500000000030e-05
1.286725999999999511e-05
1.215757749999999871e-05
1.198338249999999148e-05
1.358530999999999242e-05
1.276960749999998750e-05
1.235249500000000039e-05
1.193523999999999654e-05
1.323436000000001062e-05
1.217224750000000005e-05
1.252261749999999886e-05
1.292895249999999944e-05
1.258021000000000097e-05
1.292748500000000181e-05
1.274678500000000369e-05
1.305333249999999468e-05
1.287999999999999527e-05
1.242952250000000005e-05
1.259031000000000448e-05
1.221241499999999952e-05
1.196351000000000059e-05
1.310527499999999964e-05
1.268814499999999776e-05
1.209927500000000623e-05
1.174525749999999450e-05
1.228428999999999958e-05
1.247849249999999698e-05
1.305889249999999569e-05
1.277592999999999780e-05
1.232658499999999372e-05
1.173426999999999836e-05
1.200659500000000596e-05
1.248942749999999283e-05
1.313081999999999941e-05
1.189525999999999493e-05
1.268769500000000863e-05
1.328934749999999991e-05
1.156782499999999965e-05
1.355324999999999937e-05
1.308730999999999312e-05
1.290022000000000708e-05
1.253180250000000443e-05
1.144337500000000629e-05
1.228469500000000589e-05
1.180445750000000064e-05
1.279694000000000050e-05
1.267021999999999403e-05
1.254695749999999735e-05
1.287867749999999762e-05
1.260035500000000415e-05
1.296355999999999621e-05
1.272035749999999978e-05
1.275798249999999758e-05
1.208392249999999950e-05
1.349405750000000053e-05
1.212097500000000638e-05
