1.586197505310341251e-05
1.714646063295279305e-05
1.716508078758952145e-05
1.792096599809128276e-05
1.713075274556969017e-05
1.884437651707651396e-05
1.869787710322952793e-05
1.662312850889987489e-05
1.652253318716877893e-05
1.750302902042959202e-05
1.802680295932124928e-05
1.834960082485173743e-05
1.808572002838135004e-05
1.617819454137556589e-05
1.754911269520466712e-05
1.773459294462308530e-05
1.897494330888616098e-05
1.646889103047754940e-05
1.751765753009641935e-05
1.858446280696844546e-05
1.737506053509670277e-05
1.582843705506880384e-05
1.934731467132309965e-05
1.757243177259765982e-05
1.852247850203299982e-05
1.738325547584802273e-05
1.827577458024966901e-05
1.536509685889661137e-05
1.745977140211016460e-05
1.613148980096362439e-05
1.671988328448926881e-05
1.906090315920520986e-05
1.873208440856873345e-05
1.619883981492117081e-05
1.827748081413557439e-05
1.927151039277669327e-05
1.638546864547669717e-05
1.996790701154919074e-05
1.635930516640225310e-05
1.696233029611424526e-05
1.616739765638243491e-05
1.691756468257989488e-05
1.891551535629529496e-05
1.958884726688744034e-05
1.716797432666706982e-05
1.600231561446167973e-05
1.831161625263045956e-05
1.833792924496861521e-05
1.715403820005637436e-05
1.770301343676674416e-05
1.702605385981272043e-05
1.632300592882634136e-05
1.558061308828037595e-05
1.663754591689756403e-05
1.959524761316106908e-05
1.744243148355739006e-05
1.807040617118755964e-05
1.809744487394283256e-05
1.753024119948938043e-05
1.663016628035556167e-05
1.886417591360523038e-05
1.866545510219615105e-05
1.831353924631378286e-05
1.951660295947018194e-05
1.596751357588255732e-05
1.647716044013632661e-05
1.766354576498161541e-05
1.734184690772566301e-05
1.802711960796565084e-05
1.747879086570904329e-05
1.831581481517817602e-05
1.814802907966799460e-05
1.828113115273486514e-05
1.573559511364599911e-05
1.932761913824989166e-05
1.849419816088936257e-05
1.570919939217126307e-05
1.880918658169725187e-05
1.705450485958750193e-05
1.794042171586955926e-05
1.723701753658098707e-05
1.777911333117038653e-05
1.575046917099534840e-05
1.865719278397057147e-05
1.639480645501723325e-05
1.980220751058829005e-05
1.735715729462182627e-05
1.707040003968691397e-05
1.871689956173028629e-05
1.797952000234415108e-05
1.588363792043482624e-05
1.558758953518471279e-05
1.841065818460600772e-05
1.575831099348829663e-05
1.782660005069513506e-05
1.749634337251625884e-05
1.848339432587803731e-05
1.862567482166149066e-05
1.784187249635741697e-05
1.778746190581145559e-05
1.964394544318934222e-05
1.770356708627511422e-05
1.807420808027008257e-05
1.676539442513283004e-05
1.682241880066301216e-05
1.676884316185452373e-05
1.797936687279269268e-05
1.715804973217747656e-05
1.643548643720177537e-05
1.702876167168065270e-05
1.727968821647814200e-05
1.881845187720535735e-05
1.845230559876190498e-05
1.700637507158050325e-05
1.613200047164331093e-05
1.764705772907980264e-05
1.697939682500510447e-05
1.899496864179039894e-05
1.578064798281109666e-05
1.839277389219679546e-05
1.947144289640583318e-05
1.632473939858995393e-05
1.833593747637409725e-05
1.798376773340057907e-05
1.811341535510629754e-05
1.854546215404846243e-05
1.525213494389802292e-05
1.744706304136818434e-05
1.646220721150247235e-05
1.767170047311236576e-05
1.845787103654156268e-05
1.909028430869858474e-05
1.758225702931063840e-05
1.711944783824744293e-05
1.699638611444795829e-05
1.797049246865382424e-05
1.645399238364183872e-05
1.746558945312878361e-05
1.947774826963947722e-05
1.803796960267079375e-05
