1.896424747747388895e-01
4.348925683271528952e-02
2.010612382378870744e-02
1.048898282482110811e-02
6.822078638810832006e-03
4.818139518738413264e-03
3.776364926587870170e-03
2.765888009514373431e-03
2.117388195819338605e-03
1.578488151608030453e-03
1.293169397396956100e-03
1.022985639666886644e-03
8.119143084318997637e-04
8.008668060206184259e-04
7.169739965383531205e-04
6.082728298814701635e-04
5.841327449586477313e-04
4.450598264872444561e-04
3.951475746005390140e-04
3.360244741827014391e-04
3.147352788498395553e-04
2.889280056304276926e-04
2.727676162362124889e-04
2.227821434902406677e-04
2.203611128099762040e-04
2.313416854212718568e-04
1.790297552357529337e-04
1.672976471749158789e-04
1.667104669379442373e-04
1.438559230619884145e-04
1.343860377854190372e-04
1.249707889253855685e-04
1.217676889577838097e-04
1.045306666035477418e-04
1.147225463064988760e-04
8.955369118854552743e-05
1.039246386398057421e-04
7.592592415920752325e-05
7.438753900995859235e-05
8.156087677928127008e-05
7.016834133788544322e-05
7.448720972763855615e-05
6.005364495180154193e-05
6.074138776163768623e-05
5.939470062031922132e-05
5.405378542677973213e-05
4.675924106938428711e-05
4.575533521664853874e-05
4.558287236086515685e-05
4.679310441032752881e-05
4.187034174261993115e-05
4.141588964009321075e-05
3.563025681151862743e-05
3.445829175505795306e-05
3.064559497398841419e-05
2.954199381582167398e-05
2.987061166252357234e-05
3.098945776491738668e-05
2.897429178045228846e-05
2.773818354170851864e-05
2.512909157143734907e-05
2.484380307993325825e-05
2.223613231534745887e-05
2.070250201187708163e-05
1.963120034685149381e-05
2.051974351481315788e-05
1.934092417633674410e-05
1.958504159121976301e-05
1.753842833610869207e-05
1.810045012199816943e-05
1.699342021851731274e-05
1.669061345398004201e-05
1.626355491900358048e-05
1.503786745769059068e-05
1.292416893000123372e-05
1.344929177784145211e-05
1.374771486069185885e-05
1.207588976602895943e-05
1.341515021582229221e-05
1.271818037102648386e-05
1.151493182702279197e-05
1.250368689113758210e-05
1.177760315845121988e-05
1.095264319554736461e-05
9.560930696143867468e-06
1.058070781031697364e-05
1.008581577022738630e-05
9.892611928961010567e-06
8.850511085672987672e-06
9.242747565302700033e-06
8.714245475720394996e-06
9.151097711552749344e-06
7.526728995499964281e-06
7.857575190753270585e-06
7.343019569700048150e-06
6.864962917151593034e-06
6.769670407808916117e-06
5.967214152780805031e-06
6.482293676753392714e-06
6.069679666743913699e-06
6.267762544602690220e-06
5.975868558517975376e-06
5.281931517071175404e-06
5.276190421204077624e-06
5.214918726560874080e-06
4.820133588839773129e-06
4.599615119365766057e-06
4.514020596081499037e-06
4.404512605919874199e-06
4.486096851980678476e-06
4.759996534267667157e-06
4.252005503805266032e-06
4.355333431396563332e-06
3.589593742073032311e-06
3.997311236015638275e-06
4.238565834659916492e-06
3.586028666820894426e-06
3.272152632784164362e-06
3.660382672461723975e-06
3.512996159252687942e-06
3.653319537556020657e-06
3.199618554387793285e-06
3.046153668662789955e-06
2.906055119100645242e-06
3.269005019175375689e-06
3.182493662520301113e-06
2.751234091783391249e-06
2.750589079303005982e-06
2.612179937054358464e-06
2.645887690294758964e-06
2.765443983351615462e-06
2.306237839369428529e-06
2.293799511339648763e-06
2.227784180660289158e-06
2.276442257266568683e-06
2.115159543510961170e-06
2.151200666700844299e-06
2.212137256882829837e-06
2.067468026722198035e-06
1.980959851712601950e-06
