5.127270617902972560e+00 1.326087915199889757e-02 1.995616166507748090e+00 1.710399638869446903e+00 3.590722148947173564e-01 2.453545132372195958e+00 1.859427295548524040e+00 1.565027893543870841e+00 5.547391722052704921e+00 4.194677676455659032e+00 6.215485715239321252e+00 2.971973915445902836e+00 1.932091819034360558e+00 2.122501108146742421e+00 1.806619300082361379e+00
6.311067704427175684e+00 -9.130971870684777558e-01 8.023816560006260534e-01 7.447997856532209138e-01 8.529980374601342508e-01 3.710492251435185462e+00 3.016727466213963815e+00 3.016023596995804468e+00 4.528806782249032992e+00 5.896590151163429994e+00 5.289127649018844579e+00 1.778739404938781243e+00 9.664919658181339024e-01 2.616426930712159038e+00 6.655692943002340378e-01
6.307876765811561093e+00 -8.888884374052351545e-01 7.769252957806718207e-01 7.711466223524247043e-01 8.764749606787407554e-01 3.711609494727992065e+00 3.046524723271762713e+00 2.986266046019153464e+00 4.538367829991678093e+00 5.897579763941448228e+00 5.313336398682086958e+00 1.753283044718827233e+00 9.928388025173376930e-01 2.639903853930765099e+00 6.995073201443540167e-01
6.315108704853082067e+00 -8.380914970936412800e-01 7.233134834007693970e-01 8.284395659113429344e-01 9.378250291265897154e-01 3.714182975683362198e+00 3.133672670849475761e+00 2.902644157428380556e+00 4.571491202296952494e+00 5.892742740106628574e+00 5.364133338993680944e+00 1.699671232338924920e+00 1.050131746076256034e+00 2.701253922378614281e+00 7.932007638847919928e-01
6.426831156218835162e+00 -7.212910610725189464e-01 6.055827699507568829e-01 9.866208636406117449e-01 1.156802032313423156e+00 3.729322145207415673e+00 3.519769482995559251e+00 2.583412854709591144e+00 4.810947201773101867e+00 5.799037024658645123e+00 5.480933775014802833e+00 1.581940518888911962e+00 1.208313043805524956e+00 2.920230925565447500e+00 1.137923662267939839e+00
6.446296517893958189e+00 -7.611332677017920156e-01 6.418778860240300643e-01 9.510635965425805471e-01 1.124262310602627712e+00 3.722864330594737314e+00 3.495565588426328585e+00 2.614773651170218205e+00 4.801729458355427305e+00 5.778440826557845078e+00 5.441091568385532540e+00 1.618235634962187364e+00 1.172755776707494757e+00 2.887691203854656941e+00 1.096198767407994712e+00
6.432988894003965896e+00 -7.502234145617290295e-01 6.214062619855126313e-01 9.642068506063367073e-01 1.113368514520349573e+00 3.723434111199943164e+00 3.475932193356076727e+00 2.610276321723462356e+00 4.785833556929765642e+00 5.792030153930908476e+00 5.452001421525594971e+00 1.597764010923670375e+00 1.185899030771250473e+00 2.876797407772378801e+00 1.091306610045052583e+00
6.413503694374715458e+00 -7.348947994241985526e-01 5.959919372753693656e-01 9.783260867332889132e-01 1.103815292855411245e+00 3.724375464273697034e+00 3.452609201654110116e+00 2.603876703978012852e+00 4.766615122831451501e+00 5.811836942853687127e+00 5.467330036663124559e+00 1.572349686213527109e+00 1.200018266898202679e+00 2.867244186107440473e+00 1.087475226821861263e+00
6.075855597023094745e+00 -3.997229343746731001e-01 1.935624608694628268e-01 1.226423034877810680e+00 1.173869380810292018e+00 3.752920391443959947e+00 3.277189824128294848e+00 2.453770188925457063e+00 4.562834065103596792e+00 6.140977449870052673e+00 5.802501901712649790e+00 1.169920209807621125e+00 1.448115215042723891e+00 2.937298274062321912e+00 1.215202526732501065e+00
6.047427141289061225e+00 -3.766030783533542148e-01 1.788762480675336330e-01 1.229867968203750328e+00 1.200376072400201277e+00 3.757593616400912939e+00 3.240441815319123453e+00 2.454507661435812338e+00 4.559585324117765737e+00 6.137460242869006599e+00 5.825621757733968842e+00 1.155233997005689295e+00 1.451560148368663317e+00 2.963804965652230283e+00 1.244932318587735232e+00
6.159387859013767397e+00 -1.252924301222974046e-02 -3.640420176746862468e-01 1.859382255911296911e+00 8.685202552395581144e-01 3.407234585284778738e+00 4.250625842156829926e+00 2.847892435661685706e+00 4.084139466679115316e+00 7.157793043144264900e+00 6.189695593075094315e+00 6.123157312634696092e-01 2.081074436076209899e+00 2.631949148491588009e+00 7.992767438130470303e-01
6.268881087959285558e+00 -1.381738306564563867e-01 -2.476957405336009943e-01 1.728746462836690867e+00 1.034443732763616897e+00 3.407697948860032522e+00 4.254326824284878406e+00 2.883732886659272410e+00 4.138382384037305073e+00 7.130630876152007858e+00 6.064051005430867392e+00 7.286620084045548618e-01 1.950438643001604078e+00 2.797872626015646791e+00 9.290069054575759155e-01
6.175463083681115073e+00 -8.467304654754564952e-03 -3.926810815209202388e-01 1.898154525983144936e+00 9.187491533783467279e-01 3.406932926528023042e+00 4.260355031849703877e+00 2.829062656728578595e+00 4.141684275429669881e+00 7.205414314436572987e+00 6.193757531432569685e+00 5.836766674172356728e-01 2.119846706148058146e+00 2.682178046630376844e+00 7.859940604945009346e-01
6.306217166444443301e+00 -1.473332079923055371e-01 -3.035160527681746712e-01 1.784375761383903303e+00 1.100941366665885823e+00 3.404840176721920297e+00 4.264504598550630909e+00 2.866063220420135504e+00 4.240386970206909467e+00 7.160123754235488747e+00 6.054891628095018241e+00 6.728416961699806853e-01 2.006067941548817846e+00 2.864370259917915718e+00 8.891805818279006068e-01
6.502434979246377367e+00 -3.623134879439683376e-01 -1.817736694567840261e-01 1.615312015512899046e+00 1.296527895652238582e+00 3.404486345117146762e+00 4.278023615378499400e+00 2.951788378107962796e+00 4.275408223558895493e+00 7.084417230183505332e+00 5.839911348143354886e+00 7.945840794813712193e-01 1.837004195677813367e+00 3.059956788904268699e+00 1.038775464001675308e+00
6.722758354756257937e+00 -4.889414355401032752e-01 -1.032534165694933559e-01 1.483120156038155280e+00 1.181646200862973783e+00 3.440945943906310589e+00 4.484403396553714671e+00 3.220941214909564199e+00 4.116872626612385844e+00 7.530937862616949197e+00 5.713283400547220836e+00 8.731043323686626945e-01 1.704812336203069378e+00 2.945075094115005232e+00 1.283185055024152588e+00
7.077562145752974487e+00 -7.737555609989823502e-01 -6.243810853267289102e-02 1.464331751411446891e+00 1.243968620840546491e+00 3.434733096802322638e+00 4.795905115209115444e+00 3.645793304785482469e+00 3.691586900578061936e+00 7.804571671430474922e+00 5.428469275088342094e+00 9.139196404054831246e-01 1.686023931576361212e+00 3.007397514092577939e+00 1.620408329630468103e+00
3.264767207379672698e+01 -2.244904402130589460e+01 1.675817950219399499e+00 2.015613897038470270e+00 2.969542371469281239e+00 5.509299042855289485e+00 7.349444736105327891e+00 3.166287614971893660e+01 -2.432590953612115570e+01 2.655396533377734869e+01 -1.624681918521860879e+01 2.652175699157552469e+00 2.237306077203393695e+00 4.732971264721332894e+00 1.970045923418027556e+01
3.388753796851937494e+01 -2.143437047795926276e+01 1.748164270089778149e+00 1.878285059578085336e+00 4.203575010902973474e+00 6.810642604958600188e+00 8.233773339835657623e+00 3.019310569363715402e+01 -2.385245405533058261e+01 2.508218283486259637e+01 -1.523214564187197695e+01 2.724522019027930675e+00 2.099977239743009871e+00 5.967003904155024685e+00 2.030886363537048922e+01
-6.838464315709154562e+01 -1.088891954553858454e+02 4.918353581916331763e+01 -1.026207264382775541e+01 -9.875053346855509062e+01 3.321588499148688811e+01 -4.588426465369055052e+01 8.930831741074281638e+01 -1.940237510554755573e+00 -1.802936954080610832e+00 -1.026869706192982505e+02 5.015989356810145239e+01 -1.004038046366284398e+01 -9.698710457530312112e+01 -8.167092809008254051e+01
-6.818556310940311960e+01 -1.084780998133553425e+02 4.924739210456216654e+01 -1.043118593052304277e+01 -9.781690786829963713e+01 3.227578684743687631e+01 -4.536443247008735113e+01 9.007801358725421892e+01 -2.039014484689819273e+00 -1.784076723827247246e+00 -1.022758749772677476e+02 5.022374985350028709e+01 -1.020949375035813134e+01 -9.605347897504765342e+01 -8.205064160962291453e+01
-6.818330718055530326e+01 -1.084640872481990641e+02 4.924786186458533876e+01 -1.044733872916031636e+01 -9.780613121429725254e+01 3.225719155017996087e+01 -4.535407848502607209e+01 9.009121769863023133e+01 -2.033952546974519660e+00 -1.789878842011437543e+00 -1.022618624121114692e+02 5.022421961352345932e+01 -1.022564654899540493e+01 -9.604270232104526883e+01 -8.204589955951786351e+01
-6.817640159187804727e+01 -1.084458643903148811e+02 4.924715963581800082e+01 -1.046381693052558859e+01 -9.779032425580813026e+01 3.223525245749786450e+01 -4.533951596624815039e+01 9.010992697264963169e+01 -2.028541284447273441e+00 -1.798888615377047584e+00 -1.022436395542272862e+02 5.022351738475612848e+01 -1.024212475036067715e+01 -9.602689536255613234e+01 -8.204290045435446643e+01
-6.759014887487005296e+01 -1.076587468024478937e+02 4.915647331769810791e+01 -1.077286847748646181e+01 -9.700509348547555533e+01 3.154721812269497505e+01 -4.474406094436063341e+01 9.101182605869627196e+01 -1.993122952143667970e+00 -2.255469141241220221e+00 -1.014565219663603131e+02 5.013283106663622846e+01 -1.055117629732155038e+01 -9.524166459222357162e+01 -8.215000559497060806e+01
-6.737780070572105728e+01 -1.074440365634523431e+02 4.979476304684420995e+01 -1.141013680322647339e+01 -9.690129229120900334e+01 3.226708057603069335e+01 -4.496728849960042851e+01 9.063537939323305181e+01 -1.818766123943618140e+00 -1.989752717120934156e+00 -1.012418117273647624e+02 5.077112079578233761e+01 -1.118844462306156196e+01 -9.513786339795703384e+01 -8.266042637035671703e+01
-6.243104047902401277e+01 -9.987483266706796314e+01 8.243170152556372443e+01 -3.924479881651777191e+01 -9.657656011011282260e+01 6.081116274670249311e+01 -4.967243906256390318e+01 8.683723580364500094e+01 -5.593384761564339058e+00 1.463433427725422398e+01 -9.367260783098045351e+01 8.340805927450196577e+01 -3.902310663635278587e+01 -9.481313121686108047e+01 -1.092826367993038019e+02
-6.240336650075781932e+01 -9.993186885375845918e+01 8.236720456022810311e+01 -3.925593737857107612e+01 -9.656924811564506683e+01 6.079665293022368644e+01 -4.967341812315406457e+01 8.681805847052378056e+01 -5.593403542690756680e+00 1.465064441578111065e+01 -9.372964401767094955e+01 8.334356230916634445e+01 -3.903424519840609008e+01 -9.480581922239332471e+01 -1.093462719179989477e+02
-6.237198330224109810e+01 -9.991315933273540395e+01 8.240258879664783365e+01 -3.920839576370728707e+01 -9.654312207401899570e+01 6.081232269687875913e+01 -4.970650336522214019e+01 8.682867342279081413e+01 -5.599796962783319287e+00 1.464540487302088501e+01 -9.371093449664789432e+01 8.337894654558606078e+01 -3.898670358354230103e+01 -9.477969318076725358e+01 -1.093187572185984777e+02
-6.239881623994751436e+01 -1.001155539891121862e+02 8.212478378630814291e+01 -3.939388113627811094e+01 -9.662997758908205981e+01 6.072483573751920716e+01 -4.961329209879231428e+01 8.674853272601136212e+01 -5.586731210971734640e+00 1.471830938551917001e+01 -9.391332915302467654e+01 8.310114153524637004e+01 -3.917218895611311780e+01 -9.486654869583031768e+01 -1.095488226373627043e+02
-6.315453502325725310e+01 -8.735483154893255175e+01 9.371061150733677891e+01 -3.871495089586429117e+01 -9.020931759491207913e+01 6.544013428623625828e+01 -5.409766173386667987e+01 8.901175036320606182e+01 -8.593049966876435519e+00 1.417859458722077015e+01 -8.115260671284528371e+01 9.468696925627475025e+01 -3.849325871569938329e+01 -8.844588870166018069e+01 -9.815695932002731183e+01
