3.267476866095669674e+00 1.665542866932768984e+00 1.364831924442341693e+00 6.245208245161849803e+00 2.326309865974087288e+00 3.171168765923889077e-01 4.581217682643202060e+00 5.801041049974233310e+00 1.726292732677152220e+00 3.301691810470221977e+00 4.147566465334282526e+00 5.769370898807373749e+00 5.425891863748647737e+00 1.767948822549336940e+00 3.093257384411566946e+00
5.587473365832940075e+00 3.815374663084777129e+00 1.904294455883718484e+00 6.044254889468009928e+00 4.601834301866194465e+00 3.034403603085982781e-01 4.514827300399483434e+00 4.113906605484994650e+00 1.576511042342664926e+00 3.301312422435213723e+00 6.297398261486289783e+00 6.308833430248750318e+00 5.224938508054809638e+00 4.043473258441444784e+00 7.752332221576661020e-01
5.524553095619666898e+00 3.739541316011721239e+00 1.880708243522152268e+00 6.025400847898720436e+00 4.523617974177959411e+00 2.614620099654543228e-01 4.530894788962706698e+00 4.188990914878164773e+00 1.551929906052244235e+00 3.302263355716144488e+00 6.221564914413233893e+00 6.285247217887183879e+00 5.206084466485520146e+00 3.965256930753209730e+00 8.564071654930446309e-01
5.523457814517580999e+00 3.790607570106258706e+00 1.959371307681964325e+00 5.979572634714727997e+00 4.589267250674371468e+00 4.018389743154285321e-01 4.487471845212261279e+00 4.097128105924764618e+00 1.670001509833992648e+00 3.219255825399245818e+00 6.272631168507771804e+00 6.363910282046995270e+00 5.160256253301527707e+00 4.030906207249621787e+00 7.984216990504782174e-01
5.489378903427796885e+00 3.759146612420249944e+00 1.969412662909754808e+00 5.955168815821755501e+00 4.567171140751675296e+00 3.978958396020429999e-01 4.493599174661177642e+00 4.117844841247467080e+00 1.669517219998808200e+00 3.200604169695671963e+00 6.241170210821762154e+00 6.373951637274785753e+00 5.135852434408555212e+00 4.008810097326925614e+00 8.224841796272336358e-01
5.455568099053670572e+00 9.022517961187626057e-02 -6.928291400252772014e+00 7.367259055266925927e+00 1.942555951014606208e-01 -7.672525690012488297e+00 8.050204446624556809e+00 8.661728561848342167e+00 -8.279089799243338987e+00 1.067565868405618090e+01 2.572248778013395576e+00 -2.523752425887755280e+00 6.547942673853727413e+00 -3.641054483232926131e-01 5.318316785095029253e+00
5.475762537691196918e+00 1.299864135027892220e-01 -6.952564774904675282e+00 7.421955735908214891e+00 2.087188460133989065e-01 -7.714351725581369834e+00 8.093749061770719067e+00 8.618434386116392787e+00 -8.277525883908122495e+00 1.068110560177807677e+01 2.612010011904308815e+00 -2.548025800539658547e+00 6.602639354495016377e+00 -3.496421974113542719e-01 5.270855522340870181e+00
5.482906571950000973e+00 9.856131096144968295e-02 -6.942639096415901712e+00 7.391376696155610659e+00 1.889041575120656014e-01 -7.680003194183909976e+00 8.057384275052344336e+00 8.652426486584651855e+00 -8.289144798820407445e+00 1.066374853314612281e+01 2.580584909362969359e+00 -2.538100122050885421e+00 6.572060314742412146e+00 -3.694568859126875493e-01 5.315215150052154947e+00
5.884637486028756470e+00 1.712237601650014707e+00 -7.843408314241359314e+00 9.362662853476500402e+00 9.504711786338579937e-01 -9.396508567580866611e+00 9.848087375373596686e+00 6.919138345689485270e+00 -7.970507319785788525e+00 1.124352102800794562e+01 4.194261200051531802e+00 -3.438869339876344355e+00 8.543346472063301889e+00 3.921101352091048708e-01 3.162201316146462826e+00
5.951685952894893106e+00 1.648465705868824571e+00 -7.830521207112741244e+00 9.348022100510675614e+00 1.068049720175458628e+00 -9.439363659372586923e+00 9.846483850706732710e+00 7.035125525385884870e+00 -7.941297281124314544e+00 1.125083211742187927e+01 4.130489304270341222e+00 -3.425982232747727618e+00 8.528705719097475324e+00 5.096886767507058380e-01 3.153204837299636409e+00
5.951395627019346435e+00 1.648129805175249762e+00 -7.846225128556114647e+00 9.333425688359223926e+00 1.092402555979925971e+00 -9.452553801870738681e+00 9.852324246826482224e+00 7.071569634966023088e+00 -7.916936499582789111e+00 1.126210075973680880e+01 4.130153403576766635e+00 -3.441686154191100133e+00 8.514109306946023636e+00 5.340415125551731812e-01 3.132357181078499142e+00
6.034270602412298956e+00 1.558424793595681201e+00 -7.840282625219610502e+00 9.305004028911278979e+00 1.257716704958189213e+00 -9.512063269682892397e+00 9.867661835188082264e+00 7.271075914806346852e+00 -7.878161761859604262e+00 1.126449795413915567e+01 4.040448391997197852e+00 -3.435743650854595543e+00 8.485687647498078690e+00 6.993556615334369786e-01 3.088945012511734145e+00
6.260228183932996515e+00 1.359650080548820750e+00 -7.651208930574254552e+00 9.367685730167927716e+00 1.459553454336798728e+00 -9.413720394746922793e+00 9.882478148822627873e+00 7.201228456485383234e+00 -7.981827481381236211e+00 1.126285339706360134e+01 3.841673678950336512e+00 -3.246669956209239150e+00 8.548369348754727426e+00 9.011924109120463822e-01 3.344362264956863395e+00
7.500907857040652438e+00 1.138792573838829369e-01 -6.424735258891993261e+00 9.457503743870997681e+00 2.289454388216511482e+00 -9.384014931758187572e+00 9.322748702719286129e+00 7.343548895082714800e+00 -8.945038396003049286e+00 1.136185679109524038e+01 2.595902855785399588e+00 -2.020196284526973418e+00 8.638187362457793839e+00 1.731093344791757138e+00 4.481262567595446278e+00
7.482272261826996562e+00 1.317183805210719039e-01 -6.440258357652753674e+00 9.461465212370560707e+00 2.289366722063573611e+00 -9.381574041624029192e+00 9.310455094128215592e+00 7.346791876093197615e+00 -8.907340299173897691e+00 1.134294216234836661e+01 2.613741978922587528e+00 -2.035719383287728501e+00 8.642148830957355088e+00 1.731005678638822376e+00 4.483851831445263336e+00
7.599789064348549061e+00 1.450452398698939827e-02 -6.326143178048694082e+00 9.479082667324751910e+00 2.308627766686865979e+00 -9.410171000248762851e+00 9.346221492255521568e+00 7.340872497471353952e+00 -9.011813506935119733e+00 1.146236167503341008e+01 2.496528122388504745e+00 -1.921604203683669576e+00 8.659766285911546291e+00 1.750266723262114965e+00 4.480639829483556547e+00
7.638748004497829314e+00 -2.454443857859558986e-02 -6.288012145555391896e+00 9.474190892447055035e+00 2.328004674351683789e+00 -9.435386110150684402e+00 9.370178307426302311e+00 7.343768337642551991e+00 -9.039975374550676790e+00 1.150494284113741550e+01 2.457479159822919978e+00 -1.883473171190366724e+00 8.654874511033849416e+00 1.769643630926932776e+00 4.486816011386754788e+00
8.226901310240489096e+00 -6.140176780986866811e-01 -5.716279417316385114e+00 9.517972334391437528e+00 2.487284199498984272e+00 -9.666849723515955617e+00 9.692141052222284614e+00 7.401977923381434898e+00 -9.326506455386217809e+00 1.213208288254221934e+01 1.868005920302829193e+00 -1.311740442951359942e+00 8.698655952978231909e+00 1.928923156074232370e+00 4.559360815984422111e+00
8.189622758444350836e+00 -5.791753068563822993e-01 -5.749759384252717709e+00 9.518661573823401056e+00 2.483633460102232071e+00 -9.673435167182153904e+00 9.682231556480521917e+00 7.400646440289831318e+00 -9.306294746708942967e+00 1.209598006592828412e+01 1.902848291545133463e+00 -1.345220409887692536e+00 8.699345192410195438e+00 1.925272416677479947e+00 4.560684400973142871e+00
8.143799548274147426e+00 -5.362708103678730520e-01 -5.790558147148439971e+00 9.519888698076760747e+00 2.478424711785718770e+00 -9.681384594814090860e+00 9.670250546523416091e+00 7.400617869330271326e+00 -9.279317638769155607e+00 1.205218815474009553e+01 1.945752788033642933e+00 -1.386019172783415021e+00 8.700572316663555128e+00 1.920063668360965758e+00 4.562650999463742529e+00
7.200006360505397218e+00 4.350971926026457881e-01 -6.763787896216686413e+00 9.302233559637372196e+00 2.516101035118010198e+00 -9.581250855829738455e+00 9.230351824171391328e+00 7.430344100152568743e+00 -8.770651969418810978e+00 1.116386405554088945e+01 2.917120791004163216e+00 -2.359248921851661684e+00 8.482917178224164800e+00 1.957739991693257187e+00 4.769904368521224569e+00
6.648746364516158636e+00 9.993785835044968202e-01 -7.316755982670509084e+00 9.170369847573869748e+00 2.581864051766492807e+00 -9.730533580168794217e+00 9.427550549394897672e+00 7.277320979853930893e+00 -8.247236863953952835e+00 1.073656632741234951e+01 3.481402181906013915e+00 -2.912217008305488797e+00 8.351053466160660577e+00 2.023503008341740905e+00 5.133388616896464640e+00
7.157650223242867149e+00 4.623150373568648552e-01 -6.779240611205310962e+00 9.451145200040734551e+00 2.477178446302954473e+00 -9.547821460634512647e+00 9.584471708859616967e+00 7.200244001425830653e+00 -8.774074612029057363e+00 1.097391313915799671e+01 2.944338635758382061e+00 -2.374701636840291119e+00 8.631828818627527156e+00 1.918817402878202349e+00 4.708991341441083556e+00
7.205504100283561364e+00 4.095321915620354081e-01 -6.723494867602509473e+00 9.466252142985361218e+00 2.476291130471484525e+00 -9.510704220627257399e+00 9.551889994502380077e+00 7.233334578138316040e+00 -8.809108893453199585e+00 1.102638381288731395e+01 2.891555789963552670e+00 -2.318955893237488741e+00 8.646935761572153822e+00 1.917930087046732179e+00 4.707877598624747861e+00
-6.288681164490534492e+00 1.470996999654699167e+01 -2.184858329252244502e+01 3.333051264417186133e+00 2.409859647787909509e+00 -1.840776464662766188e+01 1.794506083182136535e+01 -4.040148293817766856e-01 -5.061016399523108333e-01 -3.956264623709689232e+00 1.719199359494851720e+01 -1.744404431815743806e+01 2.513734883003977849e+00 1.851498604363153833e+00 3.925312083651935957e+00
-6.347961937246480169e+00 1.465276157380337096e+01 -2.188301787738735271e+01 3.284974843898621266e+00 2.351825894140931794e+00 -1.840784975794589684e+01 1.793563490311511899e+01 -4.290308217337888141e-01 -5.492605380306653240e-01 -3.955615441376790553e+00 1.713478517220489650e+01 -1.747847890302234575e+01 2.465658462485412539e+00 1.793464850716176118e+00 3.985016543826878088e+00
-5.227301002489562087e+00 1.576498869954025928e+01 -2.115247077338999304e+01 4.237771445213632582e+00 3.183908205378015666e+00 -1.838532738236334652e+01 1.800098405412070690e+01 2.251534511600224997e-01 3.325857404769808623e-01 -4.092229771355127887e+00 1.824701229794173329e+01 -1.674793179902497187e+01 3.418455063800416749e+00 2.625547161953263764e+00 2.855449477721546003e+00
9.667668166081075753e+01 1.391727910597871869e+02 7.260133166799764126e+01 1.016626982966424180e+02 1.425625583443998323e+02 -1.665777851481894345e+02 1.226179285606424543e+02 8.979869804463001515e+01 2.085187637050267995e+01 5.820417056338722261e+01 1.416548146581885419e+02 7.700587064236283652e+01 1.008433819152290738e+02 1.420041973009751075e+02 -6.424071458664110423e+01
9.664206628901987983e+01 1.392061888284732447e+02 7.256747488519629030e+01 1.016513300101576789e+02 1.425761324254527835e+02 -1.665910399037581726e+02 1.226391543551201266e+02 8.980363048401648030e+01 2.081467466729623794e+01 5.820740199974637363e+01 1.416882124268745997e+02 7.697201385956148556e+01 1.008320136287443347e+02 1.420177713820280587e+02 -6.427932051247350387e+01
9.660533297193141777e+01 1.392398601949444128e+02 7.253777063605406283e+01 1.016582364493474131e+02 1.425860281542288135e+02 -1.666147180608513167e+02 1.226353949899862386e+02 8.980737376976779274e+01 2.078470522113597241e+01 5.822255564214373891e+01 1.417218837933457394e+02 7.694230961041925809e+01 1.008389200679340689e+02 1.420276671108040887e+02 -6.431292208759465723e+01
