3.786201790500839603e+00 6.140384672814787947e+00 1.555162872258609719e+00 4.387874302992348596e+00 7.792205229738283778e-01 3.770355683560595583e+00 3.634667824589024487e+00 5.811268726938108919e+00 7.389105121004007071e-01 4.425032430132459282e+00 1.547545098682934883e+00 4.249700531447000884e+00 5.421110383291408930e+00 1.692756051408586204e+00 2.090720834301221520e-01
3.759360563477174733e+00 6.156353234649601269e+00 1.544444991261997746e+00 4.380286833274420921e+00 7.633121217345107956e-01 3.783082353976031875e+00 3.638765299649382445e+00 5.833127447556404555e+00 7.304289984009189052e-01 4.443155817318465317e+00 1.563513660517748205e+00 4.238982650450388689e+00 5.413522913573481254e+00 1.676847650169268622e+00 2.282688377966140825e-01
1.112521808263072742e+01 -7.832949836582718817e-01 9.114213498700047822e+00 1.035208676226197966e+01 4.542205022027203221e+00 -9.499843136700203416e-01 4.195184977471615007e+00 3.077044252629483889e+00 2.166127202129010776e+00 5.099035522520377839e+00 -5.376134557790123836e+00 1.180875115788844454e+01 1.138532284256103466e+01 5.455740550461960936e+00 -7.460384659186229506e+00
1.096413814295009814e+01 -9.042532173342646695e-01 9.287436650461293297e+00 1.017396601585871352e+01 4.379004286192478723e+00 -1.205975819605081156e+00 3.996054044267453698e+00 3.083008755089064579e+00 2.184027674740766756e+00 5.446471087364017194e+00 -5.497092791466116957e+00 1.198197430964969001e+01 1.120720209615776852e+01 5.292539814627237327e+00 -7.331555639435078042e+00
1.103838025043756410e+01 -8.778579323817650160e-01 9.226740785350967755e+00 1.023492213610743029e+01 4.351143998232980259e+00 -1.210200022187406743e+00 3.998661353437390709e+00 3.086310961964823907e+00 2.185300240804622263e+00 5.429730990399288970e+00 -5.470697506513617192e+00 1.192127844453936447e+01 1.126815821640648707e+01 5.264679526667737974e+00 -7.397412129317051388e+00
1.102201213302375216e+01 -8.828569071423860715e-01 9.226453192092069600e+00 1.023595887904036239e+01 4.380489888302105506e+00 -1.254118936548393348e+00 3.955540919867130967e+00 3.134972399892665518e+00 2.127788931500019132e+00 5.476777343852351265e+00 -5.475696481274238359e+00 1.192099085128046632e+01 1.126919495933941917e+01 5.294025416736864109e+00 -7.390493534777403895e+00
1.101721530912995561e+01 -8.810844932655244044e-01 9.220243156251859418e+00 1.024214981409394021e+01 4.384665688308944098e+00 -1.276621078762558925e+00 3.933445921180904747e+00 3.157175830218111656e+00 2.099890833164080650e+00 5.501092029619695012e+00 -5.473924067397376803e+00 1.191478081544025613e+01 1.127538589439299876e+01 5.298201216743702702e+00 -7.393160150890358828e+00
1.066178109339674762e+01 -8.372029958158686558e-01 9.118151912251377667e+00 1.034620280146320503e+01 4.515992003584852199e+00 -1.960202796293744942e+00 3.248238567022909251e+00 3.797252881733852448e+00 1.236160924521831683e+00 6.302080419396603794e+00 -5.430042569947723052e+00 1.181268957143977616e+01 1.137943888176226537e+01 5.429527532019613467e+00 -7.353910792576986211e+00
6.723783558006946492e+00 2.741253692754948901e+00 6.231419164825260815e+00 1.241000668018126873e+01 2.568092959485270832e+00 -3.232441689091162473e+00 2.018532733058017392e+00 1.392100603292501404e+00 2.652264357796012550e+00 2.775286653830845829e+00 -1.851585881376896836e+00 8.925956824013667301e+00 1.344324276048032729e+01 3.481628487920029436e+00 -9.248857616312228913e+00
6.608920271075848341e+00 2.850334492663976427e+00 6.221720961394608729e+00 1.250271657596177910e+01 2.510634861645143268e+00 -3.202168781866329361e+00 1.994190687318869948e+00 1.469441059192376109e+00 2.689264052742060596e+00 2.793516549524990733e+00 -1.742505081467868866e+00 8.916258620583015215e+00 1.353595265626083943e+01 3.424170390079901427e+00 -9.251430018465081062e+00
6.584065146408912383e+00 2.873295719200559706e+00 6.232945453386706802e+00 1.251014257821963760e+01 2.511280102490642818e+00 -3.191247249746236747e+00 1.975574672790637587e+00 1.499961756436390070e+00 2.718527565189054584e+00 2.811615633992023078e+00 -1.719543854931285365e+00 8.927483112575114177e+00 1.354337865851869793e+01 3.424815630925400978e+00 -9.259786562596392656e+00
5.977073800317308283e+00 3.454168293966256797e+00 6.285651639416619751e+00 1.256402126405525266e+01 2.578994169331219943e+00 -3.040350883494973733e+00 1.855448497597252722e+00 1.913323685932475815e+00 3.181252839491719442e+00 2.993426594910466587e+00 -1.138671280165588051e+00 8.980189298605026238e+00 1.359725734435431299e+01 3.492529697765977659e+00 -9.341003567142477593e+00
5.931894284305599285e+00 3.504906569800330551e+00 6.252602694112288972e+00 1.259820967976388850e+01 2.545029024489129377e+00 -3.030836746071101651e+00 1.890344673865208991e+00 1.945564411755321466e+00 3.183006896003639064e+00 2.975755420231096515e+00 -1.087933004331514075e+00 8.947140353300694571e+00 1.363144576006294884e+01 3.458564552923887092e+00 -9.305041899039716569e+00
6.013859250612886953e+00 3.425416157423629926e+00 6.244898788069935591e+00 1.252599964281245803e+01 2.616983088722559803e+00 -3.054128616379387928e+00 1.856047077590520455e+00 1.918509370365298672e+00 3.133909843860459787e+00 2.936431711228403962e+00 -1.167423416708214701e+00 8.939436447258341190e+00 1.355923572311151659e+01 3.530518617157317518e+00 -9.375351433994271844e+00
6.884310227403613425e+00 2.504714053604234270e+00 6.642630836523430560e+00 1.200481032940043136e+01 3.140297631784795485e+00 -3.185363360607001759e+00 1.184898535030687761e+00 1.436429609868325574e+00 2.868980641206245519e+00 2.850171681318930617e+00 -2.088125520527609691e+00 9.337168495711837934e+00 1.303804640969948814e+01 4.053833160219554088e+00 -9.992549155247388626e+00
6.999769757628029332e+00 2.388778556533470709e+00 6.619669317484263793e+00 1.188539430629207772e+01 3.255886861793714004e+00 -3.139550581083593972e+00 1.207305397776516465e+00 1.458339183232638447e+00 2.886597407459420062e+00 2.839622227064573678e+00 -2.204061017598373251e+00 9.314206976672670280e+00 1.291863038659113450e+01 4.169422390228472608e+00 -1.009120551376234864e+01
7.327128961098831716e+00 2.061715624317283613e+00 6.454225412042319476e+00 1.162713422190731372e+01 3.498217401565451468e+00 -2.949439370189899545e+00 1.380240524140032843e+00 1.480734324589112472e+00 2.952743190329225165e+00 3.050408586068496852e+00 -2.531123949814559904e+00 9.148763071230726851e+00 1.266037030220637227e+01 4.411752930000210959e+00 -1.032959733851961026e+01
8.157596797233440000e+00 1.228185522630351745e+00 6.422563248212244780e+00 1.079777798405145006e+01 4.323180715238821747e+00 -3.029474737689835440e+00 1.431748489047990569e+00 1.349551049375865563e+00 2.816258579487909142e+00 2.932010709823934747e+00 -3.364654051501489995e+00 9.117100907400658372e+00 1.183101406435052105e+01 5.236716243673587456e+00 -1.115382950613907020e+01
8.167116265665818275e+00 1.218038842798049748e+00 6.412645021190853001e+00 1.078669386594573432e+01 4.332508013434622107e+00 -3.017446213360357454e+00 1.426131097049879060e+00 1.357326871595817108e+00 2.813498227943097785e+00 2.935403262006948122e+00 -3.374800731333791770e+00 9.107182680379267481e+00 1.181992994624480531e+01 5.246043541869386928e+00 -1.116429594401988723e+01
8.085072274594111263e+00 1.300440945269693449e+00 6.419804729528900467e+00 1.085793934687818130e+01 4.245820370773405017e+00 -3.004640980597619748e+00 1.391428148360304817e+00 1.388366372430269946e+00 2.798507718454767534e+00 2.956743426807249442e+00 -3.292398628862148069e+00 9.114342388717313170e+00 1.189117542717725051e+01 5.159355899208170726e+00 -1.108575591014131234e+01
8.028652152223415328e+00 1.355462809851985861e+00 6.415289532460604072e+00 1.090764608156113091e+01 4.186598459530732619e+00 -2.983675639719365780e+00 1.367617763871674663e+00 1.418874556018024258e+00 2.786733024435266159e+00 2.968171216985412197e+00 -3.237376764279855212e+00 9.109827191649017664e+00 1.194088216186019835e+01 5.100133987965498328e+00 -1.103080009734752487e+01
8.390491451761263875e+00 1.016854357935194741e+00 6.326736321603695146e+00 1.060104487586957056e+01 4.535711117040126084e+00 -2.983357663562992368e+00 1.482966884561869314e+00 1.262986774912154164e+00 2.908951267260282414e+00 2.845160266845300878e+00 -3.575985216196646110e+00 9.021273980792107849e+00 1.163428095616863622e+01 5.449246645474891793e+00 -1.137063485167918131e+01
8.367661408440666193e+00 1.037566064997519799e+00 6.327329778284703998e+00 1.062654336306487046e+01 4.509535668119974972e+00 -2.982165997924786538e+00 1.495366674878379598e+00 1.259893090439792251e+00 2.910556533481745589e+00 2.840837021877362645e+00 -3.555273509134321053e+00 9.021867437473115814e+00 1.165977944336393612e+01 5.423071196554740681e+00 -1.134510286393822831e+01
8.348601189727077099e+00 1.053815961565150339e+00 6.326466592968348124e+00 1.064849921112706177e+01 4.487605081804413309e+00 -2.979006966018256986e+00 1.508462014435856036e+00 1.256654607719870365e+00 2.911961452445081644e+00 2.835763744837685785e+00 -3.539023612566689625e+00 9.021004252156760828e+00 1.168173529142612566e+01 5.401140610239179907e+00 -1.132323580632534110e+01
8.780177024095001670e+00 7.438300941393786170e-01 6.434179406131220524e+00 1.028993616179951154e+01 4.861229389649567523e+00 -3.421950027527320248e+00 1.479755915233193830e+00 1.029080089087795136e+00 3.174318719107698250e+00 2.655691375401849186e+00 -3.849009479992460570e+00 9.128717065319632340e+00 1.132317224209857542e+01 5.774764918084334120e+00 -1.171404224186969678e+01
8.758548043352238466e+00 7.769883558641188515e-01 6.434566704659553160e+00 1.032789581378359856e+01 4.824169983619756685e+00 -3.391563617439446343e+00 1.448186319760002672e+00 1.064838275256148270e+00 3.151728979868890779e+00 2.654375221732690804e+00 -3.815851218267720668e+00 9.129104363847964976e+00 1.136113189408266244e+01 5.737705512054523282e+00 -1.168154175593167921e+01
8.750082885030188606e+00 7.680153150893342939e-01 6.467573837950754800e+00 1.030328553688037019e+01 4.848234929983533448e+00 -3.427849383356256219e+00 1.490324452248237286e+00 1.022902704191525292e+00 3.169335192167544335e+00 2.669046195815082179e+00 -3.824824259042507002e+00 9.162111497139164840e+00 1.133652161717943230e+01 5.761770458418300045e+00 -1.168201534513726081e+01
8.738924365625562629e+00 9.078710051117587776e-01 6.327681505220774660e+00 1.051588318809925049e+01 4.645656302063506438e+00 -3.164166765783156254e+00 1.197476256514850457e+00 1.318551516272860269e+00 3.031126831879766392e+00 2.600938156032770898e+00 -3.684968569020081741e+00 9.022219164409184700e+00 1.154911926839831438e+01 5.559191830498273035e+00 -1.159337574959928219e+01
6.707759942399519559e+00 2.934114515048555916e+00 8.028773983612069287e+00 1.224404928358559985e+01 2.831284466000070665e+00 -2.916689630805933575e+00 1.097418777221223163e+00 1.815398896558793718e+00 2.548088537512160912e+00 3.013355980704148340e+00 -1.658725059083280495e+00 1.072331164280049265e+01 1.327728536388467262e+01 3.744819994434836374e+00 -9.577138629172562645e+00
6.726772755731092346e+00 2.921884764206398533e+00 8.042402326509535015e+00 1.226319073283396932e+01 2.800552999053336212e+00 -2.903803616130731236e+00 1.070814104450444226e+00 1.790934355189671034e+00 2.532449148441228814e+00 2.995172393703124936e+00 -1.670954809925437656e+00 1.073693998569795838e+01 1.329642681313304209e+01 3.714088527488101477e+00 -9.545821736574520600e+00
