4.648532325664462839e+00 4.512945779121124268e+00 2.302534482074755751e+00 1.724400677798328507e+00 5.401828394914270248e+00 4.806040507640258141e+00 6.708831971222491974e-01 2.083335141947971536e+00 6.007761219002768271e+00 3.941896491875200859e+00 3.357566138448510706e+00 4.041766576779169284e+00 1.835754072109023971e+00 2.613979987515267833e+00 4.848261558983050890e+00
3.811441260987507462e+00 4.197858442226866771e+00 8.878447977648740164e-02 1.033980641401024858e+00 5.514097580109280194e+00 2.152707452861450932e+00 1.598363080718032903e+00 3.164488446710975733e+00 6.094995612889715808e+00 6.713595763623612100e+00 3.042478801554253209e+00 1.828016574480900047e+00 1.145334035711720100e+00 2.726249172710278224e+00 4.396604307989015581e+00
4.002890182025081955e+00 4.337860460223961212e+00 -2.649985612936440749e-01 1.385269073616261615e+00 5.832764180859511427e+00 1.933566223568785825e+00 1.714598908334446170e+00 3.226055706595486683e+00 6.215965150564419339e+00 6.530149790714287583e+00 3.182480819551348095e+00 1.474233533410768571e+00 1.496622467926957301e+00 3.044915773460509900e+00 4.672088942788457544e+00
-2.610421969068830172e+00 1.277042429258088951e+01 -6.314679804562761234e+00 7.875068787599336595e+00 1.257887061400156625e+01 -4.471060028243542206e+00 -4.078900019707779379e+00 8.207200557421483467e+00 -3.671439509754312880e-01 1.457333594177144320e+01 1.161504465190828483e+01 -4.575447709858350365e+00 7.986422181910035611e+00 9.791022206602562505e+00 1.138392821258061360e+01
-2.271735929002193899e+00 1.175854837451905865e+01 -6.299315782957822130e+00 8.234197555254135992e+00 1.267709352254742505e+01 -4.332404049123812051e+00 -3.650985878599669832e+00 7.495586230114288817e+00 2.786299754888585944e-01 1.394518681350123934e+01 1.060316873384645575e+01 -4.560083688253412149e+00 8.345550949564835008e+00 9.889245115148419529e+00 1.099250372210413218e+01
-2.250787408827373604e+00 1.174851574825031086e+01 -6.284727979788596208e+00 8.236282604152229680e+00 1.267818949953808527e+01 -4.335032272191707392e+00 -3.655657462612707409e+00 7.509984678295720251e+00 2.574181600000504111e-01 1.396273315334403975e+01 1.059313610757771151e+01 -4.545495885084184451e+00 8.347635998462932250e+00 9.890341092139076196e+00 1.100389246922228459e+01
-2.279274495286946145e+00 1.177977948930456087e+01 -6.292122013228346411e+00 8.212210894155054675e+00 1.266790883857477290e+01 -4.300703217990837324e+00 -3.676194134467647867e+00 7.470053964377005862e+00 2.892872148334900140e-01 1.394719127927506364e+01 1.062439984863196507e+01 -4.552889918523938206e+00 8.323564288465751915e+00 9.880060431175762048e+00 1.097499585133854083e+01
-2.270456297017088509e+00 1.178203618403935238e+01 -6.282739419412730619e+00 8.206926751815720067e+00 1.266686311031261170e+01 -4.292030951718729170e+00 -3.687866206918330114e+00 7.468359667298447135e+00 2.828645212523261954e-01 1.395680936511845971e+01 1.062665654336675658e+01 -4.543507324708321526e+00 8.318280146126417307e+00 9.879014702913602619e+00 1.097519972165611435e+01
-2.898886536411815484e+00 1.266981102966940931e+01 -6.687953985344087471e+00 8.018318123718287893e+00 1.262111333616446451e+01 -3.983471315829894888e+00 -3.814143656737932542e+00 6.871304980517141558e+00 1.056963929375930977e+00 1.334594581342790320e+01 1.151443138899681884e+01 -4.948721890639677490e+00 8.129671518028985133e+00 9.833264928765451884e+00 1.080371055735609787e+01
-3.124120181832729770e+00 1.306398644999936920e+01 -6.974879498455687887e+00 7.670366331502894042e+00 1.235887443789465223e+01 -4.029536640179902207e+00 -3.895148349720648717e+00 7.065245721628302000e+00 8.255167073259164212e-01 1.360033535520065939e+01 1.190860680932677873e+01 -5.235647403751277018e+00 7.781719725813591282e+00 9.571026030495639603e+00 1.054149021434588107e+01
-3.181682918522552139e+00 1.312776649396016992e+01 -7.005320253236056338e+00 7.608447939147912287e+00 1.233363064326254310e+01 -4.030181448350163009e+00 -3.893283800823136076e+00 7.087451851932509150e+00 8.085232003570623771e-01 1.361381572928044648e+01 1.197238685328757768e+01 -5.266088158531646357e+00 7.719801333458609527e+00 9.545782235863528697e+00 1.047624097166485768e+01
1.935491974197140053e+01 -1.701529335930865017e+01 1.199258461718671143e+01 3.622566018669824928e+01 2.680818181109743392e+01 -5.006214418086578632e+00 -5.145724687956988674e+00 -2.290488719323341194e+00 9.507574442551478100e+00 9.021697302814144948e+00 -1.817067299998123531e+01 1.373181671189115072e+01 3.633701358100892520e+01 2.402033340369840175e+01 4.082822178254208723e+01
1.671874447724406920e+01 -1.681663613868425244e+01 9.806078845391752452e+00 3.928534171097042105e+01 2.373117178513076553e+01 -5.503166420220166444e+00 -6.610176796670549138e+00 -2.396122498484296148e+00 9.634725696488130708e+00 8.976423953611714524e+00 -1.797201577935683758e+01 1.154531094009618997e+01 3.939669510528106855e+01 2.094332337773174046e+01 4.356536537770007556e+01
1.648909017953440426e+01 -1.700071821755634005e+01 9.706501268456197096e+00 3.934896930925746261e+01 2.367265228565600310e+01 -5.333560475233215747e+00 -6.807179916520414764e+00 -2.219650286936592831e+00 9.448491992094272263e+00 8.837239758956734192e+00 -1.815609785822892874e+01 1.144573336316063283e+01 3.946032270356811011e+01 2.088480387825697804e+01 4.359356556852196007e+01
1.546205632494466009e+01 -1.832915976408104441e+01 8.090488650397187342e+00 4.034177043794318962e+01 2.265730191956645712e+01 -4.619332756648233840e+00 -7.605953742963977859e+00 -1.135880149488333712e+00 8.282384479159258461e+00 8.044809049317919403e+00 -1.948453940475364021e+01 9.829720745101626633e+00 4.045312383225383712e+01 1.986945351216742495e+01 4.402643555747473414e+01
1.561551433403236189e+01 -1.809318319567016431e+01 8.332729826659997840e+00 4.037418307059873968e+01 2.269230556190887427e+01 -4.528545430893583301e+00 -7.548262210262762117e+00 -8.949381947453733943e-01 8.606357168597051910e+00 8.057342323017115504e+00 -1.924856283634276011e+01 1.007196192136443536e+01 4.048553646490938007e+01 1.990445715450984210e+01 4.370477324202023794e+01
1.589338147145168278e+01 -1.758637277637137686e+01 8.940033722185763310e+00 4.045148873889242225e+01 2.263341819995205029e+01 -4.492546696074493973e+00 -7.453618897804530796e+00 -6.243088876424924827e-01 9.243540351432763202e+00 8.042214397828985284e+00 -1.874175241704397621e+01 1.067926581689020082e+01 4.056284213320306264e+01 1.984556979255302167e+01 4.304703643571090055e+01
1.617035792787730486e+01 -1.756487976414409502e+01 9.050661808665813268e+00 4.038814175292413466e+01 2.269586993251659734e+01 -4.514056709059479644e+00 -7.164401984548436353e+00 -4.369936302171671949e-01 9.527756857984400085e+00 8.041211844606431569e+00 -1.872025940481669437e+01 1.078989390337025078e+01 4.049949514723477506e+01 1.990802152511757583e+01 4.275635603639231874e+01
1.867781159459149620e+01 -1.782992109677089942e+01 8.972725794947207234e+00 3.991380936425435522e+01 2.321015367203900581e+01 -4.619197842016386168e+00 -4.790079985114342520e+00 2.029496960721481003e+00 1.195634142407550016e+01 8.676879705011504740e+00 -1.898530073744350233e+01 1.071195788965164120e+01 4.002516275856499561e+01 2.042230526463997720e+01 4.032105275486856044e+01
1.867103353845402580e+01 -1.782805539159291186e+01 8.950820790571938801e+00 3.989275973301785427e+01 2.318856734769656924e+01 -4.614921114183463402e+00 -4.815730701692329419e+00 2.049353234034187121e+00 1.196005235438233960e+01 8.666554270539544191e+00 -1.898343503226551476e+01 1.069005288527637276e+01 4.000411312732849467e+01 2.040071894029754418e+01 4.031668361070745021e+01
1.865774826012189891e+01 -1.781847822530238190e+01 8.933122713472704035e+00 3.986230781691509861e+01 2.316211415977566546e+01 -4.610206789989650389e+00 -4.842501599370500287e+00 2.071457886162873852e+00 1.196119608117531818e+01 8.649159846284378617e+00 -1.897385786597498480e+01 1.067235480817713977e+01 3.997366121122573901e+01 2.037426575237662973e+01 4.031379714150298099e+01
1.866535193218123823e+01 -1.783188234876288547e+01 8.923859761131204493e+00 3.987503516182648866e+01 2.316956317675179733e+01 -4.612558963817582125e+00 -4.840042110341514991e+00 2.066662457568106515e+00 1.196404869148296868e+01 8.655927037707503047e+00 -1.898726198943548837e+01 1.066309185583564023e+01 3.998638855613712906e+01 2.038171476935276516e+01 4.031459249844547799e+01
1.867922410137004618e+01 -1.785588071105386376e+01 8.921816815784016086e+00 3.990591418768174492e+01 2.318979381072592005e+01 -4.617778369638738667e+00 -4.827618044344593962e+00 2.047172449163505270e+00 1.196702372262371661e+01 8.674503427750890339e+00 -1.901126035172646667e+01 1.066104891048844650e+01 4.001726758199239953e+01 2.040194540332685946e+01 4.031929062090711824e+01
1.867381670176251518e+01 -1.783658446526242258e+01 8.754542394314141163e+00 3.979083595083534419e+01 2.306095791290918839e+01 -4.590999582713923388e+00 -4.932486984000456154e+00 2.209965005836435736e+00 1.200619689523582601e+01 8.623110297903563648e+00 -1.899196410593503259e+01 1.049377448901857157e+01 3.990218934514599169e+01 2.027310950551012780e+01 4.027022547338750513e+01
1.866239093771867630e+01 -1.779853587956380423e+01 8.743885395799392057e+00 3.974959858062067752e+01 2.303337220801491725e+01 -4.586273831380102806e+00 -4.932990511098620523e+00 2.239228830899649747e+00 1.200644906892006603e+01 8.591336020044940014e+00 -1.895391552023641424e+01 1.048311749050382247e+01 3.986095197493132503e+01 2.024552380061585666e+01 4.026752666285943150e+01
1.863527136598239409e+01 -1.770391406408343116e+01 8.748274966270267683e+00 3.965513699111880186e+01 2.297968542971834438e+01 -4.573532016347630069e+00 -4.935226767029873507e+00 2.287632561723239810e+00 1.200571017830250042e+01 8.518450895540688350e+00 -1.885929370475604117e+01 1.048750706097469809e+01 3.976649038542944226e+01 2.019183702231928379e+01 4.026123504702240297e+01
1.815652653374025505e+01 -1.641589278072966351e+01 9.231767800267165924e+00 3.836135402546653950e+01 2.223080320833302537e+01 -4.331620988426323926e+00 -5.113723568605922587e+00 2.636161514784165050e+00 1.201328176685354698e+01 7.653729435661422720e+00 -1.757127242140226642e+01 1.097099989497159278e+01 3.847270741977717279e+01 1.944295480093396122e+01 4.023223780479585798e+01
1.836424846886966833e+01 -1.642662722795468255e+01 9.348616135958462081e+00 3.820079114175743484e+01 2.213279421114535594e+01 -4.273821027703066378e+00 -5.258891798402430595e+00 2.517109013675703277e+00 1.193238988357216535e+01 7.562474372523352528e+00 -1.758200686862728546e+01 1.108784823066288894e+01 3.831214453606806813e+01 1.934494580374629180e+01 4.038012361403503547e+01
1.771546149849304186e+01 -1.632995165744868871e+01 9.189086395369756133e+00 3.849930996501072400e+01 2.213662662174737150e+01 -4.209095962308017747e+00 -4.893201958726371537e+00 3.049931709567448745e+00 1.221686342582920126e+01 7.627987775131547465e+00 -1.748533129812129161e+01 1.092831849007418477e+01 3.861066335932135729e+01 1.934877821434830381e+01 3.976888670631454659e+01
1.801285856108406946e+01 -1.644057550083705976e+01 9.513314982525503893e+00 3.816119036023645350e+01 2.199987725604446354e+01 -4.284521790376727424e+00 -4.858141004877396973e+00 2.973171152153447405e+00 1.248587581442708228e+01 7.262501531254855536e+00 -1.759595514150966267e+01 1.125254707722993608e+01 3.827254375454708679e+01 1.921202884864540295e+01 3.987314368483550453e+01
