2.340462481875131395e+00 4.482122903517845813e+00 1.884781199657184825e+00 4.474814076712025468e+00 8.379341145911174404e-01 3.289302092151014989e+00 5.333242246343488979e+00 4.061117738609668848e+00 3.594196321145387341e+00 7.304955587284072127e-01 3.762990231671878405e+00 7.867810582862659885e-01 7.557277339501997648e-01 6.114220586627110876e+00 1.978839844028742689e+00
2.320027256457025899e+00 4.500628376077155046e+00 1.886796923783210955e+00 4.488828426401478389e+00 8.185355048973375069e-01 3.299345970765731551e+00 5.339655820316481893e+00 4.044234001942119683e+00 3.598951914087544779e+00 7.406023990828026760e-01 3.781495704231187638e+00 7.887967824122921190e-01 7.697420836396525745e-01 6.094821976933330276e+00 1.959577145046512481e+00
2.301341771243871293e+00 4.527630171985678409e+00 1.907211762396881394e+00 4.461581099230976122e+00 8.205787706051901331e-01 3.267761638119493384e+00 5.341283377629717499e+00 4.048911144420956454e+00 3.593564346261098663e+00 7.596216988669175496e-01 3.808497500139711001e+00 8.092116210259625575e-01 7.424947564691496416e-01 6.096865242641182903e+00 1.952492838538942843e+00
2.305704532659048400e+00 4.472345130191234475e+00 1.798582083946463905e+00 4.703540697122027936e+00 7.136734716564097081e-01 3.513501166248163443e+00 5.369725566464038202e+00 3.904868314634228899e+00 3.645465394855593733e+00 7.012117813632163799e-01 3.753212458345267510e+00 7.005819425755450691e-01 9.844543543602021218e-01 5.989959943692403144e+00 1.892513956353481186e+00
2.315737352277461802e+00 4.485704212985768713e+00 1.776771697449212262e+00 4.688033540980320879e+00 7.420673041931507008e-01 3.496140128355105237e+00 5.391765901669975491e+00 3.882193081957055369e+00 3.603416117000179053e+00 6.834329782383301577e-01 3.766571541139801305e+00 6.787715560782932034e-01 9.689471982184953980e-01 6.018353776229144358e+00 1.897513569020298663e+00
2.331704174306033384e+00 4.473183576670606953e+00 1.765401917353762062e+00 4.688249391304000646e+00 7.495859608752695191e-01 3.494768976258172621e+00 5.390127631536230091e+00 3.890500772516334305e+00 3.600003875190632474e+00 6.764248691637063660e-01 3.754050904824639545e+00 6.674017759828421159e-01 9.691630485421752761e-01 6.025872432911262955e+00 1.909616759670563768e+00
2.345930668759674820e+00 4.459043984153891138e+00 1.754531106057064527e+00 4.692167628883665564e+00 7.524482792051163660e-01 3.497648867692405794e+00 5.387265195351621294e+00 3.899038262506630659e+00 3.599997334594913223e+00 6.697480782491986862e-01 3.739911312307924174e+00 6.565309646861449133e-01 9.730812861218404164e-01 6.028734751241110246e+00 1.919814492909776238e+00
2.358110492241606959e+00 4.378606007935596622e+00 1.783061065109519783e+00 4.759499085651571093e+00 6.825806567853075491e-01 3.586035972363381674e+00 5.320440147448688428e+00 3.962556156323491230e+00 3.728880172208895338e+00 7.122309163282036781e-01 3.659473336089629214e+00 6.850609237386001693e-01 1.040412742889746278e+00 5.958867128821300874e+00 1.941193522050128406e+00
2.359464598339898078e+00 4.419524160525802436e+00 1.661154516145024074e+00 4.750742114473817779e+00 7.588299099551373272e-01 3.578077694174973455e+00 5.411830358565152821e+00 3.867435319625469603e+00 3.606419547491046984e+00 6.485568430252331984e-01 3.700391488679835472e+00 5.631543747741044603e-01 1.031655771711992742e+00 6.035116381991130652e+00 1.944642056890408810e+00
2.365406323234520158e+00 4.400582113918615867e+00 1.661742791044999557e+00 4.758489338435302862e+00 7.476459660940034668e-01 3.596445695244211205e+00 5.401887688050570624e+00 3.873444960716879937e+00 3.621325669265234026e+00 6.534335069283148112e-01 3.681449442072649347e+00 5.637426496740799431e-01 1.039402995673478047e+00 6.023932438129996569e+00 1.948609825768195192e+00
2.366011261053375225e+00 4.383286953880890735e+00 1.672303460803170383e+00 4.761472582844527679e+00 7.345336393204393577e-01 3.617366228688063678e+00 5.389665071018348463e+00 3.876103605103929706e+00 3.639352265723610813e+00 6.632248352420027082e-01 3.664154282034924215e+00 5.743033194322509916e-01 1.042386240082703308e+00 6.010820111356432349e+00 1.949485392410712059e+00
2.362118474244702337e+00 4.364094570576178889e+00 1.699005333692751307e+00 4.758106134827889910e+00 7.168328776810133363e-01 3.641939388952839973e+00 5.369931079527010986e+00 3.877935034020354887e+00 3.667317471883641211e+00 6.823246982971021835e-01 3.644961898730211924e+00 6.010051923218319159e-01 1.039019792066065762e+00 5.993119349717006550e+00 1.947520000123938333e+00
2.374438811978112351e+00 4.438018797614395439e+00 1.495310183300048834e+00 4.814163164317012189e+00 7.939600407691688178e-01 3.591139642326262038e+00 5.515674846395267394e+00 3.822670569958217968e+00 3.468558911223753149e+00 5.255555126213582451e-01 3.718886125768427586e+00 3.973100419291298868e-01 1.095076821555187596e+00 6.070246512805161920e+00 1.955333701772820731e+00
2.387123882413821452e+00 4.427756195878862933e+00 1.493195545150769243e+00 4.818036539970187881e+00 7.910632808245525727e-01 3.587576993213263954e+00 5.507177204086137756e+00 3.835668998762286730e+00 3.481386992174169581e+00 5.340928398080642125e-01 3.708623524032895080e+00 3.951954037798503516e-01 1.098950197208363289e+00 6.067349752860545564e+00 1.958484845222994597e+00
2.396594364367002683e+00 4.423307015242775364e+00 1.479526243695040044e+00 4.829700131814240294e+00 7.868284736594528539e-01 3.587218549784990884e+00 5.513752663180622626e+00 3.843423894643060112e+00 3.483732291094869815e+00 5.263373366900520045e-01 3.704174343396807512e+00 3.815261023241212635e-01 1.110613789052416145e+00 6.063114945695446067e+00 1.959143615025110030e+00
2.403415804822722546e+00 4.422604192181239569e+00 1.459147500657004493e+00 4.847930227923313851e+00 7.803880629201870311e-01 3.589277140577121994e+00 5.529254681886594192e+00 3.849867917712689991e+00 3.482510147677033263e+00 5.108588604751815865e-01 3.703471520335271272e+00 3.611473592860854342e-01 1.128843885161489702e+00 6.056674534956180800e+00 1.958909461831278787e+00
2.406289571981256703e+00 4.424938798073576152e+00 1.442034103709295190e+00 4.866281187956554177e+00 7.733108890978644956e-01 3.592741320620432166e+00 5.545483013320374965e+00 3.856208186821909578e+00 3.483061843730119733e+00 4.982503057172935623e-01 3.705806126227607855e+00 3.440339623383760759e-01 1.147194845194729584e+00 6.049597361133858264e+00 1.958778704837077056e+00
2.413087476359921713e+00 4.429715296738001129e+00 1.330580438242025876e+00 4.983259529205685823e+00 7.248956298777368135e-01 3.645567575286201567e+00 5.648417361282658256e+00 3.877703597708785033e+00 3.472192317721698451e+00 4.084640070964872249e-01 3.710582624892032833e+00 2.325802968711068175e-01 1.264173186443861008e+00 6.001182101913730804e+00 1.960542158486171971e+00
2.396859240710588868e+00 4.453866032645476203e+00 1.366884593870656861e+00 4.952113033932035613e+00 7.420915193282507927e-01 3.619711180311144361e+00 5.637742858050947881e+00 3.874138329470134146e+00 3.469712770397663792e+00 4.233452082947888329e-01 3.734733360799507018e+00 2.688844524997371366e-01 1.233026691170212352e+00 6.018377991364245005e+00 1.959612761541155157e+00
2.388344860351770738e+00 4.468447142557585572e+00 1.387995743552930206e+00 4.939647996212864989e+00 7.487573600589144673e-01 3.606218929783501004e+00 5.633815887228949215e+00 3.879022590257685366e+00 3.476234769069194375e+00 4.380823420276681035e-01 3.749314470711616831e+00 2.899956021820103147e-01 1.220561653451041950e+00 6.025043832094908680e+00 1.959862008710453463e+00
2.384562145209165429e+00 4.477734095408800741e+00 1.406688271497449128e+00 4.927028463231068578e+00 7.547327008127759917e-01 3.591356891286555442e+00 5.626251604385281269e+00 3.885432591978318584e+00 3.484716531284548502e+00 4.548851558409259255e-01 3.758601423562832000e+00 3.086881301265292921e-01 1.207942120469245983e+00 6.031019172848770538e+00 1.959620887504241793e+00
2.427738159687377273e+00 4.536519347548375158e+00 -1.997651545804663309e+00 9.635202591942309880e+00 -1.313448243541195826e+00 6.937481689875876434e+00 9.335753091996918940e+00 4.223043993420557030e+00 3.076829331513940335e+00 -2.890162268726828909e+00 3.817386675702408638e+00 -3.095651687175583255e+00 5.916116249180490172e+00 3.962838228494799608e+00 1.990903835843445213e+00
2.459849805025244862e+00 4.636314097303995574e+00 -2.097219059009705067e+00 9.626419968679989836e+00 -1.299150755806596447e+00 6.838453630362644198e+00 9.393795640910697742e+00 4.246113289010296832e+00 3.070346495245499963e+00 -2.843229257230856177e+00 3.917181425458029498e+00 -3.195219200380624791e+00 5.907333625918170128e+00 3.977135716229398987e+00 1.973337468163553821e+00
2.473355706961386513e+00 4.651724336567644613e+00 -2.112407256570066227e+00 9.644623462379669832e+00 -1.316177163982400478e+00 6.848203276276300322e+00 9.386855789378197201e+00 4.244665641383207344e+00 3.073619932462261950e+00 -2.840484041037662166e+00 3.932591664721678537e+00 -3.210407397940985952e+00 5.925537119617851012e+00 3.960109308053595178e+00 1.984954041600579089e+00
2.488826797081224118e+00 4.668409095755552407e+00 -2.128903635028222663e+00 9.653714421469764773e+00 -1.324528078449428881e+00 6.852256964254915594e+00 9.386733462321833699e+00 4.250969275287980409e+00 3.069108892155784751e+00 -2.830172292691341074e+00 3.949276423909585887e+00 -3.226903776399142387e+00 5.934628078707945953e+00 3.951758393586567220e+00 1.990461659391864702e+00
2.509377828085782358e+00 4.692477329563475408e+00 -2.152967875997668035e+00 9.655007427176451884e+00 -1.325879921669328665e+00 6.855167274449395443e+00 9.389141259060105327e+00 4.268529696463220446e+00 3.053726263663073315e+00 -2.809798229438400963e+00 3.973344657717508444e+00 -3.250968017368587759e+00 5.935921084414631288e+00 3.950406550366667435e+00 1.992483409279730555e+00
2.611797648795443738e+00 4.838978714356879429e+00 -2.301413915460692738e+00 9.603122259525713744e+00 -1.286186208600698544e+00 6.882297844721672497e+00 9.373519219570527028e+00 4.414491674101176599e+00 2.917039571958181199e+00 -2.677733979581066848e+00 4.119846042510912021e+00 -3.399414056831612463e+00 5.884035916763893148e+00 3.990100263435297556e+00 1.989987601560786246e+00
2.662706041518759115e+00 4.908569078269643171e+00 -2.373410972774539829e+00 9.604075537771352700e+00 -1.296929360235258510e+00 6.901485313791770437e+00 9.349269965148327088e+00 4.453904196199028220e+00 2.865094273139497716e+00 -2.635295333857069711e+00 4.189436406423676651e+00 -3.471411114145459553e+00 5.884989195009532104e+00 3.979357111800737368e+00 1.995386529797661845e+00
3.017510591533413056e+00 5.407811295860848411e+00 -2.904786725494496125e+00 1.003094446990431088e+01 -1.751020609655966176e+00 7.111596829850784118e+00 9.143484962037785380e+00 4.445303669278423797e+00 2.810349403672145474e+00 -2.519073838391781450e+00 4.688678624014881891e+00 -4.002786866865415405e+00 6.311858127142490282e+00 3.525265862380029702e+00 2.122540654555825412e+00
3.072578507072434295e+00 5.425332754746997388e+00 -2.936298262836158912e+00 1.000959955636702325e+01 -1.749406966495222093e+00 7.101026000783450698e+00 9.170621443775392123e+00 4.452655868873438116e+00 2.833160822119123790e+00 -2.466594848723351330e+00 4.706200082901030868e+00 -4.034298404207078192e+00 6.290513213605202658e+00 3.526879505540773785e+00 2.108300648837383662e+00
