3.309724914566751330e+00 5.753017150252473400e+00 4.374879104335692048e+00 9.509138275661692674e-01 4.787162162221910044e+00 5.142022870135577683e+00 2.639076804267600274e+00 9.491486573134455540e-01 3.293455100325973994e+00 1.121685217755351127e+00 1.124962283056376577e+00 5.911724076796160965e+00 2.721302932211990377e+00 4.374075382672589107e+00 4.261237613874729213e+00
3.402582564959598432e+00 6.036478623425380441e+00 4.156254121518578870e+00 8.531337677183256085e-01 4.887388020315979631e+00 5.207697873882080053e+00 2.723580317052580746e+00 7.886014643876144703e-01 3.512704319035456990e+00 8.875643832674665612e-01 1.408423756229283619e+00 5.693099093979047787e+00 2.623522872364147052e+00 4.474301240766658694e+00 4.272177278833402703e+00
3.781878136688250791e+00 4.716610826435328363e+00 5.563726474963083923e+00 2.255415016593398381e+00 3.409349790712711936e+00 4.550814778505758440e+00 1.670238656690811174e+00 1.739464627924645956e+00 2.143728277716833386e+00 2.324026358682087068e+00 8.855595923923154089e-02 7.100571447423551064e+00 4.025804121239219491e+00 2.996263011163391887e+00 3.554035955705666883e+00
3.417458424407578299e+00 5.106398402699203309e+00 5.212288743406848113e+00 1.925809009626073598e+00 3.978415658056824178e+00 4.809702830341628932e+00 1.403681086641440645e+00 1.517769086902217124e+00 1.922836637424169215e+00 2.087162293505544497e+00 4.783435355031060432e-01 6.749133715867316141e+00 3.696198114271894486e+00 3.565328878507504573e+00 3.205931270745780548e+00
4.359822639874372463e+00 4.522449212345689418e+00 6.130634583357950973e+00 2.215914105424979574e+00 2.798661088804085928e+00 4.740809926799040674e+00 2.062361150650621422e+00 2.334220638512673140e+00 1.956822143507495282e+00 2.108443252259596168e+00 -1.056056548504081816e-01 7.667479555818419001e+00 3.986303210070801573e+00 2.385574309254767211e+00 3.947787460494522893e+00
4.437580371775433186e+00 4.466647000982921334e+00 6.278682934144675265e+00 2.197213998290548087e+00 2.633778389223093264e+00 4.581601056597810029e+00 2.187975402712233119e+00 2.397060518855367750e+00 2.003316252740076742e+00 2.191368448225941901e+00 -1.614078662131754605e-01 7.815527906605143293e+00 3.967603102936370085e+00 2.220691609673774991e+00 4.038667961084891900e+00
4.458630816758177851e+00 4.450305305198468453e+00 6.324818213310495985e+00 2.185848077451374660e+00 2.579237081401120513e+00 4.523573437562797395e+00 2.228711992935619168e+00 2.403291419946552931e+00 2.002319767601544509e+00 2.226888741883102707e+00 -1.777495619976278141e-01 7.861663185770964013e+00 3.956237182097196659e+00 2.166150301851802240e+00 4.069127034248365860e+00
4.535815322472529942e+00 4.480731656673963670e+00 5.952169553887364906e+00 2.560131807831038664e+00 2.938153725318558784e+00 5.037972800198363466e+00 2.090239320328365569e+00 2.415393723626663824e+00 2.055419413289605313e+00 1.773944013400674979e+00 -1.473232105221336796e-01 7.489014526347834710e+00 4.330520912476857553e+00 2.525066945769239624e+00 4.008186390305199964e+00
4.566696220502294068e+00 4.481398915543737260e+00 5.976028512914906443e+00 2.560222101534367134e+00 2.935767733161267934e+00 4.995221384759162220e+00 2.134536492768961846e+00 2.458188824674857109e+00 2.108725326521110777e+00 1.812037219066337634e+00 -1.466559516523575080e-01 7.512873485375379801e+00 4.330611206180179806e+00 2.522680953611946997e+00 3.972537365163535839e+00
4.114354786180030032e+00 4.486299911382704231e+00 5.897540595757960524e+00 2.327487222421101176e+00 2.966138250296519452e+00 5.245041358844366286e+00 1.664462875378915019e+00 1.989646081965735114e+00 1.621239461056398490e+00 1.609134358796474373e+00 -1.417549558133909537e-01 7.434385568218434770e+00 4.097876327066911628e+00 2.553051470747197627e+00 4.406153112221223189e+00
4.103055239509474816e+00 4.494218427945942729e+00 5.883147765189320921e+00 2.314814203558536843e+00 2.992712952542351257e+00 5.271629371060535085e+00 1.637337548212186578e+00 1.975696360016495179e+00 1.602677129021303992e+00 1.603648820932954022e+00 -1.338364392501531774e-01 7.419992737649793391e+00 4.085203308204347294e+00 2.579626172993029876e+00 4.427790588954517936e+00
4.185081606288861167e+00 4.520753519169302237e+00 5.880502873902106131e+00 2.354075958843436567e+00 3.013084352377405573e+00 5.259412729646413709e+00 1.707636307178360457e+00 2.054585667821400730e+00 1.678336438238417161e+00 1.635470284626839632e+00 -1.073013480267936137e-01 7.417347846362559061e+00 4.124465063489269667e+00 2.599997572828082415e+00 4.359430719012629574e+00
4.347129412706745022e+00 4.561476094265385584e+00 5.909306116526343189e+00 2.408689784020870750e+00 3.026212777470366877e+00 5.195723300881896378e+00 1.877570670645409612e+00 2.199352526472420077e+00 1.818846914598103437e+00 1.702711353903013647e+00 -6.657877293071023939e-02 7.446151088986796118e+00 4.179078888666704295e+00 2.613125997921043719e+00 4.214799475643099314e+00
4.833773258824590968e+00 4.711914552978532456e+00 6.283669045295638966e+00 2.218208562238524362e+00 3.029411397089602165e+00 4.640637369154474889e+00 2.733374597247474114e+00 2.426629067794549677e+00 2.166369504828068671e+00 2.065453238953796955e+00 8.385968578243269134e-02 7.820514017756075020e+00 3.988597666884345916e+00 2.616324617540285669e+00 3.837659630944641798e+00
2.933935590373994984e+00 4.741132545463011994e+00 5.792656974594791564e+00 1.366414301123601849e+00 4.886017793634641393e+00 6.415974312591388617e+00 8.892474393939859834e-01 1.008406788515814556e+00 9.436007571123929960e-01 2.460833815116574286e-01 1.130776782669132979e-01 7.329501947055229394e+00 3.136803405769422515e+00 4.472931014085324897e+00 3.419697606368304221e+00
4.268844259591026535e+00 6.852425179706924219e+00 5.860638993708206179e+00 4.337735493763658745e+00 7.766308470089233751e-01 7.922353883186921131e+00 6.847241993484631806e+00 7.325724964167704911e+00 -1.446847005128490959e-01 1.561286260160747119e+00 2.224370312510822956e+00 7.397483966168642233e+00 6.108124598409481187e+00 3.635440674596068789e-01 9.754531571380611332e-01
4.184602642730061994e+00 6.932561332206663707e+00 5.875593432360784796e+00 4.295627048120829627e+00 7.522586402278901296e-01 7.789600520636460246e+00 6.938192378553914352e+00 7.486866757664846439e+00 -2.511717218320070333e-01 1.653784593635295286e+00 2.304506465010562000e+00 7.412438404821220850e+00 6.066016152766652070e+00 3.391718606785733559e-01 8.310967318274748994e-01
3.620026967936023521e+00 7.147080229298378384e+00 5.785417106068765136e+00 3.816030999838529780e+00 2.920058693143212647e-01 7.704563250045268319e+00 6.822457329806974613e+00 7.845415106220491097e+00 -5.318723445253055182e-01 2.158296169829874600e+00 2.519025362102277121e+00 7.322262078529201190e+00 5.586420104484353999e+00 -1.210809102349953981e-01 5.835851516119340276e-01
-1.379197493920071071e+00 2.658550626600646005e+00 -1.113648893703112819e+00 1.334018006229937825e+00 9.701192095563351270e-01 9.671403511379772056e+00 6.294719377588993581e+00 7.898080246285177353e+00 -7.790009265242481273e-01 3.259945733537014778e+00 -1.969504240595464140e+00 4.231960787573401106e-01 3.104407110875758491e+00 5.570324300070188528e-01 -6.134064096198296845e+00
-2.238663488030434134e+00 3.389718697204926912e+00 -3.860761807080034247e-01 9.396326342742294946e-01 7.862764263830805955e-01 9.915213033428656786e+00 6.470125745404174289e+00 8.134647612526270777e+00 -1.536835579560642540e+00 3.318447306509393790e+00 -1.238336169991180569e+00 1.150768791752438069e+00 2.710021738920045831e+00 3.731896468337969619e-01 -5.779034944183017330e+00
-2.333326350770448698e+00 3.498551915846435545e+00 -2.770965881779241524e-01 9.204507166287552167e-01 6.821822436278424107e-01 9.982170365170816240e+00 6.467443610666888887e+00 8.095634251201753173e+00 -1.574169275647354649e+00 3.320912249769288227e+00 -1.129502951349671491e+00 1.259748384282517231e+00 2.690839821274571442e+00 2.690954640785588881e-01 -5.674099766200844108e+00
-9.072084674096752011e-01 2.054522272805577643e+00 -1.867476162877002244e+00 1.301027252327443984e+00 2.227103912352869308e+00 9.155842518500172389e+00 6.750045949654698951e+00 8.647351270296638859e+00 -1.240279758535278276e+00 3.150968410012497500e+00 -2.573532594390529837e+00 -3.306311904165586402e-01 3.071416356973260431e+00 1.814017132803585675e+00 -7.319617751202076583e+00
-3.167908151266626282e-01 1.444526942540505843e+00 -2.287471904788161314e+00 1.587449275317150521e+00 3.022512632221714846e+00 8.874298362220287117e+00 6.547791411220424962e+00 9.280026437092974589e+00 -1.076424392104118111e+00 3.059330451148668750e+00 -3.183527924655602526e+00 -7.506269323277172667e-01 3.357838379962966968e+00 2.609425852672428547e+00 -8.113387494540088341e+00
-2.896991342230987421e+00 3.137485197259000547e+00 -3.834118058797213457e-01 -3.808755551926286120e-01 2.328223827829778436e-01 9.015378196115264586e+00 9.144503403974322708e+00 6.636143622637115769e+00 -1.706197252674203524e+00 2.214119209071808925e+00 -1.490569669937107378e+00 1.153433166580721814e+00 1.389513549453190500e+00 -1.802643967663031255e-01 -5.306517189146519264e+00
-2.835957667076205446e+00 3.082413795143116975e+00 -3.297885892315732814e-01 -3.210487747436056027e-01 2.133018375168354019e-01 9.015013101574981036e+00 9.170460026006493237e+00 6.644638881853684786e+00 -1.707873362908147952e+00 2.209406060032227170e+00 -1.545641072052990728e+00 1.207056383228869878e+00 1.449340329902213398e+00 -1.997849420324454561e-01 -5.248543264749518933e+00
-2.646251150211272218e+00 2.922518527854382153e+00 -1.719955212142630363e-01 -1.375201914446065876e-01 1.636251639661703561e-01 9.015097881020714965e+00 9.262471748379981662e+00 6.655384543438728429e+00 -1.735659124207691528e+00 2.178814774127672216e+00 -1.705536339341724883e+00 1.364849451246180401e+00 1.632868913201212413e+00 -2.494616155831105575e-01 -5.066878001648417396e+00
-2.624685915163952998e+00 2.978285970939982708e+00 -2.475767699695466395e-01 -1.454160744351850609e-01 1.916723518418514405e-01 8.969673364393035087e+00 9.314205540258496896e+00 6.602548110643827961e+00 -1.917246853455750522e+00 1.989028271741656972e+00 -1.649768896256124107e+00 1.289268202490896131e+00 1.624973030210634217e+00 -2.214144277074295841e-01 -5.087003807848573977e+00
-2.422338375502694596e+00 2.822547631254186395e+00 -8.740770838205047522e-02 5.777401439898277591e-02 4.198044078793292111e-02 9.012685255598926304e+00 9.277583225903622832e+00 6.634163503320623434e+00 -1.920483145626948218e+00 1.988920604793268376e+00 -1.805507235941920197e+00 1.449437264078392351e+00 1.828163119044802443e+00 -3.711063387613486864e-01 -4.882640905255550834e+00
-2.449617551811869021e+00 2.840124953847348976e+00 -1.011606878647680896e-01 3.637666248962505289e-02 2.827452813519323871e-02 9.016638153836657565e+00 9.273921058947410145e+00 6.652798228011747916e+00 -1.920015985136116488e+00 1.986231469404617034e+00 -1.787929913348756950e+00 1.435684284595673654e+00 1.806765767135444234e+00 -3.848122514140884243e-01 -4.902080370443592017e+00
-4.401931149572729574e+00 4.971106093574677587e+00 -2.248254085195554364e+00 -2.011997597586025144e+00 7.840230444553069056e-01 8.816280948404601858e+00 8.376298006777425087e+00 6.683036398431497993e+00 -1.968853960085715116e+00 9.647112920616387477e-01 3.430512263785712168e-01 -7.114091127350790078e-01 -2.416084929401376424e-01 3.709362649060365391e-01 -6.776340299845877269e+00
