4.799458500887322288e+00 5.910181382312556408e+00 4.281077775102778205e+00 4.923360069939710648e-01 4.752862847606514229e+00 4.468980019443998586e+00 1.502765271437279004e+00 3.242403065733875239e-02 5.256230086063831131e+00 1.909528641539783189e+00 4.843274890286440204e+00 1.511540976083192378e+00 3.916186029090562570e+00 3.821407304877962652e+00 1.740463799351256835e+00
4.860698173234209385e+00 5.869161332773789930e+00 4.194601774460879895e+00 4.095447099143030845e-01 4.713278507011730234e+00 4.545361865569453208e+00 1.567693370038911960e+00 4.903790602212025618e-02 5.173230565833645933e+00 1.987340287496569990e+00 4.802254840747673725e+00 1.425064975441294068e+00 3.833394732010894757e+00 3.781822964283178656e+00 1.800586247910360482e+00
4.830852068366849217e+00 5.880009603152084985e+00 4.188307076227414605e+00 4.004097262275354563e-01 4.718459106285501470e+00 4.553419292271043695e+00 1.529704361199431650e+00 5.934667079951838620e-02 5.232587937938736999e+00 1.960070549772223725e+00 4.813103111125967892e+00 1.418770277207828112e+00 3.824259748324126740e+00 3.787003563556950336e+00 1.810268317018570716e+00
5.076137333326196099e+00 5.805262292765593024e+00 4.270987233255372217e+00 5.060507457654735974e-01 4.738205571801687555e+00 4.417129028425097914e+00 1.866605424037779848e+00 3.300464821090805245e-02 4.741663902940680408e+00 2.147803210469580115e+00 4.738355800739477708e+00 1.501450434235785503e+00 3.929900767862065880e+00 3.806750029073134645e+00 1.642689626227275657e+00
5.111032051206341187e+00 5.799549155564225345e+00 4.269634368958786119e+00 5.043577909226901745e-01 4.767547247339497751e+00 4.405835832376197025e+00 1.902295970399067837e+00 6.689272712539195975e-02 4.721777973005075069e+00 2.164170965644022004e+00 4.732642663538110028e+00 1.500097569939199404e+00 3.928207813019282568e+00 3.836091704610945285e+00 1.616311634775321915e+00
5.474513925535084979e+00 5.764114817837228344e+00 4.254372483246455339e+00 4.687299922177138867e-01 5.128129495690036954e+00 4.115969562857765496e+00 2.402065512540492165e+00 5.145252147548062815e-01 4.314768448363429876e+00 2.375311280772924416e+00 4.697208325811113916e+00 1.484835684226868624e+00 3.892580014314306780e+00 4.196673952961483600e+00 1.132790455198673163e+00
5.035004292947393267e+00 6.020186806605227758e+00 4.170019957940142241e+00 3.491240085048699093e-01 4.820602531228390220e+00 4.015221000715144761e+00 2.154849473165617368e+00 1.265134763814895758e-01 4.350832813697204315e+00 2.386794657624278226e+00 4.953280314579114219e+00 1.400483158920555748e+00 3.772974030601462747e+00 3.889146988499837310e+00 1.581997911668501899e+00
6.210178022926990948e+00 5.110954602611921693e+00 4.290507964448723399e+00 4.776938604459862736e-01 5.672669184654790975e+00 4.247668894140521623e+00 3.150523068001501947e+00 1.313592805098386496e+00 3.594200810463559659e+00 2.468136223526507411e+00 4.044048110585805489e+00 1.520971165429136462e+00 3.901543882542577446e+00 4.741213641926237621e+00 3.734658762657367959e-01
6.141319291178065853e+00 5.084583780159960931e+00 4.316033347288846578e+00 3.604861758377750913e-01 5.817376957408513682e+00 4.258037553222155047e+00 3.197714764999761261e+00 1.269842904705270392e+00 3.598256764454220935e+00 2.459835304087767405e+00 4.017677288133842950e+00 1.546496548269260085e+00 3.784336197934365931e+00 4.885921414679960328e+00 3.783477752635717173e-01
6.028146768159707847e+00 5.209072032969274346e+00 4.189330766868399891e+00 3.107950631684845422e-01 5.815092153635865735e+00 4.242867925486383918e+00 3.181657480794951809e+00 1.289974286582562968e+00 3.568350808387108497e+00 2.464070993292547751e+00 4.142165540943155477e+00 1.419793967848813399e+00 3.734645085265075881e+00 4.883636610907312381e+00 2.145562782067418628e-01
6.018336577991433956e+00 5.229201369553834411e+00 4.169279266099191972e+00 2.987017586106290867e-01 5.830762158257469352e+00 4.238489387625866911e+00 3.186457251978314531e+00 1.292918485949892560e+00 3.581593309025749683e+00 2.469005131212095527e+00 4.162294877527716430e+00 1.399742467079605257e+00 3.722551780707220370e+00 4.899306615528915998e+00 1.959536579758852648e-01
5.998214567150041532e+00 5.262182899977657868e+00 4.136132087689504466e+00 2.802054471814231507e-01 5.855595129037092228e+00 4.231437023793591656e+00 3.193770213460454865e+00 1.295547361273785114e+00 3.602732622435386833e+00 2.474775585671559419e+00 4.195276407951538111e+00 1.366595288669915975e+00 3.704055469278015877e+00 4.924139586308537098e+00 1.628840812938325833e-01
1.724478149003550698e+01 -7.919500015715343011e+00 1.770702854581074348e+01 6.814943982342839490e+00 -5.185198511051473780e+00 7.665657961349826799e+00 -1.468065297865104313e-01 2.723951153761745125e+00 -7.134305558383093882e+00 2.272249504655746044e+00 -8.986406507741452998e+00 1.493749174679115654e+01 1.023879400443943766e+01 -6.116654053780043121e+00 1.539627512473588489e+01
1.769884950302240512e+01 -7.792341650648342721e+00 1.789576183559006850e+01 6.840422935702995311e+00 -4.705157734904314992e+00 7.236414027803485638e+00 3.519590809399190667e-01 3.180084915496504738e+00 -7.775147477959236220e+00 2.212077767802569372e+00 -8.859248142674450932e+00 1.512622503657048156e+01 1.026427295779959437e+01 -5.636613277632885222e+00 1.480643152853589051e+01
1.769515523286574066e+01 -7.801124860135427497e+00 1.787826016417112740e+01 6.856759722297627313e+00 -4.675962801183326079e+00 7.192308990034917748e+00 3.983359477982730268e-01 3.205897392101529242e+00 -7.822708801702796144e+00 2.213183773886898909e+00 -8.868031352161537484e+00 1.510872336515153869e+01 1.028060974439422637e+01 -5.607418343911896308e+00 1.474973510558796796e+01
1.777741951425701572e+01 -7.735396421601124395e+00 1.798077037690357827e+01 6.755538208320642113e+00 -4.745048599232341680e+00 7.295432088213841482e+00 3.431486278594191863e-01 3.144538366200486212e+00 -7.753994819159578000e+00 2.271770356330527818e+00 -8.802302913627235270e+00 1.521123357788399133e+01 1.017938823041724028e+01 -5.676504141960911909e+00 1.489268719534638308e+01
1.784668130437860611e+01 -7.677966811584173712e+00 1.805517180615676409e+01 6.681143491745257457e+00 -4.793789343678688475e+00 7.335468883977164012e+00 3.490925167988774280e-01 3.100855708443500003e+00 -7.740186063644349801e+00 2.323801665196833621e+00 -8.744873303610283699e+00 1.528563500713717715e+01 1.010499351384185474e+01 -5.725244886407258704e+00 1.496050098201583545e+01
1.775577155625953907e+01 -7.885268761030422624e+00 1.781492610549795685e+01 6.926482346995508799e+00 -4.735267709062946473e+00 7.193031850642335634e+00 4.890774705271874190e-01 3.226734988915420210e+00 -7.823602790668204854e+00 2.154012464249848602e+00 -8.952175253056532611e+00 1.504538930647836992e+01 1.035033236909210608e+01 -5.666723251791516702e+00 1.481817763904822272e+01
1.823161350676815218e+01 -7.996618253834469670e+00 1.618622906660347738e+01 8.493866277807725851e+00 -3.010636365258885228e+00 2.741067476389398294e+00 5.066572887399388492e+00 4.778455212689237896e+00 -1.246871139070607271e+01 1.990420113265057855e+00 -9.063524745860586762e+00 1.341669226758390643e+01 1.191771629990432579e+01 -3.942091907987464339e+00 9.696439391424458876e+00
2.465052531323551221e+01 -1.231314398655880282e+01 1.198835945669713965e+01 9.387686575988210436e+00 -2.434935045656612118e+00 4.342458509496972319e+00 7.261185729707126058e+00 -5.414052885847135954e-01 -7.964820490664218156e+00 2.091749316728096275e+00 -1.338005047858491281e+01 9.218822657677559818e+00 1.281153659808480860e+01 -3.366390588385193894e+00 2.786441735510958750e+00
2.490603034788052028e+01 -1.227571282351022219e+01 1.218263444380620264e+01 9.614840290083787266e+00 -2.331234272372069594e+00 4.238173607396921838e+00 7.311456900908924972e+00 -7.284224896163415952e-01 -7.780365517435177125e+00 2.155706681758062793e+00 -1.334261931553633396e+01 9.413097644786624585e+00 1.303869031218038721e+01 -3.262689815100651369e+00 3.002455857452573262e+00
2.490676914385082341e+01 -1.226499458177312718e+01 1.219412817423859785e+01 9.619705797676592951e+00 -2.320442068648020051e+00 4.235259079005043503e+00 7.311897484148444093e+00 -7.265457502005071566e-01 -7.774353986712719156e+00 2.157445996944622912e+00 -1.333190107379922473e+01 9.424591375219016243e+00 1.304355581977319289e+01 -3.251897611376603603e+00 3.002385649926087030e+00
2.490745934790002991e+01 -1.225416056266692166e+01 1.220360969678224983e+01 9.638764699517912149e+00 -2.330993110766289789e+00 4.237718959579797051e+00 7.310819533972134465e+00 -7.356116039563298514e-01 -7.794307233486539310e+00 2.159130544927703177e+00 -1.332106705469301922e+01 9.434072897762666443e+00 1.306261472161451209e+01 -3.262448653494873341e+00 3.002977211054950857e+00
2.491860499953972052e+01 -1.221609709161766943e+01 1.225842219877539208e+01 9.617465659375088904e+00 -2.216609433690924558e+00 4.208067243258332368e+00 7.312252642154192017e+00 -6.890635761172247964e-01 -7.679173054697843170e+00 2.165613849926731671e+00 -1.328300358364376876e+01 9.488885399755808692e+00 1.304131568147168707e+01 -3.148064976419507666e+00 3.011595202086666312e+00
2.492995865484396845e+01 -1.224973239497352928e+01 1.222780230934773549e+01 9.629629856493631124e+00 -2.293167081043704592e+00 4.230575067997135896e+00 7.316057026634683602e+00 -7.135029870664978402e-01 -7.737155982042828839e+00 2.162874780767210403e+00 -1.331663888699962861e+01 9.458265510328150327e+00 1.305347987859022929e+01 -3.224622623772287255e+00 3.023600930829045907e+00
2.522027525569264839e+01 -1.125851732037877895e+01 1.353721778278263344e+01 9.552907102352781621e+00 8.550748760939175241e-02 3.614824171969285072e+00 7.477700789645186141e+00 -1.299879223526054783e-01 -5.543794406165984512e+00 2.246790900237555455e+00 -1.232542381240489249e+01 1.076768098376306426e+01 1.297675712444942064e+01 -8.459480551191815856e-01 3.226174382186041356e+00
2.521804124385348445e+01 -1.125721264337096450e+01 1.353309344859965435e+01 9.547037863787659617e+00 8.104675908400196804e-02 3.615047807237577349e+00 7.483037462363363090e+00 -1.278772213868135665e-01 -5.549255483159842406e+00 2.244171302045316452e+00 -1.232411913539707449e+01 1.076355664958009761e+01 1.297088788588428443e+01 -8.504087836445723969e-01 3.227687907917416332e+00
5.417308567841875089e+01 -3.306206906206516294e+01 1.319989737931588536e+01 8.481861798112641182e+00 -1.532286588086136803e+01 3.911179730858931336e+00 -1.761280843211482861e+01 -9.769292833027827250e-01 1.272849289692706520e+01 6.276703409369654985e+00 -3.412897555409122674e+01 1.043036058029635527e+01 1.190571182020924290e+01 -1.625432142358993914e+01 3.477383787582312369e+00
5.246765977813886650e+01 -3.177807692126555494e+01 1.435637506722863677e+01 9.964858092771221365e+00 -1.412862416626004070e+01 4.210987471852103425e+00 -1.671801063221037964e+01 -2.052705801326238699e+00 1.260920548093146465e+01 5.984781110821180583e+00 -3.284498341329162230e+01 1.158683826820910845e+01 1.338870811486781953e+01 -1.506007970898861359e+01 4.683710792472574269e+00
5.252661447608416978e+01 -3.180403072082605931e+01 1.436270726449312640e+01 9.912143811529062987e+00 -1.418175298337665602e+01 4.210301272885838664e+00 -1.666826208219175953e+01 -2.039922277039032394e+00 1.258648361144654793e+01 6.003839616622615338e+00 -3.287093721285212666e+01 1.159317046547359809e+01 1.333599383362566115e+01 -1.511320852610522891e+01 4.637059779260026104e+00
