4.571375685498720642e+00 3.965694032659431212e+00 4.586385687538356293e-01 5.774448710763727455e+00 4.390978488887346209e+00 4.436673904622491449e+00 6.249937056008228353e+00 3.873984917350620005e+00 6.235974553576290269e+00 5.136789035659359293e+00 6.279302283204987845e+00 2.965080028506257737e+00 1.512911312292226862e+00 1.309335383749040682e+00 5.601539565771195051e+00
4.570614810759543900e+00 4.601868348624343241e+00 1.168820668314922262e+00 5.478678603035442407e+00 3.908888972705014453e+00 4.572819709667013122e+00 7.122296035587169172e+00 3.094647659529924155e+00 7.171276455729758581e+00 4.164676509838876051e+00 6.915476599169899430e+00 3.675262128067344758e+00 1.217141204563946033e+00 8.272458675667089256e-01 5.601800506035428562e+00
4.585006950839461304e+00 4.564561819743868654e+00 1.106240829680113391e+00 5.535409523134743992e+00 3.869537619901826542e+00 4.591052924249621192e+00 7.152065256561106033e+00 3.252011384803256355e+00 7.256383375246123535e+00 4.205140003119541170e+00 6.878170070289424842e+00 3.612682289432535665e+00 1.273872124663247840e+00 7.878945147635211255e-01 5.596631718456478666e+00
4.603040283058377646e+00 4.585546863171104270e+00 1.123494886459871944e+00 5.510124887529461724e+00 3.901324938614743942e+00 4.572104163376884856e+00 7.158625540235369122e+00 3.181477758270359057e+00 7.221725820643529303e+00 4.200179453449766065e+00 6.899155113716660459e+00 3.629936346212294218e+00 1.248587489057965572e+00 8.196818334764384151e-01 5.593081473934488734e+00
4.624225325908464690e+00 4.566152617102979150e+00 1.119916324237960836e+00 5.516828640443980802e+00 3.907204585897979587e+00 4.577304585498239931e+00 7.182996882071843281e+00 3.242577430741756306e+00 7.247812674974523972e+00 4.229714163327876086e+00 6.879760867648535339e+00 3.626357783990382888e+00 1.255291241972484428e+00 8.255614807596741711e-01 5.587426439637714459e+00
4.651135428846067121e+00 4.561920556152344375e+00 1.130885387498917538e+00 5.508017983448076471e+00 3.923595793086425143e+00 4.570937471554710640e+00 7.204173254239692348e+00 3.257465261758018649e+00 7.250723883730527675e+00 4.251907653814393839e+00 6.875528806697900563e+00 3.637326847251339590e+00 1.246480584976580541e+00 8.419526879481198378e-01 5.581937978602018902e+00
4.682942809840183074e+00 4.005932268478424874e+00 1.395188180379843157e+00 5.475418351866894184e+00 4.070494819688148525e+00 4.640943649398529658e+00 7.386248452676424492e+00 4.659009262147213448e+00 7.976418998688728834e+00 4.741431274475468527e+00 6.319540519023985503e+00 3.901629640132267429e+00 1.213880953395393814e+00 9.888517145498527672e-01 5.576326584357050642e+00
4.712951716536916358e+00 4.003700533040309928e+00 1.364132461976670596e+00 5.497240637002350994e+00 4.042530818249716162e+00 4.655694042825189172e+00 7.400845321084186246e+00 4.654033186132722655e+00 7.985760424214246811e+00 4.725609955018612141e+00 6.317308783585870557e+00 3.870573921729094646e+00 1.235703238530850623e+00 9.608877131114204051e-01 5.589213684219376255e+00
4.739389965791406922e+00 3.975674708390423806e+00 1.149491118605001638e+00 5.623900625700143152e+00 4.016020649589058245e+00 4.672875156754039416e+00 7.424872630886002689e+00 4.491071329443127702e+00 8.040739152420560032e+00 4.545533968302827077e+00 6.289282958935983991e+00 3.655932578357425466e+00 1.362363227228642337e+00 9.343775444507623762e-01 5.599014286634100834e+00
4.722319164103109479e+00 3.973676851133568722e+00 1.216732671939917410e+00 5.599341248834669216e+00 3.958117675573448402e+00 4.688820254789533237e+00 7.400032308216249355e+00 4.479446478235598939e+00 8.013666846638130892e+00 4.597570312499756007e+00 6.287285101679128907e+00 3.723174131692341238e+00 1.337803850363168401e+00 8.764745704351526445e-01 5.595023366528679709e+00
4.713011488768724000e+00 3.973417994151630772e+00 1.244160871514207622e+00 5.578013664878026745e+00 3.938524896326095703e+00 4.700969811918701780e+00 7.384274035071609177e+00 4.477302496005316712e+00 8.011711735186135996e+00 4.625809644094625028e+00 6.287026244697189625e+00 3.750602331266630785e+00 1.316476266406525042e+00 8.568817911877997240e-01 5.593597929324675810e+00
4.710252711251027513e+00 3.973398385583430503e+00 1.253839406250430333e+00 5.566829699442557455e+00 3.926914377874941131e+00 4.711678485754308809e+00 7.374752944832083656e+00 4.473960605989764083e+00 8.011838302298137648e+00 4.640653983261160853e+00 6.287006636128989356e+00 3.760280866002853273e+00 1.305292300971056196e+00 8.452712727366453738e-01 5.593428172995044356e+00
4.710368745491031461e+00 3.973520516821424930e+00 1.202788352464753130e+00 5.576670167548343215e+00 3.925523185966939277e+00 4.721224569702858531e+00 7.368687067111205913e+00 4.464990497985784401e+00 8.010018935230757364e+00 4.626255295228601128e+00 6.287128767366983340e+00 3.709229812217175848e+00 1.315132769076842401e+00 8.438800808286431865e-01 5.593625898894196702e+00
4.703500599847457941e+00 3.973358015719084424e+00 1.184900522326818306e+00 5.569871310464365344e+00 3.928204523714151186e+00 4.727637672653479228e+00 7.359058625202994364e+00 4.468407184579157310e+00 8.009800793298779809e+00 4.631258838600315286e+00 6.286966266264642833e+00 3.691341982079241024e+00 1.308333911992864529e+00 8.465614185758550958e-01 5.593063702288604055e+00
4.697590217160783510e+00 3.981105404637561573e+00 2.363323311252763403e+00 5.521013380879426613e+00 3.729065752911195464e+00 4.726661169361938697e+00 7.368257120590454790e+00 3.985314037361574968e+00 7.993941976856198117e+00 4.844399276902128015e+00 6.294713655183123535e+00 4.869764771005188564e+00 1.259475982407930017e+00 6.474226477728963758e-01 5.592673207682792302e+00
4.675308681850312453e+00 3.980703333578786030e+00 2.385891869614280125e+00 5.504564242825314757e+00 3.736859496629020061e+00 4.711790468078288718e+00 7.361342474348175458e+00 3.973578303553813917e+00 7.974933711658906077e+00 4.864879178186367170e+00 6.294311584124347547e+00 4.892333329366705286e+00 1.243026844353817495e+00 6.552163914907209730e-01 5.580077965224197634e+00
4.650548059658777156e+00 3.692332735331191884e+00 2.821778236739453938e+00 5.480841212306761356e+00 6.702470852151453329e+00 4.565207542877380398e+00 7.503366655505795180e+00 -3.038513083760276956e-01 6.044579343921197889e+00 5.652729903916236864e+00 6.005940985876764060e+00 5.328219696491887980e+00 1.219303813835262540e+00 3.620827747013150244e+00 5.567423442612150275e+00
4.673919316850462913e+00 3.705625182784164640e+00 2.827848384054711506e+00 5.461503936395820880e+00 6.688838143224168142e+00 4.590640509547178283e+00 7.476974270083013963e+00 -3.829474868509539220e-01 5.987070009844568830e+00 5.642256728177036607e+00 6.019233433329737259e+00 5.334289843807145104e+00 1.199966537924321619e+00 3.607195038085865058e+00 5.555057089247394941e+00
4.699326560430019839e+00 5.826456732407932826e+00 8.472999064104136835e+00 5.945276419920080713e+00 7.501688015508915619e+00 4.764590231036152979e+00 6.468281541194883744e+00 -9.498927642322298581e+00 -1.995597104282212264e+00 6.947264382386115322e+00 8.140064982953497008e+00 1.097944052385657443e+01 1.683739021448563467e+00 4.420044910370611646e+00 5.541451238572081550e+00
4.691215880459115972e+00 5.826868548069515263e+00 8.475434378244115052e+00 5.943118296678542301e+00 7.516808060720897799e+00 4.772770704822445254e+00 6.474548186328873633e+00 -9.490339732041084275e+00 -1.981689142850345586e+00 6.963783421621753789e+00 8.140476798615079446e+00 1.098187583799655265e+01 1.681580898207025498e+00 4.435164955582593826e+00 5.535994670358769021e+00
4.682874950148916859e+00 5.825899925308752891e+00 8.475714128939509706e+00 5.944277451430779458e+00 7.503500902496625713e+00 4.783911150784208033e+00 6.487923242582958494e+00 -9.491987549461239126e+00 -1.971077679600927723e+00 6.966150930582442946e+00 8.139508175854317074e+00 1.098215558869194730e+01 1.682740052959263100e+00 4.421857797358322628e+00 5.530890797592159736e+00
4.676603811217362683e+00 5.826569138199061193e+00 8.479285172173321783e+00 5.940553342888563293e+00 7.528185249331832196e+00 4.793327110618863962e+00 6.488597143033896231e+00 -9.479419868061254917e+00 -1.952058735597980377e+00 6.993803747325579856e+00 8.140177388744625375e+00 1.098572663192576115e+01 1.679015944417046713e+00 4.446542144193529111e+00 5.527669409292984781e+00
4.669274534597608550e+00 5.826596933731584826e+00 8.481733842483558661e+00 5.938740526428412103e+00 7.533920615499890339e+00 4.806245732166546603e+00 6.496788357274716041e+00 -9.476524283075745458e+00 -1.936047744933403925e+00 7.009060200204012325e+00 8.140205184277149897e+00 1.098817530223599803e+01 1.677203127956895745e+00 4.452277510361587254e+00 5.524180992124082756e+00
4.662430126834478550e+00 5.820677902141108362e+00 8.481574355771156704e+00 5.950129549470092094e+00 7.416987552362113156e+00 4.846619094714446518e+00 6.588395803304790022e+00 -9.593689450881042191e+00 -1.984828775336106244e+00 6.828571489575431919e+00 8.134286152686673432e+00 1.098801581552359430e+01 1.688592150998576180e+00 4.335344447223810072e+00 5.521428275084929282e+00
4.661645315640116749e+00 5.820824681714556803e+00 8.487655536359142161e+00 5.947130364377519740e+00 7.425461669719058300e+00 4.856453038970630409e+00 6.587197732943923967e+00 -9.592739709650167867e+00 -1.975605560717573761e+00 6.839780109868058844e+00 8.134432932260121873e+00 1.099409699611157976e+01 1.685592965906003604e+00 4.343818564580755215e+00 5.523155045519598794e+00
4.659695817893070746e+00 5.820977446346521589e+00 8.493445711031343492e+00 5.944353504435306412e+00 7.432872181158463931e+00 4.867328533960984416e+00 6.587603588093399409e+00 -9.591914188339430325e+00 -1.965337185829642674e+00 6.851697130837514749e+00 8.134585696892086659e+00 1.099988717078378109e+01 1.682816105963790498e+00 4.351229076020160846e+00 5.524169026003014515e+00
4.656800381637239639e+00 5.820765071940309454e+00 8.506756062752707237e+00 5.937879499252062487e+00 7.443899307116512709e+00 4.875691719759863929e+00 6.574765965227407527e+00 -9.577247853090781859e+00 -1.955940917017363390e+00 6.880851212570166631e+00 8.134373322485874525e+00 1.101319752250514483e+01 1.676342100780546351e+00 4.362256201978209624e+00 5.524698019390982040e+00
4.652472393985068955e+00 5.825317426642033780e+00 8.972225650951900278e+00 5.672734013088613025e+00 7.647179896213587291e+00 4.628172984892871433e+00 5.552542430201498291e+00 -8.651044362307237279e+00 -2.147337850617466959e+00 8.057830737904708940e+00 8.138925677187598851e+00 1.147866711070433610e+01 1.411196614617097334e+00 4.565536791075282430e+00 5.524549546753180884e+00
4.661352048226353517e+00 5.824986071549215438e+00 8.987576486542868892e+00 5.694356693828412475e+00 7.644733479446228053e+00 4.639755711050081111e+00 5.551512138787759731e+00 -8.677136929854061265e+00 -2.137513281680540445e+00 8.060898165615299149e+00 8.138594322094780509e+00 1.149401794629530471e+01 1.432819295356896783e+00 4.563090374307922303e+00 5.541106863737726762e+00
4.669390842338184910e+00 5.824774642767182264e+00 9.000714400014210526e+00 5.713518307368583571e+00 7.641608400401603163e+00 4.650826290864293000e+00 5.549985659143350070e+00 -8.701565788716697725e+00 -2.128161296786176937e+00 8.063670475197264764e+00 8.138382893312748223e+00 1.150715585976664634e+01 1.451980908897067879e+00 4.559965295263297413e+00 5.556237128507493850e+00
