1.679509807035591606e+00 3.104309692166050016e+00 1.087339700111925600e+00 5.171037250261555585e+00 2.175858794608508173e+00 5.094747505708613566e+00 5.917952557173242312e+00 3.107238314129308954e+00 2.361997362802707112e+00 4.688369297027322524e+00 2.429446348173644132e+00 1.057764039304981196e+00 4.213729744697970681e+00 5.304838582522139134e+00 5.414730246671969560e+00
1.337858998247213105e+00 2.964866764191490311e+00 1.050232731494432414e+00 5.207386060471244527e+00 2.189160831025306564e+00 5.189954251600932267e+00 5.778929412483151395e+00 3.454101529707915841e+00 2.018071564044682464e+00 4.606799430602993795e+00 2.290003420199083983e+00 1.020657070687487344e+00 4.250078554907659623e+00 5.318140618938937969e+00 5.760148853902680166e+00
1.192084100001489677e+00 2.969861776226421668e+00 9.474340548183536326e-01 5.376269506010080690e+00 1.786859340527383821e+00 4.928843979480407533e+00 5.340500428535783328e+00 3.487627207471388768e+00 1.980574976343534743e+00 4.850949049504835742e+00 2.294998432234014896e+00 9.178583940114098949e-01 4.418962000446498450e+00 4.915839128441015227e+00 5.852545997987211202e+00
1.212040047215442229e+00 2.938071297093212575e+00 8.818537147911641449e-01 5.440426998534470648e+00 1.765315805527761128e+00 4.891285208234598336e+00 5.317478641773378811e+00 3.476870775368308575e+00 1.979165650841006929e+00 4.872218226635014027e+00 2.263207953100803582e+00 8.522780539842214065e-01 4.483119492970892850e+00 4.894295593441395198e+00 5.897765088573031278e+00
1.407686729749036969e+00 3.172596777753532216e+00 1.220550024683826784e+00 5.028902834516117082e+00 2.093047827534127769e+00 5.138893472679698426e+00 5.694434386905967038e+00 3.426275904544607620e+00 1.949627209336481704e+00 4.799310126593254289e+00 2.497733433761122779e+00 1.190974363876883935e+00 4.071595328952537507e+00 5.222027615447761839e+00 5.736670873885624466e+00
1.068854560263888143e+00 3.069206991003920582e+00 1.095785278306578903e+00 5.174959344582848786e+00 2.311024670791657076e+00 5.273120116622750153e+00 5.646252439756127117e+00 3.766245955475443274e+00 1.644965882111226740e+00 4.607359335897974084e+00 2.394343647011510701e+00 1.066209617499636497e+00 4.217651839019269211e+00 5.440004458705290702e+00 5.975764873803911748e+00
1.576391423488346710e+00 3.324070232072488640e+00 1.128208602784128711e+00 5.132573547953114712e+00 2.308597816485866705e+00 5.275122879436802137e+00 6.046207543671026308e+00 3.259488271641343804e+00 2.150224600355548521e+00 4.617759151679305951e+00 2.649206888080079203e+00 1.098632941977186528e+00 4.175266042389535137e+00 5.437577604399500331e+00 5.471467704218621719e+00
1.523899055828533688e+00 3.296566337584192041e+00 1.110616831589319453e+00 5.149527249641929316e+00 2.309450519351688325e+00 5.260395486460356373e+00 6.017749452316035530e+00 3.310044631945252114e+00 2.100360988296958276e+00 4.632969757648164766e+00 2.621702993591782160e+00 1.081041170782377492e+00 4.192219744078349741e+00 5.438430307265321950e+00 5.523229059290724940e+00
1.461858431026154648e+00 3.264508770132629412e+00 1.091177910607561197e+00 5.168167054412210248e+00 2.309344271042014007e+00 5.245313141970870063e+00 5.984177640231709283e+00 3.370083591278783874e+00 2.040866630905457058e+00 4.648384242384810960e+00 2.589645426140219087e+00 1.061602249800618569e+00 4.210859548848630673e+00 5.438324058955648077e+00 5.584804705232416566e+00
3.770000706975606963e+00 4.988026241809323302e+00 2.303762560412178750e+00 3.810764980787643808e+00 3.030712193703396728e+00 6.294598006472479135e+00 7.387281647713857424e+00 9.044841047220901764e-01 4.492813355270772746e+00 3.966797595619697692e+00 4.313162897816915198e+00 2.274186899605235901e+00 2.853457475224062456e+00 6.159691981617029022e+00 3.123638928445878982e+00
3.603350082202395832e+00 4.821970251350373715e+00 2.125201385875595150e+00 3.690421944917104735e+00 3.000915170754380412e+00 6.223132608721759773e+00 7.451022665728296523e+00 1.012214050405965349e+00 4.558868029302225899e+00 3.943474301140299954e+00 4.147106907357966499e+00 2.095625725068652301e+00 2.733114439353523384e+00 6.129894958668012706e+00 3.050438993738094684e+00
3.648183645344087900e+00 4.870336171422854576e+00 2.206750168926860045e+00 3.745346291989875898e+00 3.061188406172427268e+00 6.255088632291886164e+00 7.449279669114622138e+00 9.981135306562269882e-01 4.553283709954341951e+00 3.931988664860767368e+00 4.195472827430455354e+00 2.177174508119914531e+00 2.788038786426299431e+00 6.190168194086061781e+00 3.054279557270775047e+00
3.681578971721238158e+00 4.905204407387369514e+00 2.274115445656480272e+00 3.791403767191914742e+00 3.103167371627485238e+00 6.284142785481166449e+00 7.440192380513401815e+00 9.924000363222672538e-01 4.560335936875402396e+00 3.915746612663380866e+00 4.230341063394969403e+00 2.244539784849534314e+00 2.834096261628338720e+00 6.232147159541119308e+00 3.061242376560415757e+00
3.730491380919239930e+00 4.954055945739079370e+00 2.365860996639633118e+00 3.857858692762002661e+00 3.153117158048032831e+00 6.323957941619683609e+00 7.420376460987410994e+00 9.833995772647642353e-01 4.572905877379305650e+00 3.896272117960754233e+00 4.279192601746679259e+00 2.336285335832687160e+00 2.900551187198427083e+00 6.282096945961667345e+00 3.076587610222041302e+00
3.543791216194196902e+00 4.771475341436711481e+00 2.089365489761034311e+00 3.711903399414410387e+00 3.086462014337260307e+00 6.253709576070501264e+00 7.472921028037283975e+00 1.074850305112605264e+00 4.556196963007213441e+00 3.909905811286762845e+00 4.096611997444311370e+00 2.059789828954088353e+00 2.754595893850835253e+00 6.215441802250895265e+00 3.029083203813054403e+00
3.345133589659710083e+00 4.562942506484990446e+00 1.581912938234641519e+00 3.315841770492514939e+00 2.512961439634198157e+00 6.065604608100330530e+00 7.380336142449598569e+00 1.105460021583996255e+00 4.521588172027969144e+00 3.954701120886901844e+00 3.888079162492591223e+00 1.552337277427696449e+00 2.358534264928940694e+00 5.641941227547833115e+00 3.164383416370380786e+00
3.377280359899708984e+00 4.558669949214405825e+00 1.481188420527260963e+00 3.311946220379272887e+00 2.470752373657714607e+00 6.030570622010578141e+00 7.249171650184418780e+00 1.237094676586164788e+00 4.694227020776195580e+00 3.914301094168857631e+00 3.883806605222007047e+00 1.451612759720316337e+00 2.354638714815698197e+00 5.599732161571349565e+00 3.064679660294870711e+00
3.402718859417698472e+00 4.564337577014537572e+00 1.437824289746081341e+00 3.321412188795023201e+00 2.469011373331960524e+00 6.012543077927172241e+00 7.194565926310316328e+00 1.299029791678170342e+00 4.773829457422475109e+00 3.887892626447984501e+00 3.889474233022138794e+00 1.408248628939136715e+00 2.364104683231448512e+00 5.597991161245595038e+00 3.015530452419425522e+00
2.351585215727387279e+01 4.925171658356448745e+01 6.943084282035053434e+01 3.886033640780531329e+01 6.216744772113359296e+00 2.795706937118055180e+01 4.506938825726698639e+01 -4.060990580452522636e+01 -6.981215578486725803e+01 -9.972679000871597310e+00 4.857685323957206691e+01 6.940126715954360748e+01 3.790302890224180743e+01 9.345724560026928529e+00 3.710149618908854308e+01
2.599792535105734714e+01 4.669883839583128804e+01 6.621808302414463299e+01 4.196355274890137110e+01 1.232090095856154122e+01 3.383258687773226825e+01 3.997457847067637715e+01 -4.604353261296157740e+01 -7.181218014787160087e+01 -8.054515565923670906e+00 4.602397505183883197e+01 6.618850736333766349e+01 4.100624524333785814e+01 1.544988074647510956e+01 3.285178469544484159e+01
4.086708459729847931e+01 4.102860470053143871e+01 7.971839893544891709e+01 4.477437971674332573e+01 1.083591287515534596e+01 2.113797026464168738e+01 1.909517410887979239e+01 -6.405475648861458637e+01 -9.275101378938833818e+01 3.892094145000140060e+00 4.035374135653900396e+01 7.968882327464207549e+01 4.381707221117984119e+01 1.396489266306888410e+01 5.294451488521333005e+01
4.026178764294385104e+01 4.218210371447925411e+01 8.076537984945217374e+01 4.525927553340620335e+01 1.190691512671321739e+01 2.112336434130031648e+01 1.918230114274612319e+01 -6.365720384653332076e+01 -9.310527268108620547e+01 3.608096457048572514e+00 4.150724037048681936e+01 8.073580418864534636e+01 4.430196802784272592e+01 1.503589491462675731e+01 5.208727068281402950e+01
3.122248882271873072e+01 4.417511509026697070e+01 7.815532521997393189e+01 3.402362221388949592e+01 3.510218825689708666e+00 1.811993180175224794e+01 9.440195544109744930e+00 -6.955031076692091574e+01 -9.755030976919448449e+01 -8.971499434506440274e-01 4.350025174627457858e+01 7.812574955916717556e+01 3.306631470832601138e+01 6.639198613603225496e+00 6.368760329268496179e+01
3.125063218684153199e+01 4.413458879152303638e+01 7.819450394065276555e+01 3.409183017601187515e+01 3.453096522834710136e+00 1.813925685040878122e+01 9.487426130666436919e+00 -6.957864737507283337e+01 -9.760477976543542411e+01 -9.072146985765245919e-01 4.345972544753064426e+01 7.816492827984600922e+01 3.313452267044839061e+01 6.582076310748226966e+00 6.359275348616120027e+01
3.118641554259450643e+01 4.414099513616888970e+01 7.819862471431289919e+01 3.407296112983076597e+01 3.432953586647657929e+00 1.812044334435891813e+01 9.407413331913415888e+00 -6.956369278140422807e+01 -9.746260023950222262e+01 -9.531656494104105981e-01 4.346613179217649758e+01 7.816904905350614285e+01 3.311565362426727432e+01 6.561933374561174759e+00 6.366479776352833397e+01
3.180742213789145367e+01 4.422271015113785353e+01 7.813498124792737087e+01 3.432429300538076689e+01 3.250104768835368141e+00 1.830431805632853326e+01 9.930130150620890106e+00 -6.968460421338873800e+01 -9.834915336719190293e+01 -5.319046774359645902e-01 4.354784680714545431e+01 7.810540558712060033e+01 3.336698549981727524e+01 6.379084556748884083e+00 6.298520784770177272e+01
3.183795314292506617e+01 4.427923778392493404e+01 7.810484169436615787e+01 3.428900314013953476e+01 3.236431454646464090e+00 1.832545759717853073e+01 9.946620668520921527e+00 -6.962523145330858654e+01 -9.832503273197254146e+01 -5.393636435496229620e-01 4.360437443993253481e+01 7.807526603355938732e+01 3.333169563457603601e+01 6.365411242559980032e+00 6.300017075960870017e+01
3.178069640487208147e+01 4.408043480344910847e+01 7.814939561322646000e+01 3.428056926695486339e+01 3.363648864829856144e+00 1.822073570073476745e+01 9.851822625479405460e+00 -7.004404362674867457e+01 -9.853717384554177272e+01 -4.190573547905757645e-01 4.340557145945670925e+01 7.811981995241968946e+01 3.332326176139136464e+01 6.492628652743373863e+00 6.306018697519052552e+01
3.178986460769284861e+01 4.408361116741888708e+01 7.814449180159508046e+01 3.427818115117428022e+01 3.369839567091621468e+00 1.821423171583876766e+01 9.854421899957097608e+00 -7.005890879251423087e+01 -9.855285702667356418e+01 -4.107601701810283945e-01 4.340874782342648786e+01 7.811491614078830992e+01 3.332087364561078147e+01 6.498819355005139187e+00 6.305924515591859603e+01
3.184373071796349564e+01 4.404729421367141384e+01 7.812359215151022340e+01 3.433977322047066849e+01 3.438082850202039964e+00 1.814935520050780582e+01 9.873512223478957850e+00 -7.018897192825673415e+01 -9.866259079534739840e+01 -3.720721579572858206e-01 4.337243086967901462e+01 7.809401649070345286e+01 3.338246571490717685e+01 6.567062638115558570e+00 6.305503826652910959e+01
