1.065500638749651507e+00 1.614825066033119816e+00 1.631712171654111643e+00 5.511392815056236572e+00 3.399605934005723196e+00 3.381777494708273046e+00 3.105562600914284932e+00 2.400957400266141573e+00 4.042088727879706411e+00 3.373971419443952069e+00 6.860538182633656445e-01 2.332214239438254566e+00 2.323115028136609528e+00 5.470978277323571781e+00 1.375300678132362675e+00
9.797447434801055399e-01 1.664336014165595845e+00 1.629289788590890797e+00 6.356926717676264715e+00 2.416677223976798849e+00 4.147492126138054402e+00 1.865103205260836949e+00 3.065929871248396665e+00 4.859272461183649305e+00 2.690648615691849876e+00 7.355647663958421179e-01 2.329791856375033721e+00 3.168648930756634563e+00 4.488049567294646991e+00 2.205326073747686966e+00
1.037508776458503146e+00 1.636267126700827523e+00 1.611328672149449082e+00 6.379518386495861115e+00 2.375486881942693973e+00 4.176544307245777965e+00 1.791364374066580112e+00 3.140860769417928910e+00 4.783809090482746385e+00 2.626411446561251584e+00 7.074958789310739071e-01 2.311830739933592227e+00 3.191240599576230963e+00 4.446859225260542559e+00 2.233281912225528743e+00
1.049040222015806822e+00 1.641368918318140135e+00 1.605551945900322242e+00 6.385280789015147285e+00 2.402341132881907093e+00 4.173627710284566028e+00 1.798924282585667944e+00 3.132039273856190853e+00 4.789825240920937865e+00 2.615190933329231804e+00 7.125976705483865192e-01 2.306054013684465609e+00 3.197003002095517576e+00 4.473713476199756123e+00 2.219409499234106686e+00
1.066562310953802495e+00 1.643632243369210100e+00 1.598394554081832952e+00 6.392372923353840442e+00 2.417361756051701782e+00 4.179468302019888171e+00 1.792219280730172448e+00 3.134324494653220938e+00 4.783993945781988444e+00 2.595765492374690453e+00 7.148609955994563725e-01 2.298896621865976542e+00 3.204095136434211621e+00 4.488734099369550812e+00 2.211927250442002002e+00
1.071896634656715586e+00 1.650574905072636822e+00 1.593731316911266571e+00 6.396954835936396577e+00 2.438726619410116481e+00 4.181691564913849746e+00 1.798366083727765297e+00 3.120975427338335439e+00 4.793032586243592519e+00 2.587467728100804720e+00 7.218036573028829839e-01 2.294233384695410383e+00 3.208677049016767757e+00 4.510098962727965954e+00 2.203978800733918497e+00
1.008748466583236914e+00 1.684836823342163115e+00 1.601039758198955498e+00 6.388311170974098729e+00 2.513246779011485188e+00 4.149068953753046962e+00 1.894899472737662460e+00 3.007483006351993726e+00 4.899789588017265274e+00 2.644799080673105429e+00 7.560655755724091653e-01 2.301541825983099532e+00 3.200033384054469909e+00 4.584619122329335106e+00 2.184068822863263648e+00
1.013875165096230102e+00 1.692146854382793331e+00 1.594717336662251572e+00 6.391664582401763717e+00 2.522923383483161697e+00 4.164043136629607567e+00 1.894389877712122416e+00 2.989529032775554374e+00 4.912256873305264726e+00 2.636792160401602914e+00 7.633756066130393814e-01 2.295219404446395828e+00 3.203386795482134897e+00 4.594295726801012059e+00 2.175983021443675280e+00
9.909107238957168828e-01 1.707990822487859717e+00 1.589891880093422971e+00 6.385881041105914591e+00 2.553687515261530372e+00 4.173878127125543180e+00 1.935255200698394074e+00 2.909546451723492577e+00 4.982272662059588519e+00 2.658986390234600705e+00 7.792195747181059895e-01 2.290393947877567449e+00 3.197603254186283994e+00 4.625059858579381178e+00 2.157938738331296236e+00
1.058579546430851170e+00 1.705732342954254133e+00 1.616849605039158311e+00 6.416997474623688191e+00 2.493265585160898468e+00 4.134785350585844732e+00 1.801464575952876013e+00 3.165304078318407655e+00 4.747226238729020054e+00 2.549667551641977337e+00 7.769610951845006275e-01 2.317351672823302788e+00 3.228719687704057595e+00 4.564637928478750162e+00 2.224635589254292611e+00
1.415130821007934525e+00 1.582933148761653364e+00 1.522451495100138663e+00 6.504039545780618603e+00 2.223047894388366696e+00 4.345352314030129115e+00 1.340082792081965346e+00 3.682958840243835130e+00 4.232941346440794561e+00 2.212502939455410100e+00 6.541619009918996364e-01 2.222953562884283141e+00 3.315761758860988007e+00 4.294420237706218835e+00 2.251381052158321072e+00
1.223919975749951039e+00 1.639603573076544585e+00 1.896972440576117691e+00 6.242308122345998633e+00 2.627888291712906721e+00 4.580526773849686428e+00 1.227533420956882448e+00 3.603347709592971349e+00 4.282976137382917159e+00 2.311495672044604710e+00 7.108323253067904135e-01 2.597474508360262391e+00 3.054030335426368037e+00 4.699260635030758415e+00 1.943038800245040498e+00
6.091543106123733509e+00 -1.234304982617742574e+00 -6.094744047690448419e+00 1.377140110912656112e+01 -2.958170143967596033e+00 -2.363770405313132095e+00 1.993379451682709469e+00 3.072786418574549927e+00 4.307476751332854903e+00 -3.281303985143426694e+00 -2.163076230387502186e+00 -5.394241979906309936e+00 1.058312332220692298e+01 -8.867978006497416743e-01 8.135522594285731657e+00
6.079853338911367366e+00 -1.217222746457716775e+00 -6.101378226272244021e+00 1.377901140063405272e+01 -2.954116887874058239e+00 -2.363880355599720318e+00 1.992976779148420752e+00 3.078675591046552640e+00 4.325864604522279500e+00 -3.296219537436457792e+00 -2.145993994227477941e+00 -5.400876158488103762e+00 1.059073361371441813e+01 -8.827445445562049908e-01 8.132736375503311521e+00
6.080691926897375588e+00 -1.234349497089624270e+00 -6.078802500815514875e+00 1.375676116595026599e+01 -2.947811623495650402e+00 -2.358868573617713515e+00 1.991635588726489603e+00 3.069931491982136329e+00 4.317041039381542156e+00 -3.275384356336881631e+00 -2.163120744859385436e+00 -5.378300433031373728e+00 1.056848337903062962e+01 -8.764392801777969311e-01 8.128213543566628729e+00
6.091084380045191260e+00 -1.273523349618046030e+00 -6.040385561037153295e+00 1.371800354898591223e+01 -2.942501721484753308e+00 -2.351689599166386202e+00 1.990549064870116958e+00 3.051928769037539624e+00 4.288908436885694897e+00 -3.232528349186192695e+00 -2.202294597387807862e+00 -5.339883493253012148e+00 1.052972576206627231e+01 -8.711293781669003922e-01 8.124101581058923216e+00
6.073393173492612540e+00 -1.223039365654913890e+00 -6.085189194921515998e+00 1.376584710752322671e+01 -2.942160769746561488e+00 -2.355364099317892368e+00 1.989632403704911789e+00 3.071494682687220923e+00 4.332115063697768775e+00 -3.283229058098335873e+00 -2.151810613424676166e+00 -5.384687127137374851e+00 1.057756932060358857e+01 -8.707884264287085729e-01 8.124331622254739926e+00
6.832929660860698640e+00 -3.508911853415319193e+00 -4.151629284140703646e+00 1.177653345832782783e+01 -2.858950119477069673e+00 -2.024770121028244052e+00 1.914459117201661620e+00 2.113589395877148114e+00 2.494470030390596005e+00 -8.821289572760311337e-01 -4.437683101185079693e+00 -3.451127216356560723e+00 8.588255671408189684e+00 -7.875777761592172022e-01 8.058725134671522738e+00
6.822351833666262522e+00 -3.568712882658207963e+00 -4.083324181936085040e+00 1.177243116753181695e+01 -2.845755014719832054e+00 -2.072910527926412616e+00 1.878255484338477332e+00 2.145929101368301950e+00 2.571465301158359029e+00 -9.372564376191870883e-01 -4.497484130427968907e+00 -3.382822114151943005e+00 8.584153380612178807e+00 -7.743826714019794721e-01 8.020350649893350337e+00
6.832739372866066141e+00 -3.618148579022262279e+00 -4.036948310978930365e+00 1.176549083857749523e+01 -2.824924348951392883e+00 -2.103361974060133921e+00 1.869715878490163963e+00 2.177178938813818299e+00 2.624104605199022888e+00 -9.748024506359812547e-01 -4.546919826792023223e+00 -3.336446243194789218e+00 8.577213051657857079e+00 -7.535520056335401895e-01 7.998893959015790145e+00
6.494672556024174703e+00 -4.083791672946182061e+00 -3.173876153051258697e+00 1.165600985606380213e+01 -2.762919127152914545e+00 -2.681612881242497526e+00 1.350181224826028981e+00 2.260396136788022758e+00 3.577749191791796513e+00 -1.820240234105173105e+00 -5.012562920715941672e+00 -2.473374085267118438e+00 8.467732069144160434e+00 -6.915467838350617402e-01 7.661658678892760754e+00
6.548300289348364167e+00 -4.136001406419073767e+00 -3.196228818491044787e+00 1.170555689876278294e+01 -2.800543980629260243e+00 -2.690980108902122137e+00 1.348749494827661266e+00 2.226004602960435452e+00 3.595883750008768587e+00 -1.831277356529867451e+00 -5.064772654188833378e+00 -2.495726750706904529e+00 8.517279111843141237e+00 -7.291716373114077721e-01 7.707603781239222407e+00
6.540105405430311158e+00 -4.110293674419069454e+00 -3.225216141942853998e+00 1.170044854707885307e+01 -2.805902331809340122e+00 -2.679272652294125923e+00 1.345289154184974301e+00 2.241889154440338761e+00 3.558204936768710525e+00 -1.788407819427249912e+00 -5.039064922188829065e+00 -2.524714074158713739e+00 8.512170760159211369e+00 -7.345299884914878730e-01 7.701865154647718370e+00
6.518277808152279640e+00 -4.058146086013359799e+00 -3.268217890374077950e+00 1.168597044098937765e+01 -2.808730543333683105e+00 -2.656765393052671342e+00 1.343083616021611082e+00 2.275579761715203375e+00 3.491266017142481637e+00 -1.716581841615440140e+00 -4.986917333783119410e+00 -2.567715822589937691e+00 8.497692654069735951e+00 -7.373582000158309668e-01 7.684789062195700460e+00
6.500948875197574139e+00 -4.006195259912399109e+00 -3.319555555674369440e+00 1.167625466641397658e+01 -2.816423345535637779e+00 -2.635349730336400853e+00 1.350651612739969476e+00 2.311213379707543147e+00 3.422384886809343385e+00 -1.638827908065830119e+00 -4.934966507682158721e+00 -2.619053487890229182e+00 8.487976879494333105e+00 -7.450510022177856406e-01 7.666079811549931122e+00
6.423346348003905248e+00 -3.836547408296656858e+00 -3.443720520258722217e+00 1.161821439691025226e+01 -2.801938942134009292e+00 -2.577031311365455046e+00 1.395965774783036961e+00 2.413162676620954183e+00 3.233225948528535287e+00 -1.426708301885814878e+00 -4.765318656066416025e+00 -2.743218452474581959e+00 8.429936609990608787e+00 -7.305665988161573754e-01 7.600143314721448995e+00
6.437041821270210740e+00 -3.825184316276886598e+00 -3.477228487727895168e+00 1.163100043236958747e+01 -2.818212144079077497e+00 -2.571075244963171524e+00 1.424053469118416793e+00 2.441705753820808233e+00 3.216091916066009748e+00 -1.394372619440036987e+00 -4.753955564046646209e+00 -2.776726419943754909e+00 8.442722645449943997e+00 -7.468398007612255807e-01 7.570816162211726486e+00
6.453131766215918219e+00 -3.838699626645307728e+00 -3.481558059882444489e+00 1.164851095548234028e+01 -2.835919181526551647e+00 -2.570234192051831013e+00 1.433532970397045858e+00 2.451505673741123381e+00 3.217713144514543266e+00 -1.399439095243947939e+00 -4.767470874415066895e+00 -2.781055992098305119e+00 8.460233168562696804e+00 -7.645468382086998416e-01 7.562024366715488277e+00
6.570595938411341486e+00 -4.072829068469609126e+00 -3.350871381700611273e+00 1.177395919223479304e+01 -2.946578525532777437e+00 -2.597063390682911699e+00 1.411346627575132961e+00 2.429708039424920418e+00 3.373407171593538756e+00 -1.659967868160063142e+00 -5.001600316239369626e+00 -2.650369313916472347e+00 8.585681405315147785e+00 -8.752061822149261872e-01 7.589713951252475610e+00
-5.716852724817339038e+01 1.180002676968947242e+02 -6.054432739022841758e+01 -2.643663188354724269e+01 1.910121856120748873e+01 3.664278352186349252e+01 -2.030989038347057374e+01 2.921155610740641251e+01 -1.389047894600116138e+02 1.122693949357173580e+02 1.170714964491250498e+02 -5.984382532244431019e+01 -2.962490967046674939e+01 2.117259090452528625e+01 5.262494853593453570e+01
