1.303503302231429517e+00 2.187493496595058762e+00 1.085692817350976336e+00 3.294783465844715931e+00 3.098478526054441407e+00 2.502990762188394669e+00 8.699907799078976378e-01 8.613856530966059744e-01 4.123320870583059294e-01 4.364577683221270377e+00 3.055898050450117420e+00 3.615943073752285297e+00 4.700280269401156730e+00 1.114707561630451149e+00 2.669749499493521139e+00
1.190747764422596333e+00 2.322748302987321267e+00 1.265836177387124728e+00 3.428282059680018090e+00 3.251496954454999866e+00 2.342458094310515104e+00 8.499323146218504821e-01 8.683101228618448353e-01 5.019687323833645909e-01 4.258411072649731288e+00 3.191152856842379038e+00 3.796086433788433023e+00 4.833778863236459777e+00 1.267725990031009609e+00 2.689568341637112336e+00
1.176854470755230420e+00 2.318971567718053794e+00 1.291934920642673346e+00 3.444835127640553551e+00 3.259679091468283385e+00 2.336726370429253574e+00 8.331040075484255070e-01 8.660542973402094447e-01 4.994931898401961390e-01 4.238389321734528536e+00 3.187376121573111121e+00 3.822185177043981419e+00 4.850331931196993906e+00 1.275908127044292906e+00 2.688787758795955440e+00
1.218808361398823426e+00 2.283983777842077956e+00 1.228075423489498830e+00 3.392058428271091497e+00 3.212745231259809486e+00 2.378354366268623288e+00 8.579239468831179050e-01 8.757538068988939273e-01 4.705813668967631647e-01 4.270034386179183628e+00 3.152388331697135282e+00 3.758325679890807347e+00 4.797555231827531408e+00 1.228974266835819895e+00 2.684570603227828034e+00
1.236462772223048345e+00 2.277941581547981542e+00 1.200218067787042209e+00 3.371781676568368358e+00 3.200751791583773542e+00 2.388909813581678421e+00 8.701151563434498248e-01 8.777106712715612158e-01 4.606209842461133075e-01 4.283758870922771855e+00 3.146346135403038868e+00 3.730468324188350948e+00 4.777278480124810045e+00 1.216980827159783951e+00 2.681619501667133143e+00
1.205085639511014772e+00 2.195058016975668380e+00 1.268527116166919821e+00 3.409641737690008334e+00 3.151388004138223398e+00 2.438108076687107051e+00 7.998807136679589869e-01 8.804473044961808048e-01 4.530243052030736850e-01 4.255060472865211274e+00 3.063462570830725262e+00 3.798777372568228117e+00 4.815138541246448689e+00 1.167617039714233806e+00 2.687412335138483765e+00
1.207829861989843989e+00 2.223806126881299861e+00 1.244301627887395290e+00 3.377789542342345630e+00 3.149677237272950237e+00 2.438457208315112368e+00 8.394239446887836742e-01 8.786592107882992275e-01 4.724074039797734881e-01 4.270122977569242195e+00 3.092210680736356743e+00 3.774551884288704251e+00 4.783286345898786429e+00 1.165906272848961756e+00 2.701780847331701096e+00
5.859293439807816695e-01 1.277879545484599921e+00 1.836491278732808929e+00 3.164899797013051685e+00 1.859836147363506109e+00 3.761536488793446598e+00 5.836017259833191639e-01 8.340308112953739306e-01 5.695309465140839800e-01 4.173281168098617933e+00 2.146284099339658802e+00 4.366741535134122998e+00 4.570396600569496037e+00 -1.239348170604812616e-01 3.340428979768661932e+00
5.653770375800148962e-01 1.255995156714709404e+00 1.860165115027162530e+00 3.189131104438875930e+00 1.916845541719152557e+00 3.729914927674037095e+00 5.957293158428590418e-01 8.484890900619947995e-01 5.306688915685258134e-01 4.177702435143952009e+00 2.124399710569767397e+00 4.390415371428477265e+00 4.594627907995321614e+00 -6.692542270483611833e-02 3.322634012007256832e+00
6.226923687323064893e-01 1.676235822695403277e+00 1.751509560597871440e+00 2.897494960646390894e+00 1.227487286666507860e+00 4.114708601700943547e+00 4.060173502626330255e-01 6.436164716391588048e-01 1.077634920617580816e+00 4.114126194004020576e+00 2.544640376550462157e+00 4.281759816999186619e+00 4.302991764202836578e+00 -7.562836777574803993e-01 3.374859255916760059e+00
3.064571158373682325e-01 1.801830220685253447e+00 1.975192160089468185e+00 3.201730517712727320e+00 1.105357559633293407e+00 4.156836159594630153e+00 1.948845750948728084e-01 4.192601941638344765e-01 9.839738592625637548e-01 4.144400892765476740e+00 2.670234774540312106e+00 4.505442416490783586e+00 4.607227321269173004e+00 -8.784134047906948517e-01 3.653202076613966121e+00
1.505879438889811683e-01 1.767326215863886718e+00 1.935208511813910848e+00 3.154482275172996175e+00 1.028755090148286477e+00 4.109065093908051303e+00 3.620070164753544373e-02 2.425720463265571003e-01 9.168378224633447759e-01 4.129676668719548971e+00 2.635730769718946043e+00 4.465458768215226470e+00 4.559979078729441859e+00 -9.550158742757017816e-01 3.841449942339282497e+00
2.060291426021132466e-01 1.806815545619405050e+00 1.966936908975383647e+00 3.141516955805989664e+00 1.230440941905029728e+00 4.129815546901421719e+00 1.857804240882113822e-01 3.888407604705262921e-01 9.470664391938314886e-01 4.173018483921404176e+00 2.675220099474465041e+00 4.497187165376700158e+00 4.547013759362435792e+00 -7.533300225189583088e-01 3.762447002839883758e+00
1.604871433559998117e-01 1.799572514785655830e+00 1.956598637360424053e+00 3.122761959658348907e+00 1.217079012850416975e+00 4.119707854987352036e+00 1.375518305063011537e-01 3.357623821740964853e-01 9.116924860467776615e-01 4.176158433598258668e+00 2.667977068640715821e+00 4.486848893761740342e+00 4.528258763214794591e+00 -7.666919515735708401e-01 3.817959779651793895e+00
6.281948371412272580e-01 2.167671251284963851e+00 2.355478468900648270e+00 3.603922372289421361e+00 1.432787990505123510e+00 4.260719532277158272e+00 7.629991462688942017e-01 1.039809920616489469e+00 1.629871509170065735e+00 4.405426488969999888e+00 3.036075805140025619e+00 4.885728725301961894e+00 5.009419175845867933e+00 -5.509829739188643050e-01 3.095348644296965990e+00
6.469716187385154971e-01 2.211070692355862732e+00 2.384451109606730235e+00 3.650120894662070903e+00 1.512689389285606811e+00 4.302993778127512492e+00 8.435720342325646603e-01 1.153795450430696867e+00 1.605317359930182874e+00 4.391086003304174312e+00 3.079475246210922723e+00 4.914701366008045191e+00 5.055617698218518363e+00 -4.710815751383812255e-01 3.148202158778115045e+00
6.116639598063375871e-01 2.182843399505726811e+00 2.366628315214144962e+00 3.605673012205877992e+00 1.480710659767489057e+00 4.268225959763427113e+00 7.819002713457602338e-01 1.102311586667413357e+00 1.643929798114436069e+00 4.371393799389243995e+00 3.051247953360786802e+00 4.896878571615460807e+00 5.011169815762325008e+00 -5.030603046564988690e-01 3.104653128392298012e+00
4.829782661156711843e-01 6.175513412818265380e-01 1.608729060790917487e+00 2.829230181777866449e+00 -6.239997861076653773e-01 3.089592286495571827e+00 -8.795105614132913141e-01 -1.592431129106585574e+00 2.501532687526689891e+00 4.512181041862008968e+00 1.485955895136868099e+00 4.138979317192228002e+00 4.234726985334331673e+00 -2.607770750531667847e+00 2.252104561648661907e+00
-6.924010758249279363e-01 1.889722542851076881e+00 2.046373148789773833e+00 3.297167268600686985e+00 5.271359907354526975e-01 1.909876552061037680e+00 1.133573679877543761e+00 7.044207342756438894e-01 3.738165431048324550e+00 3.411848246079400404e+00 2.758127096706118220e+00 4.576623405191083016e+00 4.702664072157152653e+00 -1.456634973688550216e+00 1.950491384202281964e-01
-7.258329873504985041e-01 1.768170517277751319e+00 2.095409232602870819e+00 3.447533658703288761e+00 3.963021472926152589e-01 1.791840357723190280e+00 1.213138795143201554e+00 7.345138546419403003e-01 3.643571912355151543e+00 3.410651971205233224e+00 2.636575071132793102e+00 4.625659489004180003e+00 4.853030462259753541e+00 -1.587468817131387544e+00 2.822226424105851450e-01
-7.406416614230605378e-01 1.725228509708808922e+00 2.109392454030996955e+00 3.504740367186700567e+00 3.489161871180592733e-01 1.747530356251759898e+00 1.251134179931141288e+00 7.449441531322891219e-01 3.603030289654779228e+00 3.427249682249123186e+00 2.593633063563848484e+00 4.639642710432307027e+00 4.910237170743164903e+00 -1.634854777305943196e+00 3.145378366194109820e-01
-6.399071097249867668e-01 1.764474221191655090e+00 2.101544525248999040e+00 3.474038478697534238e+00 3.893991747281314586e-01 1.779557547224229985e+00 1.138967097665725126e+00 6.467936645804355233e-01 3.693302659107004615e+00 3.485973463946088202e+00 2.632878775046694653e+00 4.631794781650309112e+00 4.879535282253998574e+00 -1.594371789695871122e+00 2.884564146458885037e-01
-5.765964945503622152e-01 1.803052077425570499e+00 2.101214019018286194e+00 3.452678278330628014e+00 4.280105574378978428e-01 1.803652225936152265e+00 1.062451354144546833e+00 5.834543913460633613e-01 3.756478430105877120e+00 3.518955923470450831e+00 2.671456631280609173e+00 4.631464275419595822e+00 4.858175081887091906e+00 -1.555760406986104405e+00 2.728005454128985541e-01
-5.904264520838201635e-01 1.792454856039640720e+00 2.100530755379643733e+00 3.468647178333544634e+00 4.222536531787114411e-01 1.788573721082068246e+00 1.083196057964247450e+00 5.921404874821712960e-01 3.730351274284442908e+00 3.514325297613707821e+00 2.660859409894679395e+00 4.630781011780952916e+00 4.874143981890008526e+00 -1.561517311245290918e+00 2.731278112392210855e-01
8.489068482455122577e+00 9.963992269846096761e+00 2.501485985230313958e+00 -2.371956582950778714e+00 7.471991620226612341e+00 7.548749369292162115e+00 -1.107156110014534356e+01 -7.393856006520537427e+00 1.603510620442683177e+01 6.760841658300885015e+00 1.083239682370112433e+01 5.031736241631638684e+00 -9.664597793943423554e-01 5.488220655802612313e+00 -1.168730001795877493e+00
8.516767881367822923e+00 1.001638886236731452e+01 2.542896584624844802e+00 -2.353655926478113614e+00 7.456691625774874765e+00 7.564336929488581163e+00 -1.106485397933072612e+01 -7.365225248108669298e+00 1.600665304119990751e+01 6.722704200372663585e+00 1.088479341622234386e+01 5.073146841026169973e+00 -9.481591229216770333e-01 5.472920661350873850e+00 -1.169630362425804204e+00
8.339090844766609223e+00 9.804311402570506928e+00 2.334823060452126953e+00 -2.404345003985251861e+00 7.480504701679383750e+00 7.474625270228091090e+00 -1.111898924067341987e+01 -7.531429892909788038e+00 1.618564196863023241e+01 6.940547878578430918e+00 1.067271595642553272e+01 4.865073316853454344e+00 -9.988482004288173899e-01 5.496733737255385499e+00 -1.191664524682368720e+00
8.309767482680204154e+00 9.750368454009207042e+00 2.239422797102622820e+00 -2.457566157745201263e+00 7.494670932463689539e+00 7.385818286946338240e+00 -1.112380825825490582e+01 -7.567062607139240171e+00 1.624216579720064146e+01 7.027823338234235884e+00 1.061877300786423284e+01 4.769673053503950655e+00 -1.052069354188766903e+00 5.510899968039691288e+00 -1.216035828518495343e+00
7.540041173512798345e+00 8.924698232307394008e+00 4.319605665917747306e-01 -3.630198013822335312e+00 7.675014352141526608e+00 5.769683075247151294e+00 -1.158045380392361956e+01 -8.269135320966618963e+00 1.770032635749914718e+01 9.088069391182997947e+00 9.793102786162414475e+00 2.962210822993103232e+00 -2.224701210265901175e+00 5.691243387717532798e+00 -1.698959049367097629e+00
8.109835946833321429e+00 9.291509809514860052e+00 1.052584941824049825e+00 -4.041825663844527128e+00 6.774141774045992825e+00 4.998723365511628103e+00 -1.227590651445618697e+01 -7.580845074759731794e+00 1.810095488283504039e+01 9.425593701336092423e+00 1.015991436336988052e+01 3.582835198225378548e+00 -2.636328860288092546e+00 4.790370809621997239e+00 -7.309638216457008397e-01
