7.335527626416994407e-01 2.418416593281047966e+00 1.400344199201581041e+00 2.686411565611537267e+00 1.990142026355616434e+00 4.567310964160693487e+00 2.220476297817234990e+00 2.729910224766384008e+00 1.694868696045559453e+00 4.955833518908527857e+00 5.086491937045513723e+00 4.546323578170086144e+00 2.230614304078902155e+00 5.018771166497024261e+00 2.938630219111094899e+00
7.342414847780186493e-01 2.410557349928593940e+00 1.405539050508191723e+00 2.664972768972538653e+00 1.998060001328752611e+00 4.590467053626930749e+00 2.202070113364560822e+00 2.714531419575607174e+00 1.697733404645834998e+00 4.962094790949749701e+00 5.078632693693059252e+00 4.551518429476696603e+00 2.209175507439903541e+00 5.026689141470160216e+00 2.936177939833264805e+00
6.790774047714831507e-01 2.395436757346107282e+00 1.381478220549845704e+00 2.699683334999916973e+00 1.936348144853401454e+00 4.563763234377105960e+00 2.252407610800688964e+00 2.773759885456285712e+00 1.696553255110102354e+00 4.975184579253047801e+00 5.063512101110573482e+00 4.527457599518350584e+00 2.243886073467281861e+00 4.964977284994809281e+00 2.938113183060877098e+00
-7.946960302341476279e+01 -1.414822898993160649e+01 -3.280909373985373634e+01 6.040920022779310017e+01 -9.168212113255528095e+01 -4.823892581289109671e+01 8.917221636062519963e+01 1.001851263144576620e+02 4.235117132832479037e+00 1.704801341227345546e+01 -1.148015364616703415e+01 -2.966311436088500386e+01 5.995340296626034871e+01 -8.865349199241367728e+01 9.738288516579549636e-01
-7.952326033282065509e+01 -1.419027934571279737e+01 -3.272744100183207649e+01 6.049281481846708886e+01 -9.171215771270620110e+01 -4.826056867156646035e+01 8.918888831006583473e+01 1.002055498107478684e+02 4.177436080068650526e+00 1.701138381724619819e+01 -1.152220400194822680e+01 -2.958146162286334402e+01 6.003701755693433739e+01 -8.868352857256459743e+01 1.023566255406129555e+00
-7.915231117527713423e+01 -1.404773059932264978e+01 -3.323431906525919999e+01 6.004642009023638849e+01 -9.149232579578465163e+01 -4.795566290607504101e+01 8.922755878590301393e+01 1.002925112395123222e+02 4.566070856910847020e+00 1.730350333213380054e+01 -1.137965525555807922e+01 -3.008833968629046751e+01 5.959062282870363703e+01 -8.846369665564304796e+01 5.907899765870012754e-01
-7.842042799366075201e+01 -1.383548370807601557e+01 -3.428408012363259871e+01 5.912157551215324247e+01 -9.068758096545062131e+01 -4.732060786368640493e+01 8.956305971884725636e+01 1.002612158277095915e+02 4.818175676478675840e+00 1.769677503968678067e+01 -1.116740836431144501e+01 -3.113810074466387334e+01 5.866577825062048390e+01 -8.765895182530903185e+01 -2.770110408683723602e-02
-8.055450521770998762e+01 -1.227746579726308340e+01 -3.122290474212147160e+01 6.164786548182848236e+01 -9.046449532438458618e+01 -4.683789110870019812e+01 8.950430009881844740e+01 9.997351150969657851e+01 6.642941440943316067e+00 1.778904940248430933e+01 -9.609390453498516393e+00 -2.807692536315279241e+01 6.119206822029570958e+01 -8.743586618424288304e+01 2.926879712350535456e+00
-8.058843101931566366e+01 -1.223790555360131549e+01 -3.124082281978337861e+01 6.160304538283348563e+01 -9.052257329689230403e+01 -4.678613029726061256e+01 8.945427862978094424e+01 1.000041903209423424e+02 6.625732525035249232e+00 1.777096678439329125e+01 -9.569830209836748480e+00 -2.809484344081469587e+01 6.114724812130071996e+01 -8.749394415675060088e+01 2.875117086125293930e+00
-8.064156671582661318e+01 -1.217319393849124687e+01 -3.127086574310841982e+01 6.153013099646535977e+01 -9.061520541266911266e+01 -4.670442701874137725e+01 8.937789759718340576e+01 1.000493573148315818e+02 6.596487175733303232e+00 1.775046841701476197e+01 -9.505118594726679859e+00 -2.812488636413973708e+01 6.107433373493260120e+01 -8.758657627252740951e+01 2.786952395906930224e+00
-8.087673936004715358e+01 -1.181276457758455933e+01 -3.166305828069269879e+01 6.074003734202498350e+01 -9.152191344848066024e+01 -4.608345644507061678e+01 8.884916178189116920e+01 1.003822976956666508e+02 6.302509931506888208e+00 1.793472273754463586e+01 -9.144689233819990548e+00 -2.851707890172401605e+01 6.028424008049221072e+01 -8.849328430833895709e+01 2.058113077258671098e+00
-7.977864360601208205e+01 -1.221474444167780682e+01 -3.261725396513933362e+01 5.977615391962519453e+01 -9.250357781395518941e+01 -4.610002095598514416e+01 8.943265220263954518e+01 9.975010264669259641e+01 5.819657333031193147e+00 1.849025254453133016e+01 -9.546669097913243363e+00 -2.947127458617058338e+01 5.932035665809249281e+01 -8.947494867381357153e+01 1.293097971972094751e+00
-7.977088103556665999e+01 -1.220554316205426559e+01 -3.262107117647305898e+01 5.975792845004940546e+01 -9.252085772580868195e+01 -4.614087023722800041e+01 8.947545917727130416e+01 9.978673771999119424e+01 5.858677977957964522e+00 1.852935322572330534e+01 -9.537467818289700361e+00 -2.947509179750430874e+01 5.930213118851669662e+01 -8.949222858566706407e+01 1.275314514015741363e+00
-7.977833090407756345e+01 -1.219230322771757535e+01 -3.261053448632440421e+01 5.975390340857489946e+01 -9.252668939639457335e+01 -4.618115904914238712e+01 8.951542090112668859e+01 9.982805459705699036e+01 5.903540734547984670e+00 1.857323987081337791e+01 -9.524227883953010121e+00 -2.946455510735566108e+01 5.929810614704219063e+01 -8.949806025625295547e+01 1.266974484944919599e+00
-7.995500833058447654e+01 -1.215545824173725542e+01 -3.233272273831521204e+01 5.979672526777586228e+01 -9.253626483559087035e+01 -4.657987174452656376e+01 8.992294681512159116e+01 1.003358189824135991e+02 6.471594257736717815e+00 1.913461372894643375e+01 -9.487382897972691964e+00 -2.918674335934646535e+01 5.934092800624315345e+01 -8.950763569544926668e+01 1.237127497044774982e+00
-7.991232712287818174e+01 -1.218785777519952873e+01 -3.234073755933015093e+01 5.978988870925960697e+01 -9.254243407024665657e+01 -4.655976159854050422e+01 8.990794801179529827e+01 1.002901330764904770e+02 6.425520541736893243e+00 1.908805556987676511e+01 -9.519782431434967052e+00 -2.919475818036140069e+01 5.933409144772689814e+01 -8.951380493010506711e+01 1.230928276188004711e+00
-7.840493871118680147e+01 -1.394827078866667414e+01 -3.274766569944786454e+01 5.956585547278525894e+01 -9.279513890336096438e+01 -4.472932573475547713e+01 8.841847434170576037e+01 9.814239635247636784e+01 4.139268687801662239e+00 1.687551625495014918e+01 -1.128019544490211068e+01 -2.960168632047911430e+01 5.911005821125254300e+01 -8.976650976321938913e+01 8.442151215281881171e-01
-7.848722248548843083e+01 -1.406465328405783488e+01 -3.284952141994628505e+01 5.961142214522874383e+01 -9.276628515047744372e+01 -4.474250916737813810e+01 8.840782782344888346e+01 9.810059664418416503e+01 4.048244843782022429e+00 1.680906504747819241e+01 -1.139657794029327142e+01 -2.970354204097753481e+01 5.915562488369602789e+01 -8.973765601033585426e+01 7.487232235098629785e-01
-7.208093381968271274e+01 -6.736310498681551628e+00 -2.591386823651664528e+01 5.528273250177056042e+01 -9.471670362842607460e+01 -4.435527199389822073e+01 8.825133738646030679e+01 9.945877676738861339e+01 9.261907873278065750e+00 2.014690788791386922e+01 -4.068235154917003271e+00 -2.276788885754793768e+01 5.482693524023788001e+01 -9.168807448828457041e+01 7.322115507442136462e+00
-7.207011453945254686e+01 -6.777649659591476805e+00 -2.596123793694890836e+01 5.535681029277419185e+01 -9.477503743127883240e+01 -4.438373009903513378e+01 8.813147586415595924e+01 9.950512362420738555e+01 9.197195704073310552e+00 2.026465054688929612e+01 -4.109574315826927560e+00 -2.281525855798020075e+01 5.490101303124151144e+01 -9.174640829113732821e+01 7.312663074266066765e+00
-7.207672966491371369e+01 -6.789082080261503727e+00 -2.597491928072611245e+01 5.536406004178819273e+01 -9.477694458593329330e+01 -4.438492776741339441e+01 8.811776099436742982e+01 9.950505881577976197e+01 9.193796812023325771e+00 2.028246784343109965e+01 -4.121006736496954481e+00 -2.282893990175740484e+01 5.490826278025551233e+01 -9.174831544579178910e+01 7.313364278729854284e+00
-7.206827363852313795e+01 -6.813249100426736149e+00 -2.600197475043480111e+01 5.541661440906859326e+01 -9.481499482554325198e+01 -4.439982114293157167e+01 8.804122670975149845e+01 9.951415370077091893e+01 9.165277986259431131e+00 2.035633183108599198e+01 -4.145173756662186904e+00 -2.285599537146609350e+01 5.496081714753590575e+01 -9.178636568540174778e+01 7.308482319841841601e+00
-7.212284993789593557e+01 -6.766109289983844199e+00 -2.595358625630030502e+01 5.524309210546091720e+01 -9.467635169648360716e+01 -4.435763735713263856e+01 8.826613614050506840e+01 9.950398984827116067e+01 9.233306087641818038e+00 2.014453513108122706e+01 -4.098033946219294954e+00 -2.280760687733159742e+01 5.478729484392822968e+01 -9.164772255634211717e+01 7.331321667709556067e+00
-7.210680387055539597e+01 -6.744108375581472359e+00 -2.593640809956916016e+01 5.525505238622722715e+01 -9.469307305772667860e+01 -4.435196194175747308e+01 8.827622143710013347e+01 9.949471235306340589e+01 9.245227412656030097e+00 2.013683566314784201e+01 -4.076033031816923113e+00 -2.279042872060045255e+01 5.479925512469454674e+01 -9.166444391758518861e+01 7.315511432976688155e+00
-7.210098407934913212e+01 -6.738991711659475747e+00 -2.593729424456388699e+01 5.527077273816838954e+01 -9.470840283942952453e+01 -4.434905889377463239e+01 8.826958384434482241e+01 9.948632337440247397e+01 9.255089931087439936e+00 2.014505079679507915e+01 -4.070916367894925614e+00 -2.279131486559518294e+01 5.481497547663570913e+01 -9.167977369928803455e+01 7.311961507181822029e+00
-7.211140918864016669e+01 -6.707347740605471564e+00 -2.591159147213882008e+01 5.522907227410340880e+01 -9.467903636151655178e+01 -4.432239310480728989e+01 8.836149655777596479e+01 9.943877201060243465e+01 9.319025532268772949e+00 2.006674908996820506e+01 -4.039272396840921431e+00 -2.276561209317011603e+01 5.477327501257072839e+01 -9.165040722137507601e+01 7.309094332075471989e+00
-7.210920002111561189e+01 -6.722071225874306499e+00 -2.593304652407630329e+01 5.525986693702132868e+01 -9.470556648733334271e+01 -4.432963616687670338e+01 8.831616555346451491e+01 9.945075914053830957e+01 9.305274206065913489e+00 2.010963621351348962e+01 -4.053995882109756366e+00 -2.278706714510759923e+01 5.480406967548864117e+01 -9.167693734719186693e+01 7.310775823917822436e+00
-7.210738284668954634e+01 -6.700392327477198151e+00 -2.592286762549095158e+01 5.525320176355785406e+01 -9.470298276961108286e+01 -4.431487422264355303e+01 8.835230571177307013e+01 9.942108952410177380e+01 9.344494876634911407e+00 2.007629632249154028e+01 -4.032316983712647129e+00 -2.277688824652225463e+01 5.479740450202516655e+01 -9.167435362946960709e+01 7.307066495349591406e+00
-7.210939049485062924e+01 -6.721988989076903565e+00 -2.595114806360022897e+01 5.528631409824324550e+01 -9.473221049744256561e+01 -4.432409037644869443e+01 8.830075901902343105e+01 9.943484709333452543e+01 9.326033789245833816e+00 2.012790769302140959e+01 -4.053913645312350766e+00 -2.280516868463152846e+01 5.483051683671059351e+01 -9.170358135730110405e+01 7.307194495277617108e+00
-7.210926797069504346e+01 -6.704755936565488739e+00 -2.594422772753619100e+01 5.527754852734314994e+01 -9.472569781790568300e+01 -4.431094551053641339e+01 8.833001306652283802e+01 9.941546244051492920e+01 9.358482694951176128e+00 2.010024758518718713e+01 -4.036680592800935941e+00 -2.279824834856748694e+01 5.482175126581049796e+01 -9.169706867776422143e+01 7.308454623336246847e+00
