6.379533819156221197e-01 3.125561217501732880e+00 4.669076945351279484e+00 3.187047864172313894e+00 5.806073664112576083e+00 7.540970466159754304e-01 4.059957719961867717e+00 1.988480674342126386e+00 5.913240562585168725e+00 1.099731943740334339e+00 2.532162746704404999e+00 5.223916738664778237e+00 2.383470395092558647e+00 3.950002918732730794e+00 1.863316129202631455e+00
1.801234096122035222e+00 3.932341221983020496e+00 4.355530473858726381e+00 2.578834767573841003e+00 5.428474244600656640e+00 4.722134871707589499e-01 3.637425666149771253e+00 2.791209827717676006e+00 7.090559563519051700e+00 -9.400529943865998384e-02 3.338942751185693059e+00 4.910370267172227798e+00 1.775257298494088642e+00 3.572403499220811351e+00 1.643189153514730716e+00
1.811209062705137152e+00 3.946543650444403362e+00 4.327403124885647046e+00 2.613017431044507344e+00 5.465730652444276139e+00 5.112595061761729953e-01 3.653562644823102001e+00 2.779672877477765702e+00 7.081428843176277077e+00 -8.074967429744762948e-02 3.353145179647078145e+00 4.882242918199150239e+00 1.809439961964756982e+00 3.609659907064430850e+00 1.679684533758996512e+00
1.869927291324038787e+00 4.021707423749095511e+00 4.303120098657667647e+00 2.586070127237874772e+00 5.454264887614468371e+00 4.845370286878958321e-01 3.635874620223479514e+00 2.798444587088574131e+00 7.157433830294189114e+00 -1.573766153165183646e-01 3.428308952951770294e+00 4.857959891971169952e+00 1.782492658158124632e+00 3.598194142234622639e+00 1.668201286947897932e+00
2.285423417275380675e-01 2.435851843917564707e+00 4.564642348308954212e+00 3.237896434066628082e+00 5.584030074879458461e+00 1.659414974260095876e+00 3.554111552732661217e+00 3.224530760100570603e+00 4.883805992704886023e+00 2.167439872548989399e+00 1.842453373120240379e+00 5.119482141622458293e+00 2.434318964986878608e+00 3.727959329499606511e+00 1.806054623889305821e+00
1.606000433051820719e-01 2.348190497848896552e+00 4.677768638939976853e+00 3.128951539934030190e+00 5.520163137257377173e+00 1.687822620654299444e+00 3.617122074992042080e+00 3.171881502477611914e+00 4.867315469943114259e+00 2.196882473733340557e+00 1.754792027051572223e+00 5.232608432253480046e+00 2.325374070854281161e+00 3.664092391877525223e+00 1.924710059917825955e+00
1.948544551335445463e-01 2.449710803156219807e+00 4.549250443069197125e+00 3.257200468657286407e+00 5.577874262364373337e+00 1.670001710872259570e+00 3.576173190722935491e+00 3.199239412088147994e+00 4.893200438211141368e+00 2.157384063892079151e+00 1.856312332358895478e+00 5.104090236382700319e+00 2.453622999577536490e+00 3.721803516984522275e+00 1.813446631725142977e+00
-2.024450693014412384e-01 1.660205086283615294e+00 5.462374659276190592e+00 2.353659660432394052e+00 5.226481632942690858e+00 1.868890110242411140e+00 3.949841493655203095e+00 2.860463105554906349e+00 4.702980146979348852e+00 2.469065031258252940e+00 1.066806615486291410e+00 6.017214452589694673e+00 1.550082191352644578e+00 3.370410887562839353e+00 2.705052271857438573e+00
-4.082604950152388668e-01 2.312028523315742490e+00 4.987414363272065110e+00 2.889701786270318706e+00 5.259471410968883376e+00 1.981313529823910846e+00 3.738119033712922423e+00 3.274925081817930739e+00 4.334904524465634346e+00 2.335415343172217106e+00 1.718630052518418605e+00 5.542254156585568303e+00 2.086124317190569677e+00 3.403400665589031870e+00 2.227227842536980695e+00
-4.932235531298182485e-01 2.018642273458851832e+00 5.211265617979511156e+00 2.682457427699355801e+00 5.032826288512056045e+00 1.805172354512518673e+00 3.969885457705740528e+00 2.933582254055441041e+00 4.481198229498185803e+00 2.494668083579869577e+00 1.425243802661527948e+00 5.766105411293014349e+00 1.878879958619606327e+00 3.176755543132204540e+00 2.632258351728035350e+00
-9.194251823025265669e-01 1.959194471399035020e+00 5.491573432195391291e+00 2.353085531035290945e+00 5.457452878854294198e+00 1.951969276038958423e+00 3.942993406075937735e+00 3.256640561426768610e+00 4.365122503180875135e+00 2.725363602252643069e+00 1.365796000601711579e+00 6.046413225508893596e+00 1.549508061955540805e+00 3.601382133474442249e+00 2.408334666183266748e+00
-1.313013519380769933e+00 1.989205408463873059e+00 5.725084436681354916e+00 2.123831392969810050e+00 5.930167313388816197e+00 1.805722119684687099e+00 4.203360836530697142e+00 3.697773905310677733e+00 4.223860013714456407e+00 2.921074718423894989e+00 1.395806937666549841e+00 6.279924229994857221e+00 1.320253923890060133e+00 4.074096568008965136e+00 2.008604143262050279e+00
-5.658273589938435100e-01 1.876303582499547762e+00 5.035074899394530235e+00 2.326676991081562118e+00 4.902555013237257064e+00 2.851567765600239390e+00 2.980660717197662457e+00 2.560429487563650852e+00 5.162365163407982571e+00 2.129018472955946706e+00 1.282905111702222323e+00 5.589914692708037869e+00 1.523099522001813089e+00 3.046484267857398009e+00 2.909682403632452452e+00
-5.853270576026875505e-01 1.896215178483743324e+00 5.015097009508988180e+00 2.350694470136573511e+00 4.911328979449396392e+00 2.849790425296151231e+00 2.982441968099802665e+00 2.554936948360748250e+00 5.162333182885188165e+00 2.106384143980118751e+00 1.302816707686417885e+00 5.569936802822496702e+00 1.547117001056824925e+00 3.055258234069538226e+00 2.908936727419610957e+00
3.461646160046650822e-01 1.177035504057388993e+00 5.852882977799856334e+00 2.159201365899614977e+00 3.757003083439948821e+00 3.195948401263776439e+00 2.588026640912477028e+00 1.994574345831541251e+00 4.707455786303926359e+00 1.790581905912786986e+00 5.836370332600635535e-01 6.407722771113364857e+00 1.355623896819867280e+00 1.900932338060090654e+00 3.148638992169490614e+00
2.478430094385853100e-01 1.271644421944119419e+00 5.771982269996302151e+00 2.136761446210559079e+00 3.871597015049369261e+00 3.167739381649187891e+00 2.655624268665303767e+00 2.049428623554661044e+00 4.694989553181269315e+00 1.769149684412943291e+00 6.782459511467938684e-01 6.326822063309811561e+00 1.333183977130811160e+00 2.015526269669511095e+00 3.114653504932043404e+00
2.741328897360855166e-01 1.244917351776210879e+00 5.788232537968012181e+00 2.134992728212416591e+00 3.857241905967619289e+00 3.170127948802654583e+00 2.673293606013487977e+00 2.062674257952701762e+00 4.670711354838276819e+00 1.738756833375162625e+00 6.515188809788855506e-01 6.343072331281520704e+00 1.331415259132668671e+00 2.001171160587761122e+00 3.117806106640103714e+00
1.661954838336610896e-01 1.350579311477814404e+00 5.701029830080932115e+00 2.102776639604936104e+00 3.988350783794836651e+00 3.144751769162906996e+00 2.755165625521826200e+00 2.118916198788309835e+00 4.658269571257415365e+00 1.719367628427057149e+00 7.571808406804882985e-01 6.255869623394440637e+00 1.299199170525188185e+00 2.132280038414979817e+00 3.079628522611693953e+00
1.410132884766514827e-01 1.375627310317425023e+00 5.683940679005713648e+00 2.075358446453716699e+00 4.030478259054833146e+00 3.137599951810130516e+00 2.795422812502767584e+00 2.138247285101140704e+00 4.649197049517374225e+00 1.706405080482572334e+00 7.822288395200985844e-01 6.238780472319223058e+00 1.271780977373968780e+00 2.174407513674976755e+00 3.050386629358688761e+00
7.014319689304683580e-02 1.446767781884484183e+00 5.638968937700271411e+00 2.038648301175869371e+00 4.125290569794676898e+00 3.127503800756797681e+00 2.863290639294089335e+00 2.157960096561193808e+00 4.652216045230367136e+00 1.708582569791083916e+00 8.533693110871570786e-01 6.193808731013781710e+00 1.235070832096120341e+00 2.269219824414819620e+00 3.011258139550001545e+00
5.339285202856659807e-02 1.464115991702330977e+00 5.646688072725083885e+00 2.008039353383727743e+00 4.163762890283340568e+00 3.124172871619690817e+00 2.918426653015240291e+00 2.160604286578000188e+00 4.657703994643020096e+00 1.712936907320364854e+00 8.707175209050038722e-01 6.201527866038594183e+00 1.204461884303978936e+00 2.307692144903483289e+00 2.981130636667618905e+00
4.024725654809361425e-02 1.477043606633891670e+00 5.686599924905588743e+00 2.028312432067064019e+00 4.175943218670640000e+00 3.125487657422280297e+00 2.995391249941068867e+00 2.139733379042572992e+00 4.688352771950582643e+00 1.713466700207616711e+00 8.836451358365651210e-01 6.241439718219096378e+00 1.224734962987314546e+00 2.319872473290782722e+00 3.010977702480760687e+00
3.619172894576432042e-02 1.481422191186696713e+00 5.641254319777442738e+00 2.019379855193703666e+00 4.181962294442714168e+00 3.124173923848348799e+00 2.896318418798361716e+00 2.152282775995126851e+00 4.655535044855185767e+00 1.716697962658111587e+00 8.880237203893700526e-01 6.196094113090949485e+00 1.215802386113953304e+00 2.325891549062856889e+00 2.980649415997165264e+00
1.929051693249903346e-02 1.498333876921929209e+00 5.608030511012681352e+00 2.024481692704228841e+00 4.191912175957384967e+00 3.124384120680496757e+00 2.868538229499990599e+00 2.154649806291998537e+00 4.651153033573616646e+00 1.721211444900568210e+00 9.049354061246024372e-01 6.162870304326188098e+00 1.220904223624478702e+00 2.335841430577527689e+00 2.983445446153989877e+00
-7.855939016815993714e-02 1.596075055184571267e+00 5.475066788279956853e+00 2.065673737184249070e+00 4.256330861499041163e+00 3.125304702439543281e+00 2.796367034189629397e+00 2.147988589614690191e+00 4.660844036968108561e+00 1.744448918483038735e+00 1.002676584387243608e+00 6.029906581593463599e+00 1.262096268104498709e+00 2.400260116119183884e+00 3.021334760308719947e+00
-4.838764534341351009e+00 6.342926937652644703e+00 4.727363902910344251e-01 4.712966916943454265e+00 7.674393124986618631e+00 2.902969757449654686e+00 1.442328337362363877e+00 1.600105910197095138e+00 6.082889701266125826e+00 2.398873776075181929e+00 5.749528466855315934e+00 1.027576183604545612e+00 3.909389447863704348e+00 5.818322379606761352e+00 5.521371616370220892e+00
-4.914743334500547789e+00 6.418599714414220614e+00 5.196870923568289724e-01 4.660739045799402902e+00 7.607883296616847701e+00 2.845373794319123739e+00 1.395938461100588279e+00 1.668088353408923918e+00 6.061252955530536113e+00 2.336067580627973150e+00 5.825201243616891844e+00 1.074526885670340270e+00 3.857161576719652984e+00 5.751812551236990423e+00 5.589933193703578773e+00
-5.004908099329731463e+00 6.508577344328991821e+00 5.698136465802970951e-01 4.608900957146113697e+00 7.537064389581152213e+00 2.788766021221753100e+00 1.346500768370647361e+00 1.752926632969646681e+00 6.041664688441992226e+00 2.265526935177095691e+00 5.915178873531662163e+00 1.124653439893808171e+00 3.805323488066364224e+00 5.680993644201294934e+00 5.669562464585459871e+00
-5.044210780090114810e+00 6.545578151890055985e+00 5.827851225819522529e-01 4.601176101549683040e+00 7.518714277981794147e+00 2.779083562390670004e+00 1.339651509335922253e+00 1.784233536759255667e+00 6.037032574533522045e+00 2.246183193903123154e+00 5.952179681092725438e+00 1.137624915895462774e+00 3.797598632469934454e+00 5.662643532601935981e+00 5.701112381724628975e+00
-5.187762017268884307e+00 6.724207826463256765e+00 6.891654336819630355e-01 4.376230632851849656e+00 7.285994592967695027e+00 2.512856700281867361e+00 1.063970719629818484e+00 2.037212922920196068e+00 5.939468584630743564e+00 2.027142268840682160e+00 6.130809355665926219e+00 1.244005226995474001e+00 3.572653163772101514e+00 5.429923847587837749e+00 5.878042340654192621e+00
