4.604914851501563433e+00 1.026570926629946090e+00 2.673577854446607116e+00 3.389439460992224262e+00 5.521063451387818510e+00 4.159651539912801788e+00 1.871297837992414170e-01 2.798302069767232059e+00 5.365737208569963279e+00 6.127950409310224167e+00 1.900423434546640034e-01 2.404207718557259899e+00 4.782638433746066120e+00 4.100008151496401965e+00 3.537220730373842881e-01
4.649842936164934493e+00 1.006054233657110331e+00 2.659009939801819211e+00 3.416194431615172444e+00 5.515017017759811679e+00 4.177909912221817734e+00 1.552854983918367515e-01 2.819884854482202385e+00 5.391304506547523800e+00 6.111085183282602529e+00 1.695256504818281329e-01 2.389639803912471994e+00 4.809393404369013858e+00 4.093961717868397798e+00 3.542921247801829043e-01
1.315373148776899370e+00 3.492711695612204181e+00 4.804585709950895733e+00 7.301970367487298219e-02 6.045983460376578300e+00 3.474205627179159261e+00 1.800536826678764912e+00 1.913351667851161508e+00 4.192266300626465103e+00 6.884951182220834909e+00 2.656183112436922844e+00 4.535215574061549404e+00 1.466218676428713064e+00 4.624928160485159978e+00 -5.904141195663181740e-02
1.293575163198880773e+00 3.511021466442252326e+00 4.809909630538827585e+00 9.691712489821134591e-02 6.060212099492685134e+00 3.508608002643365253e+00 1.836284283813865992e+00 1.880317240531373946e+00 4.197600523142387630e+00 6.923850887290743827e+00 2.674492883266970988e+00 4.540539494649480368e+00 1.490116097652051774e+00 4.639156799601267700e+00 -5.234324785653783618e-02
1.226896981329399505e+00 3.568454310966016063e+00 4.766292786951667360e+00 1.522829165499974824e-01 5.989205029914714373e+00 3.465005215060560140e+00 1.789471132901150785e+00 1.930582830235108904e+00 4.167961218590278349e+00 6.955678603862113007e+00 2.731925727790728509e+00 4.496922651062313925e+00 1.545481889303836898e+00 4.568149730023301380e+00 -9.581485601821147779e-02
1.197853631714038247e+00 3.590191843381934422e+00 4.734529592093347006e+00 1.698449609409886929e-01 5.938943712183308854e+00 3.413829498900797343e+00 1.738762012182321071e+00 1.982958235609998399e+00 4.134544664758148080e+00 6.960610426788774063e+00 2.753663260206646424e+00 4.465159456203993571e+00 1.563043933694827636e+00 4.517888412291895861e+00 -1.138696545045387309e-01
1.276412452917325968e+00 3.624469319062512351e+00 5.211263039187350898e+00 2.854148868248000959e-01 6.285938217601517053e+00 4.392590020376423432e+00 2.690230446002880083e+00 1.194292710110313793e+00 4.656829609126580394e+00 7.120247228208679502e+00 2.787940735887224353e+00 4.941892903297997464e+00 1.678613859578639733e+00 4.864882917710106724e+00 -1.628057099862486590e-01
-8.064275153339943714e-01 3.336933812806875288e+00 3.827095386789231668e+00 1.756818008536208398e-01 2.311786749488766279e+00 1.002246023970593036e+00 -3.148812682624519965e-01 5.536499052432706236e+00 1.656179941969009306e+00 6.525345058759192796e+00 2.500405229631586845e+00 3.557725250899881786e+00 1.568880773607460810e+00 8.907314495973559509e-01 -8.086781418681761036e-01
-3.078456496059383873e+00 3.676179163043185039e+00 3.561799032327793046e+00 -2.093746195478293881e+00 1.928559587899450811e+00 3.426312979532935010e+00 2.758354460908366335e+00 5.503705081435054325e+00 -4.757241156486595735e-01 8.821129356701177926e+00 2.839650579867895708e+00 3.292428896438442720e+00 -7.005472227244542438e-01 5.075042880080402607e-01 -1.834275272989036143e+00
-3.126957810834289919e+00 3.701577106898134240e+00 3.510252266483149253e+00 -2.185256723376899135e+00 1.856464121675385659e+00 3.419663745899800489e+00 2.777795514076919048e+00 5.463089332180262048e+00 -4.283564018247483229e-01 8.827832889492599477e+00 2.865048523722843576e+00 3.240882130593798038e+00 -7.920577506230603859e-01 4.354088217839746089e-01 -1.745995835173473010e+00
-3.212909911939259011e+00 3.752922634216189213e+00 3.421285348540687998e+00 -2.327564125426077268e+00 1.731191123365982021e+00 3.417755914010429663e+00 2.811214317039112842e+00 5.437740981249588046e+00 -3.942666853784368430e-01 8.868638255418826333e+00 2.916394051040898550e+00 3.151915212651337228e+00 -9.343651526722382972e-01 3.101358234745709153e-01 -1.611392618328421511e+00
-3.243419800797165742e+00 3.814902282101066078e+00 3.390878159836228534e+00 -2.252016805295361745e+00 1.759911555992204057e+00 3.408559141923741986e+00 2.765197705090187696e+00 5.424529205559195155e+00 -3.672414919154514679e-01 8.750117607769267281e+00 2.978373698925774971e+00 3.121508023946878208e+00 -8.588178325415225522e-01 3.388562561007930629e-01 -1.652060196011774229e+00
-3.291891215164755025e+00 3.900442211316653474e+00 3.346884761262229002e+00 -2.165590718796213121e+00 1.790686205656861540e+00 3.392871591592159675e+00 2.692469725808964043e+00 5.382709267123368058e+00 -3.297113256315689633e-01 8.600480500210410995e+00 3.063913628141362366e+00 3.077514625372879120e+00 -7.723917460423737058e-01 3.696309057654508790e-01 -1.701278047771209945e+00
-5.590256042250631552e+00 8.632689051921930812e+00 1.399111799322970917e+00 3.901266775536658127e+00 4.624899106713375119e+00 1.917990560677068412e+00 -3.537203096556764237e+00 4.188606863369122024e-01 2.849415274155759459e+00 -1.713895681726150144e+00 7.796160468746657024e+00 1.129741663433629251e+00 5.294465748290499540e+00 3.203843806821972340e+00 -4.765889421969733419e+00
-3.014194341124663890e+00 3.914005999937408831e-01 4.881989305581363681e+00 4.310132470249656400e+00 5.091148100318380720e+00 5.594843209251811444e+00 -1.207155499025601486e+01 2.474231103886719740e+00 4.835365228577978236e+00 6.699093602268407111e+00 -4.451279831815169175e-01 4.612619169692013799e+00 5.703331443003492041e+00 3.670092800426967727e+00 -6.406660803275107341e+00
-2.994697571459520979e+00 5.737334266869926758e-01 4.948106327672162408e+00 4.422280338472749150e+00 4.823956311339922642e+00 5.639897147492339613e+00 -1.203660812709224359e+01 2.417327324458694360e+00 4.701289069327542869e+00 6.700457938716742667e+00 -2.627951564882653468e-01 4.678736191782813414e+00 5.815479311226585679e+00 3.402901011448507873e+00 -6.679763333368944345e+00
-3.093917294922236660e+00 3.166416595537562273e-01 4.793066837454407647e+00 4.355718455160089597e+00 5.119389666803324523e+00 5.603476309997919458e+00 -1.211076090799426730e+01 2.530433588867209593e+00 4.757951891525352472e+00 6.713444256306787317e+00 -5.198869236215002410e-01 4.523696701565058653e+00 5.748917427913926126e+00 3.698334366911911086e+00 -6.352984834240106515e+00
-3.082410752762023254e+00 2.718360546575518955e-01 4.785474484594814726e+00 4.314533016220106987e+00 5.165741984732149739e+00 5.599248284043350843e+00 -1.210029501814845609e+01 2.510338221294311278e+00 4.822108140307894253e+00 6.687218414755250251e+00 -5.646925285177050169e-01 4.516104348705464844e+00 5.707731988973943515e+00 3.744686684840736746e+00 -6.284764359113129473e+00
-3.377964643920279730e+00 2.239838103257217883e-01 4.535659186248088837e+00 4.674461702809061592e+00 5.057637467505830209e+00 5.617605472234637354e+00 -1.218436038078458417e+01 2.653103802776495712e+00 4.552813459349887459e+00 6.676211475786158367e+00 -6.125447728495346800e-01 4.266289050358739843e+00 6.067660675562899009e+00 3.636582167614418104e+00 -6.441249770418568055e+00
-3.213175774971875676e+00 1.755695088349907840e-01 4.594979105669224850e+00 4.538015644643680346e+00 4.781347147046608015e+00 5.682802549752818955e+00 -1.198569912855214703e+01 2.329883266012505505e+00 4.671758779080092516e+00 6.666471446775084075e+00 -6.609590743402663504e-01 4.325608969779876745e+00 5.931214617397515099e+00 3.360291847155198575e+00 -6.607333999603032915e+00
-3.244823108359945696e+00 1.402453833479607448e-01 4.564511354949031485e+00 4.549301713365714761e+00 4.788089523441789730e+00 5.684442026570384776e+00 -1.198261143989423871e+01 2.319197918800102176e+00 4.703458692939186392e+00 6.647501458050051326e+00 -6.962831998272973610e-01 4.295141219059683380e+00 5.942500686119550402e+00 3.367034223550378957e+00 -6.587561662715836874e+00
-2.763402359793639018e+00 1.029495711229589716e+00 5.252852484322566795e+00 4.524908446398371531e+00 4.848240440775642313e+00 5.630329509649585340e+00 -1.205228448959698540e+01 2.808862529502123895e+00 3.745309045371699952e+00 7.064224153905346526e+00 1.929671280543325818e-01 4.983482348433217801e+00 5.918107419152208948e+00 3.427185140884233316e+00 -6.677537255999993704e+00
-2.767783391984690144e+00 1.004269137637827658e+00 5.236915796608752061e+00 4.539639925561174572e+00 4.846981106679552731e+00 5.621360896104310889e+00 -1.207820118040691604e+01 2.825054158641132407e+00 3.726778516572033073e+00 7.043276254732577790e+00 1.677405544625711342e-01 4.967545660719402179e+00 5.932838898315010212e+00 3.425925806788143735e+00 -6.703923760614013183e+00
-3.854588323818238571e+00 4.012003372278978297e-01 4.851075653764469919e+00 4.508339033715515143e+00 4.824632315315214193e+00 5.911820445994611539e+00 -1.101547457549852638e+01 1.852179060376331288e+00 4.801613979235483498e+00 6.464567009793078078e+00 -4.353282459473595822e-01 4.581705517875120925e+00 5.901538006469353448e+00 3.403577015423804308e+00 -6.188238361020549583e+00
-5.513814274887449685e+00 -4.456219795697126118e-01 2.300029598352699711e+00 4.178267011078123261e+00 7.480930881740737171e+00 3.716646741948914645e+00 -1.327761041250355767e+01 4.112373752552406003e+00 6.280687414673094437e+00 6.544260455366957885e+00 -1.282150562744972744e+00 2.030659462463351161e+00 5.571465983831962454e+00 6.059875581849329507e+00 -3.507288194519697644e+00
-4.653552037803097008e+00 -1.239983598848167112e+00 1.669062806933530485e+00 4.708028881623540940e+00 8.008970094034134846e+00 3.477728908710204347e+00 -1.299215425214965691e+01 3.554536684679127312e+00 6.688220940972840367e+00 6.279412136698336866e+00 -2.076512182023427133e+00 1.399692671044182379e+00 6.101227854377381021e+00 6.587914794142728070e+00 -2.848913715615609021e+00
-8.865447501036053168e+00 2.513821588867719559e+00 4.463564710960008952e+00 3.320068153135956379e+00 5.577243848415623262e+00 7.743533515210872409e+00 -1.698374428144669679e+01 7.263506425454977489e+00 1.114208266426060945e+01 7.894762571945204144e+00 1.677293005692463534e+00 4.194194575070661735e+00 4.713267125889797349e+00 4.156188548524218263e+00 -5.298672729435118356e+00
-8.939999374891765882e+00 2.363539641673180203e+00 4.391821491723511883e+00 3.188584422521791861e+00 5.682901633550898168e+00 7.830599181361583838e+00 -1.697261916068123355e+01 7.130897809435439605e+00 1.117052016537492243e+01 7.817360628300165537e+00 1.527011058497923734e+00 4.122451355834164666e+00 4.581783395275633275e+00 4.261846333659493169e+00 -5.172073245628763694e+00
-8.957016598897128645e+00 2.293158746307986995e+00 4.371751472390283055e+00 3.141907321442748646e+00 5.728757111355817777e+00 7.861772187801195244e+00 -1.698957561057117971e+01 7.077233092285053040e+00 1.119087897596218362e+01 7.765730166400604872e+00 1.456630163132730305e+00 4.102381336500935838e+00 4.535106294196589616e+00 4.307701811464412778e+00 -5.129829092404261104e+00
-8.820345831998956498e+00 1.764935932623618697e+00 4.323833613384191032e+00 3.088217739449692800e+00 6.033504590143000890e+00 7.961778006261163831e+00 -1.733677041116145645e+01 6.762194983388897462e+00 1.154236076804294520e+01 7.271765343770184131e+00 9.284073494483617850e-01 4.054463477494843815e+00 4.481416712203533770e+00 4.612449290251595890e+00 -5.072165546392048974e+00
