3.390879204383399070e+00 8.840487482079151249e-01 1.900097814451021216e+00 3.303498308745855372e+00 6.113548090986300032e+00 3.350204862022537533e+00 5.604165770544413228e+00 1.362283190876111050e+00 4.399406032822440693e+00 4.457796021708586132e+00 5.023755685869163656e+00 3.089995037423430180e+00 3.055460396586133331e+00 4.814903360002641186e+00 1.331413567784649032e+00
3.406312107787824228e+00 8.611993827078523456e-01 1.899081137090611549e+00 3.312963842931668346e+00 6.109631143205729309e+00 3.340384823928726821e+00 5.581738420762025754e+00 1.323909002611187935e+00 4.360715010383947821e+00 4.469719577765005170e+00 5.000906320369099767e+00 3.088978360063020290e+00 3.064925930771946749e+00 4.810986412222070463e+00 1.295608647998148344e+00
3.426406253474107988e+00 8.427438640545050763e-01 1.880766776044614730e+00 3.304974123481264403e+00 6.100593970532131038e+00 3.341889893122969024e+00 5.590899992945314700e+00 1.312266296572439650e+00 4.348769148234135073e+00 4.456727604660299491e+00 4.982450801715752498e+00 3.070663999017023471e+00 3.056936211321542807e+00 4.801949239548473081e+00 1.285329694998197159e+00
3.434405729767235016e+00 8.320732029057194001e-01 1.878484314323864979e+00 3.310057536915854026e+00 6.096639309405427198e+00 3.337657960795848311e+00 5.581827132838077965e+00 1.296062157014436833e+00 4.332403235677091402e+00 4.462096374721834735e+00 4.971780140566966821e+00 3.068381537296273720e+00 3.062019624756132874e+00 4.797994578421769241e+00 1.270918444917561674e+00
3.427025207777449456e+00 8.334149620547584014e-01 1.894600340360264479e+00 3.328236285162306629e+00 6.100448201149977656e+00 3.330018179286380331e+00 5.558367805553936947e+00 1.281400585265173975e+00 4.317509131758642482e+00 4.485277855283722026e+00 4.973121899716017147e+00 3.084497563332676773e+00 3.080198373002583700e+00 4.801803470166317922e+00 1.257545164148019756e+00
3.451765556549892811e+00 8.153445908595234881e-01 1.861674989939234637e+00 3.306831977819459922e+00 6.088593948028673708e+00 3.336032340429090581e+00 5.586877407948083629e+00 1.279461857876842190e+00 4.316360974096504322e+00 4.454532760157919213e+00 4.955051528520782789e+00 3.051572212911646709e+00 3.058794065659736994e+00 4.789949217045013974e+00 1.256865025713964856e+00
6.733180358035181889e+00 -1.538868972007199520e+00 -2.456532548507476932e+00 -2.563489363111237651e-01 4.427107078206201862e+00 4.204977643223645423e+00 9.281648409884567741e+00 1.539258107091032501e+00 4.630068433770252234e+00 -6.760947535600081437e-02 2.600837965654046791e+00 -1.266635325535102830e+00 -5.043868484709976840e-01 3.128462347222486173e+00 1.555879031014015368e+00
6.790586726541124385e+00 -1.568679306346845159e+00 -2.424171381895351196e+00 -2.650844255561157770e-01 4.484058760850394343e+00 4.203278079075349893e+00 9.239596665654417507e+00 1.583408902541849406e+00 4.639151627415667889e+00 -6.138161736176896838e-02 2.571027631314401152e+00 -1.234274158922977094e+00 -5.131223377159896959e-01 3.185414029866678653e+00 1.612123551884629080e+00
6.565844892343713823e+00 -1.461532499633808158e+00 -2.543239973751342031e+00 -1.867559712367944103e-01 4.248880728233490167e+00 4.240482334700400813e+00 9.406582936233117920e+00 1.476523887070792851e+00 4.644049652985003718e+00 -1.015174426851374601e-01 2.678174438027438597e+00 -1.353342750778967929e+00 -4.347938833966683014e-01 2.950235997249774034e+00 1.377668268406955887e+00
5.331406647738266891e+00 -1.054581668264444883e+00 -2.929234299610845138e+00 -1.431615028015949531e-01 2.969152077113376365e+00 4.230724315795630019e+00 9.620105585683420557e+00 3.032564191487203686e-01 4.544766474323751027e+00 -3.857598541789546420e-01 3.085125269396801873e+00 -1.739337076638469037e+00 -3.911994149614697047e-01 1.670507346129658899e+00 1.406915814463558512e-01
5.356265487910883749e+00 -1.064405115455137052e+00 -2.915817252868434295e+00 -1.389810931231524604e-01 2.972885394416195037e+00 4.230817656979807495e+00 9.611072387464519196e+00 2.944948197637728415e-01 4.522706248243084204e+00 -3.764429631329178072e-01 3.075301822206109481e+00 -1.725920029896058416e+00 -3.870190052830271843e-01 1.674240663432477572e+00 1.426699223570268571e-01
5.329876426255956368e+00 -1.074825487735211915e+00 -2.905897939041308664e+00 -1.385098792119700550e-01 2.925057767412991172e+00 4.290345916791045155e+00 9.686387002641735577e+00 3.549811945661901502e-01 4.564997810519900945e+00 -3.697804357439874456e-01 3.064881449926034396e+00 -1.716000716068932785e+00 -3.865477913718447511e-01 1.626413036429273484e+00 1.513158899523211476e-01
5.315613025424455351e+00 -1.083154778913314686e+00 -2.891716019048970132e+00 -1.383321194906436125e-01 2.890110927912394434e+00 4.350255617297052346e+00 9.751962356138770716e+00 4.023912335435690935e-01 4.595593648573681911e+00 -3.643654666380209961e-01 3.056552158747932069e+00 -1.701818796076594031e+00 -3.863700316505185861e-01 1.591466196928675858e+00 1.588279900535116418e-01
5.330082306040026197e+00 -1.083376016789185492e+00 -2.886305019047754605e+00 -1.393025202143411689e-01 2.894919238225927227e+00 4.345580784850588962e+00 9.743812158726479211e+00 3.931238750202734611e-01 4.580259978836990875e+00 -3.605618068533091858e-01 3.056330920872061263e+00 -1.696407796075378727e+00 -3.873404323742164479e-01 1.596274507242208429e+00 1.591109593350639173e-01
5.342846951017658164e+00 -1.083407965745105450e+00 -2.879231770761345732e+00 -1.405060386081447843e-01 2.895405011544245344e+00 4.349306330083900995e+00 9.744447377293857571e+00 3.896991663904136871e-01 4.568775320548903451e+00 -3.564061195012662164e-01 3.056298971916141305e+00 -1.689334547788969632e+00 -3.885439507680210625e-01 1.596760280560525658e+00 1.598895697752850120e-01
5.309904173104899705e+00 -1.081371167365120067e+00 -2.861582339880222925e+00 -1.403104045034907488e-01 2.838256373692440437e+00 4.456401219895916199e+00 9.857204626348192278e+00 4.693832985693835447e-01 4.630334655303308011e+00 -3.529116849140381262e-01 3.058335770296126910e+00 -1.671685116907846824e+00 -3.883483166633671102e-01 1.539611642708720973e+00 1.640708257796003045e-01
5.311544592157506628e+00 -1.083184178878411785e+00 -2.864159769360662189e+00 -1.403904846443497778e-01 2.839590565030705172e+00 4.446203583251950420e+00 9.848372293741711303e+00 4.638554368680170015e-01 4.625395667025441249e+00 -3.524415889586764994e-01 3.056522758782835414e+00 -1.674262546388285866e+00 -3.884283968042261392e-01 1.540945834046985707e+00 1.629606771827055989e-01
5.314812072273285004e+00 -1.085677001642359141e+00 -2.867987789363950490e+00 -1.406008369382450718e-01 2.842301979083696306e+00 4.429504645377104310e+00 9.833742098080948679e+00 4.541656656233738487e-01 4.616679469123742940e+00 -3.516290988323292899e-01 3.054029936018888058e+00 -1.678090566391574168e+00 -3.886387490981215165e-01 1.543657248099976842e+00 1.610734315920019921e-01
5.313922264534261863e+00 -1.071845347500083312e+00 -2.841742153388942871e+00 -1.422304095024649329e-01 2.830933528319425019e+00 4.515774907390333937e+00 9.905419691285208827e+00 4.991757798837785920e-01 4.646921449353248690e+00 -3.503252357785704429e-01 3.067861590161163221e+00 -1.651844930416566548e+00 -3.902683216623414886e-01 1.532288797335705111e+00 1.729645006195225931e-01
5.138780174961538272e+00 -1.607395877409103946e+00 -3.329866295881905192e+00 -8.264703006812046393e-02 2.751759039104818783e+00 3.412124530902720831e+00 9.014126173169469070e+00 2.381314861300397601e-01 4.491919185748909804e+00 -3.521426660153298416e-01 2.532311060252143697e+00 -2.139969072909529757e+00 -3.306849422279957151e-01 1.453114308121099096e+00 1.222151393927238261e-01
5.166974804531330179e+00 -1.604482837968011832e+00 -3.528971149073032887e+00 -2.954646637579692037e-01 2.673168215698708217e+00 2.783340992511314393e+00 8.322207972106525631e+00 -3.596100319901547326e-01 3.806631027094685926e+00 -2.340934479267243185e-01 2.535224099693235811e+00 -2.339073926100657008e+00 -5.435025759178443439e-01 1.374523484714988530e+00 -1.402546041584109560e-01
5.139243859208577625e+00 -1.572687765366459711e+00 -3.525354175366449905e+00 -2.807432074149415757e-01 2.688560701636717010e+00 2.814557949032861384e+00 8.344170832110306080e+00 -3.248196203592318421e-01 3.814403239107059473e+00 -2.056501734134408288e-01 2.567019172294792373e+00 -2.335456952394072250e+00 -5.287811195748167714e-01 1.389915970652997323e+00 -1.192557080279039727e-01
5.124664866482922854e+00 -1.544290840132413578e+00 -3.514120215997455610e+00 -2.508809161064984861e-01 2.710124963481950200e+00 2.893221155342471818e+00 8.406752754338324252e+00 -2.575236322490058738e-01 3.872426081114479501e+00 -1.783084262650115326e-01 2.595416097528838506e+00 -2.324222993025077955e+00 -4.989188282663738483e-01 1.411480232498230292e+00 -9.265673868133864066e-02
5.097274594911008094e+00 -1.545715423426424318e+00 -3.513459987209615054e+00 -2.769701289862359084e-01 2.683743914642789274e+00 2.730381798670140636e+00 8.296243279951092120e+00 -3.388607355696268142e-01 3.716122134636506757e+00 -2.000207027182765995e-01 2.593991514234827545e+00 -2.323562764237237399e+00 -5.250080411461112151e-01 1.385099183659069144e+00 -1.075014055576714589e-01
5.092934164322553414e+00 -1.540508554420002341e+00 -3.507197557738982674e+00 -2.735916428674438072e-01 2.681867903488362792e+00 2.735403009855164047e+00 8.297289934673782952e+00 -3.311326128203263552e-01 3.714074301177979098e+00 -1.958092217063047702e-01 2.599198383241249299e+00 -2.317300334766605019e+00 -5.216295550273190029e-01 1.383223172504642662e+00 -1.059328803703352972e-01
5.084093663814246433e+00 -1.549525832363056965e+00 -3.550176570855201774e+00 -3.429740199025391734e-01 2.685429614857432590e+00 2.595893519260807469e+00 8.166688473320393271e+00 -4.370802292828309676e-01 3.577380913186746891e+00 -2.147943401779585371e-01 2.590181105298194897e+00 -2.360279347882824119e+00 -5.910119320624145356e-01 1.386784883873712459e+00 -1.112973359731470879e-01
5.076548632174040065e+00 -1.552223898395134194e+00 -3.604940416201991127e+00 -4.078172657236254217e-01 2.713161501414768306e+00 2.519496349933523671e+00 8.085269868273819327e+00 -5.042892306687225545e-01 3.525050714616643432e+00 -2.209927884864734127e-01 2.587483039266117668e+00 -2.415043193229613916e+00 -6.558551778835007839e-01 1.414516770431048176e+00 -1.098669316955258463e-01
5.145185729461420721e+00 -1.557730628279019314e+00 -3.421240153579570897e+00 -2.577257351416383790e-01 2.638111513831355559e+00 2.749662638909369683e+00 8.319187054016589755e+00 -2.911978597234449739e-01 3.662584241668484619e+00 -2.030757999676606751e-01 2.581976309382232326e+00 -2.231342930607193686e+00 -5.057636473015149070e-01 1.339466782847637649e+00 -9.680665116991159225e-02
5.120725203577800144e+00 -1.530783759397515986e+00 -3.416872915282735956e+00 -2.452577296092806614e-01 2.646735684905272112e+00 2.781523829027057193e+00 8.343374383250294457e+00 -2.531866567787026123e-01 3.684942504425198440e+00 -1.858862437612708030e-01 2.608923178263735654e+00 -2.226975692310358745e+00 -4.932956417691571893e-01 1.348090953921554425e+00 -8.320778006852763697e-02
5.131003941910173616e+00 -1.542339553791440832e+00 -3.415677634222327175e+00 -2.571992538188201949e-01 2.636555836674351116e+00 2.712839926323130868e+00 8.268349564010945230e+00 -3.141035323330046980e-01 3.601343709610953514e+00 -1.913284071779907114e-01 2.597367383869810809e+00 -2.225780411249949964e+00 -5.052371659786968339e-01 1.337911105690633429e+00 -8.967390574969408279e-02
