3.291746342149568960e+00 5.820050961216692187e+00 1.673789405388296680e+00 1.327736263002756156e-01 3.625977914306032446e+00 9.432508361424729593e-01 1.558054308124722009e+00 4.415723736398089905e+00 3.273734646607161736e+00 4.270554787160117272e+00 5.560781052293000570e+00 2.203708199405761015e+00 3.820352335127568111e+00 2.656092071100259577e+00 5.321547711346002352e+00
5.774973237184189756e+00 6.294130820880043053e+00 4.542820633049553525e-01 -1.644250828219976812e+00 5.346114994610275062e+00 1.151397884116548198e+00 -6.922412741145902437e-01 5.622882881940483912e+00 8.741563587612861674e-01 1.870269565957173974e+00 6.034860911956351437e+00 9.842008573224210188e-01 2.043327880607315628e+00 4.376229151404502637e+00 4.960469730475098871e+00
5.797546683321941785e+00 6.206702154494531776e+00 4.243693324530459221e-01 -1.625170921404128110e+00 5.333521859672504029e+00 1.103349962275900209e+00 -7.558892670280169535e-01 5.675292308444269906e+00 9.607945737877591208e-01 1.772750553282644637e+00 5.947432245570840159e+00 9.542881264705118660e-01 2.062407787423164329e+00 4.363636016466731604e+00 4.977892489894841788e+00
5.793311156447827237e+00 6.319328035276090993e+00 4.818897577030664126e-01 -1.632994999930018842e+00 5.385342298003138239e+00 1.171158873082647434e+00 -6.679837381257481832e-01 5.599833333038439775e+00 8.434145274577813378e-01 1.896529319975022609e+00 6.060058126352399377e+00 1.011808551720532412e+00 2.054583708897273819e+00 4.415456454797366703e+00 4.953053216651169599e+00
5.787216078380378548e+00 6.374099701822872888e+00 5.106419824744506952e-01 -1.637171437235412697e+00 5.402207895863419651e+00 1.204467097842970791e+00 -6.298096697659764098e-01 5.550405534072337055e+00 7.776984574698353470e-01 1.965117398224688339e+00 6.114829792899181271e+00 1.040560776491916251e+00 2.050407271591879521e+00 4.432322052657648115e+00 4.952337370969874364e+00
5.834370023645903736e+00 5.905633065898658884e+00 2.428916291499207403e-01 -1.609379743405829455e+00 5.283741204181804818e+00 9.982706967640492257e-01 -8.655185543926615654e-01 5.870167067864769272e+00 1.272092318611566908e+00 1.418230107851221611e+00 5.646363156974966380e+00 7.728104231673864621e-01 2.078198965421463651e+00 4.313855360976034170e+00 4.917354501728659955e+00
1.430982311903267146e+01 1.213577952863469633e+01 9.364256431296240635e+00 6.260715312734188132e+00 7.528177157866366542e+00 3.438216406161141325e+00 -5.198071758592123892e+00 2.652976928508357979e+00 -2.406525546244888680e+00 4.513985526883585564e+00 1.187650961971100827e+01 9.894175225313716737e+00 9.948294021561483902e+00 6.558291314660593230e+00 1.353098140864868171e+01
1.498486457548216322e+01 1.138119183268463352e+01 8.484247952272539806e+00 7.305995678034041596e+00 6.843685428783127023e+00 4.262558488601007056e+00 -4.847945393671635905e+00 2.857789065790628413e+00 -2.595842788448177618e+00 3.693498709567252014e+00 1.112192192376094368e+01 9.014166746290014132e+00 1.099357438686133825e+01 5.873799585577354598e+00 1.380752318392120515e+01
1.572243862006907023e+01 1.147979171879406657e+01 7.839561177292089234e+00 7.657963883221083456e+00 5.992783428301975412e+00 3.767679004971697498e+00 -3.879602810319977113e+00 2.954876810989035540e+00 -1.995452010234442408e+00 4.369230402924308976e+00 1.122052180987037673e+01 8.369479971309564448e+00 1.134554259204838189e+01 5.022897585096203876e+00 1.478181814218942058e+01
1.614284168179212742e+01 1.045159121815224701e+01 8.975703326303742458e+00 6.492817653644127773e+00 6.413700804292269630e+00 3.752696263341758431e+00 -4.297154041474264830e+00 3.462705031579130122e+00 -1.472347757038217519e+00 3.325279699497316166e+00 1.019232130922855717e+01 9.505622120321220336e+00 1.018039636247142532e+01 5.443814961086497206e+00 1.513683482081311382e+01
1.600109508575376083e+01 1.049267525651517197e+01 8.940660349908291948e+00 6.562022143996702361e+00 6.611586348694767246e+00 3.689202315827470713e+00 -4.094941990794485953e+00 3.641662968451211846e+00 -1.502755464335701507e+00 3.327808101092949222e+00 1.023340534759148213e+01 9.470579143925769827e+00 1.024960085282399724e+01 5.641700505488993045e+00 1.493228092749379243e+01
1.618033311516077433e+01 1.067154143110687947e+01 8.815842717864720512e+00 6.188028797101499556e+00 5.855591813499908760e+00 3.825694584065977732e+00 -4.795052733811543177e+00 3.234027252010031717e+00 -1.407134732654619080e+00 3.525116504695522845e+00 1.041227152218319674e+01 9.345761511882194839e+00 9.875607505928785557e+00 4.885705970294139000e+00 1.563110697391485004e+01
1.612021978192725769e+01 1.057111855039510573e+01 8.837547749720449985e+00 6.178870593482603368e+00 5.930264759192555246e+00 3.694798672187788569e+00 -4.566536218141856729e+00 3.444325132410065660e+00 -1.563576483077080859e+00 3.518135951781622417e+00 1.031184864147142299e+01 9.367466543737929641e+00 9.866449302309890257e+00 4.960378915986786375e+00 1.543446501526949177e+01
1.638324330815579088e+01 1.067090660300985050e+01 8.822456118795299673e+00 6.170004358402695566e+00 5.430030555773575962e+00 3.803770925215633092e+00 -5.369998384960961602e+00 2.705285989701795124e+00 -1.026841232222259315e+00 3.465958446186801378e+00 1.041163669408616954e+01 9.352374912812773999e+00 9.857583067229978013e+00 4.460144712567804426e+00 1.624016139827957517e+01
1.645980351708982425e+01 1.059006276427016857e+01 8.764345396287769319e+00 6.248287329835794601e+00 5.460188875763642535e+00 3.786102103094440174e+00 -5.380450157529228505e+00 2.718540798391915203e+00 -1.043373560349172502e+00 3.517974230452531437e+00 1.033079285534648761e+01 9.294264190305243645e+00 9.935866038663077049e+00 4.490303032557870999e+00 1.621852272365288172e+01
1.635186980295562265e+01 1.073180052982600152e+01 8.654738757887455947e+00 6.200170426473536445e+00 5.594076825077748616e+00 3.679593086632518606e+00 -5.210867610487543544e+00 2.794308551782526795e+00 -1.045901590039103546e+00 3.451283086901297370e+00 1.047253062090232234e+01 9.184657551904930273e+00 9.887749135300818892e+00 4.624190981871975303e+00 1.612442938859477337e+01
1.634704540181030552e+01 1.076455249595591468e+01 8.669266156017496172e+00 6.199412989538092056e+00 5.543156860333423808e+00 3.721897252671400480e+00 -5.272999243203809527e+00 2.735354138016798942e+00 -1.005702079708529206e+00 3.443987664235411916e+00 1.050528258703223727e+01 9.199184950034970498e+00 9.886991698365374504e+00 4.573271017127650495e+00 1.618742567035815227e+01
1.354404581398132024e+01 1.251860995409096589e+01 8.948726454069802827e+00 3.898851398414347802e+00 7.102861579178890494e+00 2.431964174189735317e+00 -2.454636615490398022e+00 5.062410120354208232e+00 -2.276702875308164842e+00 1.297316462512803970e+00 1.225934004516729203e+01 9.478645248087280706e+00 7.586430107241623588e+00 6.132975735973113629e+00 1.445346685363822203e+01
1.350643319748904503e+01 1.251885793813232972e+01 8.932740040465024123e+00 3.959588863603104247e+00 7.113843061232220322e+00 2.496800033355815795e+00 -2.381624232277264053e+00 5.115655531053897143e+00 -2.241606103305008979e+00 1.249303857987205113e+00 1.225958802920864699e+01 9.462658834482521542e+00 7.647167572430385363e+00 6.143957218026447009e+00 1.452317013073879615e+01
1.391267114684293205e+00 -4.457075837999553158e+01 2.778736119525109416e+01 1.283778901981649767e+02 6.906866386186925943e+00 1.415289849730400533e+02 1.527835837059699031e+02 1.104566303496517179e+02 6.839710076350216639e+01 -6.560082171745564494e+01 -4.483002828891893898e+01 2.831727998926881540e+01 1.320654689069928054e+02 5.936980542981081577e+00 1.647195155758663532e+02
1.270703741108306417e+00 -4.445337953202908210e+01 2.770821422568703696e+01 1.284931860931705785e+02 7.016935080789167500e+00 1.415631552365218795e+02 1.527784967606748978e+02 1.104019688716154803e+02 6.843762113886006659e+01 -6.557736970734978854e+01 -4.471264944095248950e+01 2.823813301970475820e+01 1.321807648019984072e+02 6.047049237583323134e+00 1.645951625078028826e+02
1.187318439005346615e+00 -4.432966421506118593e+01 2.750678908255267885e+01 1.286361045584479825e+02 7.137065905916822217e+00 1.417119505120019483e+02 1.527861430869376989e+02 1.104501656978162885e+02 6.838808539935790520e+01 -6.562011001164411539e+01 -4.458893412398458622e+01 2.803670787657040009e+01 1.323236832672758396e+02 6.167180062710978738e+00 1.644767365686990388e+02
1.253491126032203917e+00 -4.439758143175581750e+01 2.756997408904196334e+01 1.285603783674907845e+02 7.079248654979442001e+00 1.416685377958860386e+02 1.527648942923447919e+02 1.104782930227103321e+02 6.835922777224341473e+01 -6.560830478786402864e+01 -4.465685134067921069e+01 2.809989288305967747e+01 1.322479570763186700e+02 6.109362811773596746e+00 1.645501153433618526e+02
1.338792318077079990e+00 -4.449076205886183999e+01 2.767536533352057049e+01 1.284412626817638738e+02 6.991499797892170243e+00 1.415850434290259727e+02 1.527322569652789355e+02 1.104963594361052941e+02 6.834036730681894767e+01 -6.557914414567285633e+01 -4.475003196778523318e+01 2.820528412753828817e+01 1.321288413905917594e+02 6.021613954686324988e+00 1.646601208332197643e+02
6.284536342683464909e+02 -3.755668687742178804e+02 -8.451194785447162303e+02 2.532284835426355016e+02 -6.752343860711864920e+01 1.197672336700663209e+03 4.323012466533147062e+02 1.365653919791425778e+03 -1.103250825853613378e+03 -1.083476073096022901e+03 -3.758261386831313189e+02 -8.445895597506978447e+02 2.569160622514186798e+02 -6.849332445032423777e+01 3.429738487680707522e+02
6.301253497517050164e+02 -3.774112252426373288e+02 -8.449709629371375286e+02 2.519099575084298124e+02 -6.584051536810450500e+01 1.197664723392672840e+03 4.318424245200208702e+02 1.366093130059096666e+03 -1.103926320227260931e+03 -1.082848175649312452e+03 -3.776704951515508242e+02 -8.444410441431192567e+02 2.555975362172129906e+02 -6.681040121131009357e+01 3.415970852681270458e+02
6.296468546820414076e+02 -3.772269630773762401e+02 -8.446479053087927014e+02 2.518569934501803118e+02 -6.525804677080202509e+01 1.198071071586793778e+03 4.315829272833558434e+02 1.365664288026605391e+03 -1.104197130445492121e+03 -1.082973186580292349e+03 -3.774862329862897354e+02 -8.441179865147746568e+02 2.555445721589634900e+02 -6.622793261400759945e+01 3.410729272474250706e+02
6.295629415263144892e+02 -3.772078558047453498e+02 -8.445976332836206666e+02 2.517772325949680123e+02 -6.523044555657205024e+01 1.198023873213523757e+03 4.315202953164326232e+02 1.365641878430431461e+03 -1.104149319138904502e+03 -1.082990101223576858e+03 -3.774671257136588451e+02 -8.440677144896028494e+02 2.554648113037512189e+02 -6.620033139977761039e+01 3.409869907213823694e+02
6.271982492840369332e+02 -3.764312337018425296e+02 -8.436553102832339164e+02 2.498642497862508094e+02 -6.383842995684145194e+01 1.197127565751652128e+03 4.296331193967806144e+02 1.364435580191427107e+03 -1.103068567217061400e+03 -1.083295570331126328e+03 -3.766905036107560818e+02 -8.431253914892156445e+02 2.535518284950339876e+02 -6.480831580004696946e+01 3.385346058014604864e+02
6.262708832840695550e+02 -3.755509088490259728e+02 -8.447391783797244216e+02 2.499029646240190914e+02 -6.363918913149502998e+01 1.196958037079601354e+03 4.292767789320923839e+02 1.364658561088852366e+03 -1.103651079198498337e+03 -1.082863392672542432e+03 -3.758101787579394681e+02 -8.442092595857067181e+02 2.535905433328021843e+02 -6.460907497470056171e+01 3.377866217070999824e+02
