5.115634248730162703e+00 2.112130801373545808e+00 1.528806510010584097e+00 3.472518031821458351e+00 4.752442626882841914e+00 5.808872213898888859e+00 4.521880062404149747e+00 6.022798553520779308e+00 3.141973621742325307e+00 1.505987910353639325e+00 9.660690147781876291e-01 1.044362727202823971e+00 3.178613523032088217e+00 4.548887774462783362e+00 5.096639956107845038e+00
5.118482198577605224e+00 2.217879032947184914e+00 1.521019219701024827e+00 3.676357775201350986e+00 4.548904829698605212e+00 5.736712562730489573e+00 4.611306810664857814e+00 6.137337239082487628e+00 3.259464031823465113e+00 1.484594530161334802e+00 1.071817246351826736e+00 1.036575436893265145e+00 3.382453266411980852e+00 4.345349977278545772e+00 5.085227944280005907e+00
5.090738873784675711e+00 2.356476035523516810e+00 1.480290474974160775e+00 3.617534163680630854e+00 4.564677916397831936e+00 5.572201691228803710e+00 4.815990820441691689e+00 6.111008934107082347e+00 3.046211044695998016e+00 1.470542140049913904e+00 1.210414248928158854e+00 9.958466921664009819e-01 3.323629654891260721e+00 4.361123063977772496e+00 5.119790640178947250e+00
4.902327642304131317e+00 3.298968688138802730e+00 1.485390740685005317e+00 3.520390164466396410e+00 4.725103311018717278e+00 5.136740329663142646e+00 5.580773151659752074e+00 6.306725299472764945e+00 2.296150192535212131e+00 1.733127926537437302e+00 2.152906901543444995e+00 1.000946957877246080e+00 3.226485655677024944e+00 4.521548458598656062e+00 5.403597801551852875e+00
4.935333094749815963e+00 3.334730302757783260e+00 1.487213699529511768e+00 3.522913951854504955e+00 4.687959548172482727e+00 5.143563508309965115e+00 5.607111603833146773e+00 6.276395750865133571e+00 2.264746652674158423e+00 1.755333228621574149e+00 2.188668516162425526e+00 1.002769916721752308e+00 3.229009443065133045e+00 4.484404695752421510e+00 5.384448482717968609e+00
4.995612353522900229e+00 4.043292686996480256e+00 1.638171358200021244e+00 3.665455868998311661e+00 3.771995031004269361e+00 5.178563644546533951e+00 5.646483270077364836e+00 6.341118817302211497e+00 2.232549860803678232e+00 1.472054093356407023e+00 2.897230900401122078e+00 1.153727575392260452e+00 3.371551360208938863e+00 3.568440178584209477e+00 5.248269298058020560e+00
4.987494620595768424e+00 4.044212992801945461e+00 1.648707866745962924e+00 3.680857606258245873e+00 3.751176084596124394e+00 5.187845783946279710e+00 5.601575926057422272e+00 6.379935856177436193e+00 2.243038984063067343e+00 1.444909288683188908e+00 2.898151206206587727e+00 1.164264083938202132e+00 3.386953097468872631e+00 3.547621232176064066e+00 5.240639795844251658e+00
5.052948108468492627e+00 4.171305930634385817e+00 1.931061985926501912e+00 4.045049051372440196e+00 3.520786541732812136e+00 5.164374250947365574e+00 4.823530411157607389e+00 7.015210947112471729e+00 2.547415018605303949e+00 1.341496079309625555e+00 3.025244144039030747e+00 1.446618203118742896e+00 3.751144542583073171e+00 3.317231689312751364e+00 5.303359583082269957e+00
5.145618008752904871e+00 4.095676050074066765e+00 1.968970438602502870e+00 4.205491808126687658e+00 3.434913599492343650e+00 5.210497342274496901e+00 4.719882404739808024e+00 7.156982867330074605e+00 2.891020745018708205e+00 1.575115874885251177e+00 2.949614263478713916e+00 1.484526655794744743e+00 3.911587299337321966e+00 3.231358747072283766e+00 5.273318457562350403e+00
5.172183733723943355e+00 4.107269160303013145e+00 1.932324577660519349e+00 4.169194944866168484e+00 3.466683288965902499e+00 5.241464318409200907e+00 4.715232484673940405e+00 7.160554250110927832e+00 2.846705284404934311e+00 1.540654453514259448e+00 2.961207373707659851e+00 1.447880794852761221e+00 3.875290436076803235e+00 3.263128436545843059e+00 5.271881443035717041e+00
5.147687770027639331e+00 4.218759968674035576e+00 1.865672733194191357e+00 3.928739438283333385e+00 3.638126288578217515e+00 5.420845783397326478e+00 4.811385997706622675e+00 7.032525299199995139e+00 2.437652824311996813e+00 1.335259390159079240e+00 3.072698182078682727e+00 1.381228950386433230e+00 3.634834929493968136e+00 3.434571436158158519e+00 5.324328928223486024e+00
5.163031398469671629e+00 4.238380053318822505e+00 1.907756717584105255e+00 3.892800150120032665e+00 3.647857301304258559e+00 5.458453057124321717e+00 4.759910973141423085e+00 7.086710793337170244e+00 2.484685572940233733e+00 1.317739661331322587e+00 3.092318266723470099e+00 1.423312934776346905e+00 3.598895641330667416e+00 3.444302448884199563e+00 5.342329927015541990e+00
5.157931468738046199e+00 4.259669871478118708e+00 1.945037142382175066e+00 3.887436086088897902e+00 3.626597905910739605e+00 5.456096520651498416e+00 4.744145084383784905e+00 7.099039459051449619e+00 2.519866382663560778e+00 1.306958045818125136e+00 3.113608084882766303e+00 1.460593359574416494e+00 3.593531577299532653e+00 3.423043053490680165e+00 5.353035082263524203e+00
5.136616470441849991e+00 4.251684418408602895e+00 1.974435643511292193e+00 3.912503080896178265e+00 3.597512902386585498e+00 5.432543733100288819e+00 4.755266113950312068e+00 7.086833790853937387e+00 2.531742740544232539e+00 1.318031159748512815e+00 3.105622631813250045e+00 1.489991860703533400e+00 3.618598572106812572e+00 3.393958049966526058e+00 5.354083439809452116e+00
5.200722226877215526e+00 4.362481710067565466e+00 2.000143934515343336e+00 3.869830625350977105e+00 3.575105430021551012e+00 5.531229549370029197e+00 4.623900477007234500e+00 7.199522498443292839e+00 2.693563984973769365e+00 1.276975692116204097e+00 3.216419923472212172e+00 1.515700151707584320e+00 3.575926116561611412e+00 3.371550577601491128e+00 5.377146525610653427e+00
5.159547756313003219e+00 4.276335499433363552e+00 2.007584042593634432e+00 3.910590201657351273e+00 3.556048979789081965e+00 5.508184768986140512e+00 4.714162724328032184e+00 7.142592921034845332e+00 2.679170653632533039e+00 1.299081159419761544e+00 3.130273712838009814e+00 1.523140259785875417e+00 3.616685692867985580e+00 3.352494127369022081e+00 5.376240150031520670e+00
5.149721022363623391e+00 4.279375122006847221e+00 2.016483640862218429e+00 3.921433184336157840e+00 3.536613595777937213e+00 5.511035814389648735e+00 4.709613735257804912e+00 7.140276495990119265e+00 2.691280312034660227e+00 1.290571547412853404e+00 3.133313335411496592e+00 1.532039858054458525e+00 3.627528675546792591e+00 3.333058743357879106e+00 5.377824837270181568e+00
5.136606790535213740e+00 4.270441775676354190e+00 2.020266940893237440e+00 3.928400511235013770e+00 3.525308722905703629e+00 5.511793770092682010e+00 4.717131537604275948e+00 7.129335371275468347e+00 2.688118882584151770e+00 1.283026809699068682e+00 3.124379989081003561e+00 1.535823158085477758e+00 3.634496002445648521e+00 3.321753870485645521e+00 5.378150007789095355e+00
5.135563934754933335e+00 4.276299464632107750e+00 2.021883271276776028e+00 3.939999073622378223e+00 3.508341097359343852e+00 5.522003930440743780e+00 4.706127671531552537e+00 7.135368407335573870e+00 2.707307705271951637e+00 1.277885605052362372e+00 3.130237678036756677e+00 1.537439488469016791e+00 3.646094564833012974e+00 3.304786244939285300e+00 5.378489240220065248e+00
5.109673019412163342e+00 4.246338864402929403e+00 2.019722487126006882e+00 3.925579384908832292e+00 3.522049095585870315e+00 5.512853886666373882e+00 4.745202171018768844e+00 7.096636208853725591e+00 2.656928002911159492e+00 1.262537147568690621e+00 3.100277077807578330e+00 1.535278704318247867e+00 3.631674876119466600e+00 3.318494243165811763e+00 5.378740599067547201e+00
5.127103915418478763e+00 4.262298207469636502e+00 2.024697422914470302e+00 3.947432703294555090e+00 3.500544088076549709e+00 5.533494392484028523e+00 4.726016861785053536e+00 7.120318826876362195e+00 2.713875998688066726e+00 1.274563681034199814e+00 3.116236420874285873e+00 1.540253640106711508e+00 3.653528194505189397e+00 3.296989235656491157e+00 5.379785719229572827e+00
5.121314269083059756e+00 4.256421147681106021e+00 2.020707324072006816e+00 3.947493580003774927e+00 3.498417354354111275e+00 5.539102840295297092e+00 4.730398855589403873e+00 7.113914009299742602e+00 2.707312578405808523e+00 1.266458384099450551e+00 3.110359361085754948e+00 1.536263541264247801e+00 3.653589071214409234e+00 3.294862501934052723e+00 5.379791439797328323e+00
5.107525696441862273e+00 4.244083981273464090e+00 2.017474082264149260e+00 3.937071431824306966e+00 3.505420100290507435e+00 5.536081287156017439e+00 4.745122445164542846e+00 7.095893693697054694e+00 2.678447326915743165e+00 1.253357346361602787e+00 3.098022194678113017e+00 1.533030299456390688e+00 3.643166923034941274e+00 3.301865247870448883e+00 5.380096772369916458e+00
5.112196313910068568e+00 4.246761172041773946e+00 2.019669222876173009e+00 3.947726113543084114e+00 3.495869687097505896e+00 5.543637244591843150e+00 4.740633008818860183e+00 7.102670208217688241e+00 2.698985483881579661e+00 1.258522523964129336e+00 3.100699385446422873e+00 1.535225440068414660e+00 3.653821604753718422e+00 3.292314834677447344e+00 5.380196207200213188e+00
6.459684970534826931e+00 5.097884004338784081e+00 2.144816142097756284e+00 5.607011561747810013e+00 2.270235862217360179e+00 6.658337365347457570e+00 3.535179863609614337e+00 8.790048928011911400e+00 6.299619952433219261e+00 2.512583365014438019e+00 3.951822217743429899e+00 1.660372359289997712e+00 5.313107052958443433e+00 2.066681009797299851e+00 5.350645039677119463e+00
6.469886702002874301e+00 5.111653628916566383e+00 2.129740468576902579e+00 5.594163607131827476e+00 2.256910191346594541e+00 6.656719359431219729e+00 3.537502580563855581e+00 8.768647701872094302e+00 6.269328549696383313e+00 2.512177356018825414e+00 3.965591842321212646e+00 1.645296685769144007e+00 5.300259098342460895e+00 2.053355338926534213e+00 5.340174466126150321e+00
6.482582772160574436e+00 5.137340614838278086e+00 2.103473300342127317e+00 5.544579327553336157e+00 2.208285496967975714e+00 6.651083750788042259e+00 3.539002604480537606e+00 8.713895432940855557e+00 6.179537000439437655e+00 2.511314894295692213e+00 3.991278828242924348e+00 1.619029517534368523e+00 5.250674818763969576e+00 2.004730644547915386e+00 5.327045843515982426e+00
6.491996884359732434e+00 5.144210472012809454e+00 2.094884431430766192e+00 5.556160061920712323e+00 2.219339437483664579e+00 6.652213989080094869e+00 3.540582034889689478e+00 8.714331399600386163e+00 6.190801571529033431e+00 2.510456584127535695e+00 3.998148685417455717e+00 1.610440648623007398e+00 5.262255553131345742e+00 2.015784585063604251e+00 5.317285466066604904e+00
6.500564955649266174e+00 5.155513008545425713e+00 2.083247611656652065e+00 5.549282273390300446e+00 2.213246569609495840e+00 6.650694363017733757e+00 3.540502422501074609e+00 8.702363265247672786e+00 6.174948308035147271e+00 2.508756264259966340e+00 4.009451221950071975e+00 1.598803828848893271e+00 5.255377764600933865e+00 2.009691717189435511e+00 5.308664267844141804e+00
6.524249458135878754e+00 5.253408946766781717e+00 2.002831264054663940e+00 5.309469968281804064e+00 1.985469721022841805e+00 6.618305667643888945e+00 3.522332813119019690e+00 8.500919223586052453e+00 5.779752525556866694e+00 2.500946019879622284e+00 4.107347160171427980e+00 1.518387481246904924e+00 5.015565459492438372e+00 1.781914868602781699e+00 5.282217359952857016e+00
