2.961249817552450647e+00 4.844656030661589341e+00 6.361291216276718785e-01 1.181980643765557337e+00 1.027395507453373824e+00 1.511172155410820617e+00 1.168175302493378975e+00 6.230653337338171838e+00 1.972614198556549514e+00 5.675433928493400337e+00 5.906409144486619134e+00 5.441345423375893553e+00 3.948532519047568412e-01 5.678296444876735904e-01 4.821580708415514671e+00
2.980205344831348135e+00 4.865798332718661356e+00 6.450989384507274105e-01 1.191728167303446551e+00 1.003762977866270667e+00 1.514829369573767792e+00 1.150101104173967270e+00 6.209046662277670769e+00 1.987329708473705381e+00 5.675627784169262391e+00 5.927551446543692926e+00 5.450315240198951194e+00 4.046007754426463876e-01 5.441971149005694341e-01 4.793779780096034671e+00
2.777127396159623895e+00 4.572342621464136059e+00 4.993165642085484190e-01 1.018804618986639543e+00 1.217924281140827070e+00 1.473463119433437329e+00 1.411346548652809618e+00 6.520838043850593735e+00 1.881304910179233181e+00 5.661713211726074668e+00 5.634095735289133877e+00 5.304532865956767651e+00 2.316772271258301652e-01 7.583584181751350517e-01 5.103984224733758346e+00
2.848391629573722383e+00 4.464868243901732647e+00 6.721679322560112357e-01 1.163884538841287508e+00 1.188777541234842250e+00 1.460103795889250433e+00 1.447938579117939106e+00 6.524526438503340131e+00 1.741661950293213135e+00 5.712447831185543556e+00 5.526621357726730466e+00 5.477384234004230024e+00 3.767571469804779083e-01 7.292116782691500099e-01 5.080247891216009393e+00
2.891948748031738070e+00 4.508818046857755668e+00 5.949537508102039629e-01 1.125625107628345889e+00 1.099053339994863876e+00 1.399074789103169847e+00 1.366403870786032870e+00 6.486065338957247128e+00 1.819726507750475619e+00 5.765308487083265376e+00 5.570571160682754375e+00 5.400170052558422640e+00 3.384977157675362336e-01 6.394874770291718580e-01 5.078686471392890311e+00
1.895829890877371859e+00 2.890148891493060646e+00 2.103687576034497742e+00 2.079297967714433870e+00 3.229323964265490954e+00 2.075705334813251479e+00 3.501866670685633842e+00 7.751449263597825379e+00 -2.871205553360316465e-01 5.439241980390622011e+00 3.951902005318061128e+00 6.908903877782715419e+00 1.292170575853624159e+00 2.769758101299799158e+00 5.974036918894610082e+00
2.062315574811194541e+00 2.776449637080119714e+00 2.260187673323068136e+00 1.977334970148394655e+00 3.075132949344032252e+00 1.974407348770337078e+00 3.449639625938531129e+00 7.755179405087515576e+00 -3.616358514354612308e-01 5.436318531977779145e+00 3.838202750905119753e+00 7.065403975071285814e+00 1.190207578287584722e+00 2.615567086378340900e+00 5.752138177568585142e+00
2.058761189390395430e+00 2.791097896480334573e+00 2.265572772678988489e+00 2.019269599321458220e+00 3.123433110911755239e+00 1.940200145435128976e+00 3.423099929390886142e+00 7.776013934362778102e+00 -3.822205952396357520e-01 5.432965304390172889e+00 3.852851010305335056e+00 7.070789074427206167e+00 1.232142207460648287e+00 2.663867247946064332e+00 5.754129053733955779e+00
1.809963402083197170e+00 3.108631444747256278e+00 2.064722961228474318e+00 2.556949776180548639e+00 3.709621550641884813e+00 1.731031605526629491e+00 3.220894267309539760e+00 7.953266951720586064e+00 -5.311928927219428109e-01 5.308525183711793716e+00 4.170384558572257205e+00 6.869939262976691552e+00 1.769822384319738706e+00 3.250055687676193905e+00 5.977345921138644158e+00
1.734448119347549833e+00 3.064968519134291913e+00 2.099678732899515232e+00 2.375083847953256555e+00 3.572841372383480874e+00 1.568548888942026265e+00 3.076519239669160743e+00 8.080034755134938962e+00 -6.770215585909502565e-01 5.282273183785874515e+00 4.126721632959292840e+00 6.904895034647732466e+00 1.587956456092446844e+00 3.113275509417789522e+00 6.048847191640115639e+00
1.743594412188705700e+00 3.042457846166625401e+00 2.111662769722387090e+00 2.291090990680572759e+00 3.431653227193645961e+00 1.461787265367744837e+00 3.018297906503232930e+00 8.089256605686527379e+00 -6.863346303606404630e-01 5.289914980758871010e+00 4.104210959991626773e+00 6.916879071470604323e+00 1.503963598819763270e+00 2.972087364227954165e+00 6.069154506588996689e+00
1.970430655622039229e+00 2.986378402787158493e+00 2.024358179122748957e+00 1.590294512208408229e+00 2.546397716976855019e+00 5.766313138847690700e-01 2.666891515397747270e+00 7.985438403138521934e+00 -6.782617232414892561e-01 5.344223714627690747e+00 4.048131516612159864e+00 6.829574480870966191e+00 8.031671203475987397e-01 2.086831854011164111e+00 6.269682360794783804e+00
1.559141161679197918e+00 2.531235172036816028e+00 2.507030584181916932e+00 1.240304045971323710e+00 1.999632241416982037e+00 3.561520114423684658e-01 2.271065186059205487e+00 8.209276990255929718e+00 -2.836160851509293979e-01 5.324385629971025047e+00 3.592988285861817843e+00 7.312246885930133722e+00 4.531766541105139989e-01 1.540066378451291573e+00 6.098735755332691078e+00
1.581203956399898303e+00 2.553677654983554923e+00 2.491978826280459192e+00 1.272458610441967730e+00 2.024388100855149197e+00 3.249054030770349710e-01 2.238523612211158920e+00 8.235146898606032551e+00 -2.927770755467024588e-01 5.344168941393280470e+00 3.615430768808556294e+00 7.297195128028675093e+00 4.853312185811580748e-01 1.564822237889459400e+00 6.131501106006970403e+00
1.871076775306572237e+00 2.464386895613804196e+00 2.124701627851867780e+00 7.153881707114104760e-01 1.599388480773093368e+00 8.357868487283405257e-01 2.836043087386841854e+00 7.348678052992408283e+00 -3.216125987764283378e-01 5.187105326430498486e+00 3.526140009438806011e+00 6.929917929600084570e+00 -7.173922114939917938e-02 1.139822617807404015e+00 5.806940474167310740e+00
3.209009402352017482e+00 3.207268104957954336e+00 9.466993055434433924e-01 1.326161662269845776e-01 6.205178027877773506e-01 1.350026421543287114e+00 2.931781973397495467e+00 6.902472031701148758e+00 -8.265905142069513989e-01 6.034487578617788728e+00 4.269021218782956595e+00 5.751915607291662624e+00 -6.545112256338250223e-01 1.609519398220885522e-01 5.585321736232828016e+00
3.172754663849435275e+00 3.170621042127767630e+00 9.846194581399816403e-01 1.562561514830847209e-01 6.483942900872297077e-01 1.352017676790310929e+00 2.905595278539947479e+00 6.878769898795987991e+00 -8.623818383058580173e-01 6.003945690280853675e+00 4.232374155952769890e+00 5.789835759888200428e+00 -6.308712403777250177e-01 1.888284271215408816e-01 5.619037136135498933e+00
3.141801124908445875e+00 3.186646097212401330e+00 9.816208585314369905e-01 1.220783264802947077e-01 6.533489971992683110e-01 1.351495427497113155e+00 2.866347324384703299e+00 6.867287988635188967e+00 -8.969501853550209125e-01 6.024136530565641579e+00 4.248399211037403589e+00 5.786837160279655556e+00 -6.650490653805150032e-01 1.937831342335797902e-01 5.618779283435340055e+00
3.097025835440606389e+00 3.299650905431898540e+00 9.123565998533363919e-01 -2.365149996341675553e-02 6.195572776142925786e-01 1.351474404605977897e+00 2.780826062812008281e+00 6.871632610542160791e+00 -9.514018269059908439e-01 6.145888551418733137e+00 4.361404019256901243e+00 5.717572901601555735e+00 -8.107788918242269105e-01 1.599914146486036137e-01 5.560139415303748223e+00
3.060338777468955662e+00 3.268129355282191728e+00 9.432468109008050883e-01 1.693008681776971003e-04 6.261506359395218047e-01 1.350414006120752353e+00 2.750885235708414811e+00 6.842187353708800934e+00 -9.871646154051703093e-01 6.103595105291409695e+00 4.329882469107194432e+00 5.748463112649024431e+00 -7.869580909926324752e-01 1.665847729738327565e-01 5.567732499451606643e+00
3.030179680735211711e+00 3.231569815085195252e+00 9.781805734738592273e-01 3.051651433996617827e-02 6.382903300906348498e-01 1.347883556234723335e+00 2.728093736118584189e+00 6.814986355281176245e+00 -1.017624576609400977e+00 6.061090883470733104e+00 4.293322928910197511e+00 5.783396875222079458e+00 -7.566108775208439940e-01 1.787244671249458572e-01 5.580245769700832525e+00
3.013563519568890126e+00 3.194038734936320179e+00 1.008676995847578750e+00 6.532844968759025928e-02 6.512812698468617434e-01 1.344266313230299437e+00 2.720184575117705172e+00 6.794832263270678574e+00 -1.035025740140954165e+00 6.020918096172853673e+00 4.255791848761322882e+00 5.813893297595798870e+00 -7.217989421732198263e-01 1.917154068811727785e-01 5.593087041266192827e+00
2.982343090091936766e+00 3.297749759761730015e+00 9.800699429462407242e-01 -4.734444498600381968e-02 6.477207044925273882e-01 1.351433597775585138e+00 2.645457055967410209e+00 6.812310157403286048e+00 -1.065950717157091221e+00 6.144900844167874965e+00 4.359502873586732719e+00 5.785286244694461288e+00 -8.344718368468139191e-01 1.881548415268384788e-01 5.582418606019192708e+00
2.965410918227258552e+00 3.319369971262926988e+00 9.673825164362004347e-01 -7.649821937228397373e-02 6.335689869592662227e-01 1.358303171063515835e+00 2.622033602997212220e+00 6.817992704466445453e+00 -1.080106958041874732e+00 6.152869986936717162e+00 4.381123085087929248e+00 5.772598818184420999e+00 -8.636256112330940038e-01 1.740031239935773966e-01 5.574504724903924568e+00
2.954910431396657877e+00 3.518702137845817646e+00 8.074874820256271457e-01 -3.009606529571987044e-01 5.549387871361104452e-01 1.412768556966352396e+00 2.570420028431233739e+00 6.907900841942319126e+00 -1.092259144074047450e+00 6.259657093100240211e+00 4.580455251670819905e+00 5.612703783773848265e+00 -1.088088044818008804e+00 9.537292417042161907e-02 5.536244181958143606e+00
2.766084843305734786e+00 3.276568021177895584e+00 1.392534462144032981e+00 -1.214976183785008990e-01 4.158678760605095670e-01 1.399117600080538315e+00 2.587819534033171109e+00 6.848334888738666137e+00 -1.082581035580084006e+00 6.256875471234722319e+00 4.338321135002899176e+00 6.197750763892254433e+00 -9.086250102393124140e-01 -4.369798690518025830e-02 5.388851296002981961e+00
2.785757607909124633e+00 3.264846670423097397e+00 1.396680998477896507e+00 -1.055091557007789144e-01 4.079713583610034000e-01 1.393083312302361820e+00 2.607763296836219435e+00 6.838490042795926094e+00 -1.072670466093325947e+00 6.257999465513891302e+00 4.326599784248100988e+00 6.201897300226118404e+00 -8.926365475615904987e-01 -5.159450460468648081e-02 5.380316292766973874e+00
2.801394323454870161e+00 3.261295787944280544e+00 1.399080963595392690e+00 -9.912771784604786085e-02 4.029338213374482613e-01 1.389786882028372750e+00 2.622859498204536344e+00 6.834466496883961462e+00 -1.061390499130553389e+00 6.263812136798236452e+00 4.323048901769283248e+00 6.204297265343615031e+00 -8.862551097068593897e-01 -5.663204162824195254e-02 5.374849289974383382e+00
2.815635093942816525e+00 3.305405324764978836e+00 1.389046243069900433e+00 -1.421464571778202068e-01 4.077366472734523795e-01 1.396924494801170757e+00 2.631259446263212176e+00 6.862798236151321341e+00 -1.016790879065539110e+00 6.314270509516775931e+00 4.367158438589981984e+00 6.194262544818123217e+00 -9.292738490386315275e-01 -5.182921569223787606e-02 5.379622474629422335e+00
2.822094888866457651e+00 3.303268216715578909e+00 1.392867495501805220e+00 -1.442074805321412190e-01 4.070117067839954528e-01 1.395396518445880307e+00 2.637586085074754116e+00 6.863072163118021152e+00 -1.011874369230935988e+00 6.316412609794629596e+00 4.365021330540582056e+00 6.198083797250028226e+00 -9.313348723929524287e-01 -5.255415618169472641e-02 5.379111044309992984e+00
