5.760459793446122134e+00 3.899172412783044273e+00 6.120520656102428347e+00 2.137278765409557302e+00 4.257189536266563046e+00 5.454429006835798788e+00 3.904388432455030866e+00 4.899881386794312732e+00 1.695124121902066017e-01 4.240844603193750117e+00 4.292391319687606455e+00 5.501735152722038613e+00 5.073379183394408187e+00 6.079084774155891324e+00 2.906992317405081128e+00
5.767708838909858748e+00 3.908182792854663301e+00 6.116073739361933548e+00 2.130022946584172239e+00 4.252418168469053406e+00 5.453269269878588510e+00 3.904571008077690308e+00 4.903921667297129972e+00 1.815666098092610647e-01 4.240427169212816594e+00 4.301401699759225927e+00 5.497288235981543814e+00 5.066123364569023124e+00 6.074313406358381684e+00 2.917170560654164024e+00
5.771801093239812275e+00 3.912965665492481815e+00 6.115702719419823019e+00 2.130959658122042910e+00 4.243921735575892029e+00 5.439114208060035871e+00 3.901753878461236891e+00 4.924395381719953946e+00 1.571836809948617686e-01 4.241469661505727018e+00 4.306184572397044441e+00 5.496917216039433285e+00 5.067060076106893796e+00 6.065816973465220308e+00 2.920028570686041824e+00
5.775588505557329277e+00 3.923031435444690906e+00 6.130954697452250635e+00 2.150777560222732809e+00 4.179592225108437198e+00 5.306504944382579581e+00 3.878873638469771290e+00 5.101027099291369105e+00 -1.189768123170864833e-01 4.256823095133118962e+00 4.316250342349253089e+00 5.512169194071860012e+00 5.086877978207583695e+00 6.001487462997765476e+00 2.900326602622487648e+00
5.826970151655620711e+00 4.045745923357963569e+00 6.122353546871178054e+00 2.013332451958491198e+00 4.087736682265496135e+00 5.217378713813348945e+00 3.850316220012012902e+00 5.220613617723919297e+00 -3.912263885452513801e-01 4.301998964714890406e+00 4.438964830262525751e+00 5.503568043490788320e+00 4.949432869943342084e+00 5.909631920154824414e+00 2.886317677146390093e+00
5.915272000298211097e+00 4.099211841924036648e+00 6.109898528685158148e+00 1.891259487246592208e+00 3.990293466343813655e+00 5.154037554800022569e+00 3.830131788299292239e+00 5.271799831044461371e+00 -4.366431485292609493e-01 4.366645877923929220e+00 4.492430748828598830e+00 5.491113025304768414e+00 4.827359905231443093e+00 5.812188704233141934e+00 2.904319226467607873e+00
6.107196632193146790e+00 4.189874336774968455e+00 6.022199874593034075e+00 1.662334925449037160e+00 3.785521446549438895e+00 5.020302871194198602e+00 3.773371346580776997e+00 5.411984541622409495e+00 -4.135306823267334009e-01 4.442456723594652601e+00 4.583093243679530637e+00 5.403414371212644340e+00 4.598435343433887823e+00 5.607416684438767618e+00 2.997854111665750665e+00
6.112384701001463583e+00 4.176879905608203991e+00 6.028615167225488847e+00 1.663137262832021790e+00 3.792776381355322357e+00 5.021112320828538422e+00 3.776594067674845956e+00 5.402776171350243573e+00 -4.219416698571740176e-01 4.449639011074340900e+00 4.570098812512766173e+00 5.409829663845098224e+00 4.599237680816872675e+00 5.614671619244650635e+00 3.017405565205297346e+00
6.086826199231371248e+00 4.163961272739974184e+00 6.044774148742608766e+00 1.688560553970058997e+00 3.795714697951259264e+00 5.026586366128696248e+00 3.766731760027728804e+00 5.394346627093867141e+00 -4.315401081485280010e-01 4.460177080244170256e+00 4.557180179644536366e+00 5.425988645362218143e+00 4.624660971954909883e+00 5.617609935840587987e+00 2.997994360383137380e+00
6.135761439881791013e+00 4.151833125764189170e+00 6.028547313365242744e+00 1.643340195843879803e+00 3.800401003626178831e+00 5.015200144950796357e+00 3.785839380397793441e+00 5.385515840523622089e+00 -4.454240860387290724e-01 4.471977700781247123e+00 4.545052032668751352e+00 5.409761809984852121e+00 4.579440613828730910e+00 5.622296241515507553e+00 3.076207318469189378e+00
6.094794110485422856e+00 4.136519516775156724e+00 6.052797432671058075e+00 1.691259233688529706e+00 3.804958926451851742e+00 5.024016074362254614e+00 3.765825387950001435e+00 5.379040882616283881e+00 -4.577550502448045067e-01 4.484515476733436756e+00 4.529738423679718906e+00 5.434011929290666565e+00 4.627359651673381258e+00 5.626854164341181352e+00 3.042032502182887121e+00
6.076367995318794790e+00 4.111278845014379790e+00 6.068684808808487041e+00 1.713502959195364328e+00 3.822000484614832327e+00 5.028618501833770793e+00 3.768529561767768765e+00 5.360964791112408534e+00 -4.757449376191867363e-01 4.502540830908738023e+00 4.504497751918941972e+00 5.449899305428095531e+00 4.649603377180215880e+00 5.643895722504161938e+00 3.046574526972059438e+00
6.073177827955342778e+00 4.090587444962002550e+00 6.072545431415674599e+00 1.713533129485563578e+00 3.833374934238471088e+00 5.027140787151491708e+00 3.776843117012140816e+00 5.345363427867741102e+00 -4.940795088652583655e-01 4.522866861930816995e+00 4.483806351866565620e+00 5.453759928035283089e+00 4.649633547470415351e+00 5.655270172127801587e+00 3.066543255041958016e+00
6.048471631560854433e+00 4.060601396742885782e+00 6.088089177036817290e+00 1.740914638731206887e+00 3.858668999934221411e+00 5.032142596033310156e+00 3.785741829245587553e+00 5.324473684657012207e+00 -5.148395160666114911e-01 4.544276634400504555e+00 4.453820303647448853e+00 5.469303673656425779e+00 4.677015056716061103e+00 5.680564237823551466e+00 3.071082879287827083e+00
5.174066220996120791e+00 3.484117630419108824e+00 6.581269602930944096e+00 2.961686743633704211e+00 4.637394650825161335e+00 5.317023981159772816e+00 3.927531280363609767e+00 5.054804262366482170e+00 -6.697935780016421869e-01 4.587387988511156145e+00 3.877336537323670562e+00 5.962484099550550809e+00 5.897787161618559537e+00 6.459289888714494055e+00 2.697841626294148476e+00
5.131360089877007979e+00 3.455318558720122279e+00 6.612927907812832018e+00 2.984916790142802423e+00 4.657789055057372174e+00 5.329640386550839715e+00 3.970323389994335539e+00 5.096845113921611770e+00 -7.055818542154607131e-01 4.600991398170621416e+00 3.848537465624683573e+00 5.994142404432438731e+00 5.921017208127658193e+00 6.479684292946705781e+00 2.657325241031500251e+00
5.131818425415153762e+00 3.456642624722675361e+00 6.582035263850736229e+00 2.996727789375485784e+00 4.642787580976320605e+00 5.337778874951227159e+00 3.952307375558669733e+00 5.078433708093609056e+00 -7.071513323250859795e-01 4.623821778494789037e+00 3.849861531627236655e+00 5.963249760470342942e+00 5.932828207360341999e+00 6.464682818865654212e+00 2.656689569394243389e+00
5.101259893106823817e+00 3.431491636935394052e+00 6.595420931898728689e+00 3.022544682391391735e+00 4.656875943160322606e+00 5.357300814454551308e+00 3.980035309203917571e+00 5.105664413112717348e+00 -7.320124823543244785e-01 4.644575441318773201e+00 3.824710543839955346e+00 5.976635428518334514e+00 5.958645100376247505e+00 6.478771181049655326e+00 2.628113625407975107e+00
5.281969983869784002e+00 3.627861758017233207e+00 6.294620413208497745e+00 2.948811767226664937e+00 4.433832363746478933e+00 5.289411819837017248e+00 3.703108206160408145e+00 4.827643225272384875e+00 -6.128734390157515310e-01 4.739418143786101822e+00 4.021080664921794501e+00 5.675834909828103569e+00 5.884912185211520708e+00 6.255727601635811652e+00 2.782551081271049220e+00
5.320139936031552885e+00 3.602055265771221482e+00 6.326997294322540100e+00 2.946883969617153820e+00 4.436062756316629496e+00 5.345667681514996161e+00 3.660589418232805592e+00 4.806895276481615298e+00 -5.673009910831600111e-01 4.733477564904226220e+00 3.995274172675782776e+00 5.708211790942145925e+00 5.882984387602009591e+00 6.257957994205962216e+00 2.825219318500880483e+00
5.350539731287056178e+00 3.583817735767560464e+00 6.349608994568407105e+00 2.942463982267867983e+00 4.431368844680873664e+00 5.382874940814301290e+00 3.629799169532118785e+00 4.798776323567843782e+00 -5.353781416806250304e-01 4.728975936049623741e+00 3.977036642672121758e+00 5.730823491188012930e+00 5.878564400252723310e+00 6.253264082570206384e+00 2.854770579629608118e+00
5.367868023602179406e+00 3.600695113218985277e+00 6.336822793679157684e+00 2.925265862859178334e+00 4.413820043690193096e+00 5.373405560516402169e+00 3.618245250795244949e+00 4.793401266939476102e+00 -5.258808654975422048e-01 4.722036833357567964e+00 3.993914020123546571e+00 5.718037290298762620e+00 5.861366280844033660e+00 6.235715281579525815e+00 2.862302149344698954e+00
5.375490857083407903e+00 3.713284810669536196e+00 6.238606266826739244e+00 2.869500705146448727e+00 4.354781705266743685e+00 5.260395134454588728e+00 3.626840329253094186e+00 4.782557027102154912e+00 -5.513962053209117142e-01 4.703856770797688824e+00 4.106503717574097934e+00 5.619820763446345069e+00 5.805601123131303609e+00 6.176676943156075517e+00 2.835640954561640115e+00
5.404310052880864745e+00 3.758741352865121677e+00 6.208581014181350000e+00 2.831579774461953747e+00 4.308327019000257607e+00 5.222090052030787355e+00 3.612566283834409919e+00 4.794191592808523694e+00 -5.546302088404251318e-01 4.696166604235414432e+00 4.151960259769682970e+00 5.589795510800955824e+00 5.767680192446809073e+00 6.130222256889589438e+00 2.832962721567055642e+00
5.427754468242338426e+00 3.796688193379481824e+00 6.185721110226329422e+00 2.802116237391969911e+00 4.267117022925761560e+00 5.188614370354641459e+00 3.603832798565445028e+00 4.813066923595667568e+00 -5.618845575855249130e-01 4.696796777444638415e+00 4.189907100284043118e+00 5.566935606845935247e+00 5.738216655376825237e+00 6.089012260815093391e+00 2.830661362186128294e+00
5.435819672006005909e+00 3.806360046850727485e+00 6.181289821334765122e+00 2.789685370810342846e+00 4.253072454668030744e+00 5.181080154310361507e+00 3.601416992939689976e+00 4.820628112969068013e+00 -5.628064523934632746e-01 4.699091242401376434e+00 4.199578953755288779e+00 5.562504317954370947e+00 5.725785788795198172e+00 6.074967692557362575e+00 2.830362176661802120e+00
5.401605787031368955e+00 3.733816721576161957e+00 6.222748016092194412e+00 2.811078425110151713e+00 4.329811780327792903e+00 5.266448474209925124e+00 3.601761412097216564e+00 4.757035759914965745e+00 -5.268343760826095235e-01 4.672942807341303073e+00 4.127035628480722806e+00 5.603962512711800237e+00 5.747178843095007039e+00 6.151707018217124734e+00 2.830314271285159222e+00
5.351230695391702596e+00 3.499902651361634032e+00 6.376204775915462086e+00 2.848074727130902595e+00 4.464825211814998696e+00 5.498902275705883191e+00 3.599491540848167581e+00 4.684375426634535877e+00 -4.352666419535836106e-01 4.674995015076643945e+00 3.893121558266194882e+00 5.757419272535068799e+00 5.784175145115757921e+00 6.286720449704330527e+00 2.837954175358344155e+00
5.380582094088618206e+00 3.447298712492360639e+00 6.394987319267042558e+00 2.848272269385439426e+00 4.465313586462992035e+00 5.537020365701849300e+00 3.584338402381782807e+00 4.713259991491339562e+00 -4.056571426059998320e-01 4.677406598801038484e+00 3.840517619396921489e+00 5.776201815886649271e+00 5.784372687370294308e+00 6.287208824352323866e+00 2.867888588381424242e+00
5.482929526572702272e+00 3.205360011842275370e+00 6.482070829930378864e+00 2.882478787984928736e+00 4.492067776295421311e+00 5.690242303407318403e+00 3.530206483664110717e+00 4.844190368715804773e+00 -3.039442778512307375e-01 4.687265658460664675e+00 3.598578918746836663e+00 5.863285326549985577e+00 5.818579205969784063e+00 6.313963014184754030e+00 2.978441661871518154e+00
