5.641294917555460309e+00 6.859007889315428264e-01 6.248513225811217708e+00 1.222696632553820439e+00 5.398681512151213724e+00 5.151877749330970424e+00 5.029007913509618843e-01 6.246237752647602726e+00 2.894283104967272369e+00 1.084381295972765447e+00 5.699081859600996225e+00 1.138466718551899071e+00 5.545536630557996283e+00 4.724332809175901815e+00 1.207965372923294201e+00
9.297472789641641810e+00 -5.640243150920071002e+00 3.744370010452704012e+00 -1.662670636166815097e+00 9.263891538911384060e+00 1.017143772819227721e+01 4.157577024752626471e+00 1.466678423499944373e+00 -4.871053226437524586e+00 4.679946087906641239e+00 -6.270620802506066127e-01 -1.365676496806616846e+00 2.660169361837364743e+00 8.589542835936065046e+00 1.126587520120359542e+01
9.330206576661650431e+00 -5.715665230508019334e+00 3.812731523335669337e+00 -1.613973337154995580e+00 9.258105921928988735e+00 1.018130177142157144e+01 4.167975240796672587e+00 1.491129398376411341e+00 -4.803551737107520481e+00 4.674903970051156321e+00 -7.024841598385531682e-01 -1.297314983923651743e+00 2.708866660849183816e+00 8.583757218953669721e+00 1.134884963115266565e+01
9.984166155242505170e+00 -7.136573267063130999e+00 5.119214941956069076e+00 6.608492257721065855e-02 9.270807679126146894e+00 1.038004174302570526e+01 4.253561695409250554e+00 1.773451427953214754e+00 -2.879148094017851101e+00 4.628083226238136838e+00 -2.123392196393666165e+00 9.168434696750438206e-03 4.388924920581389166e+00 8.596458976150827880e+00 1.299512082537890656e+01
9.584516302644487951e+00 -7.330251281451305445e+00 4.586813656997430044e+00 -2.430364634911026389e-01 9.471185696366626772e+00 1.001926911735215597e+01 4.456905500316352686e+00 1.489927696639801846e+00 -2.168185278681749928e+00 4.790674227634593052e+00 -2.317070210781840611e+00 -5.232328502618889265e-01 4.079803534513076535e+00 8.796836993391307757e+00 1.373640514981433114e+01
1.017769990235336053e+01 -7.164274839488580682e+00 5.793104477851025891e+00 1.288013023977786498e-01 8.994896845621301651e+00 1.017632082111553515e+01 3.978635946744599305e+00 2.127252997066103823e+00 -3.423872120424819254e+00 3.810663362464653758e+00 -2.151093768819115404e+00 6.830579705917069200e-01 4.451641300401958823e+00 8.320548142645984413e+00 1.310446817022133459e+01
8.126547982061850917e+00 -5.460339374690723169e+00 3.661674967882072806e+00 1.740346512735313489e+00 7.416383955526745453e+00 9.774721829414941610e+00 4.213835124538999999e+00 2.533579601151601857e+00 -9.752839073121069013e-01 4.422993291376024594e+00 -4.471583040212605553e-01 -1.448371539377245831e+00 6.063186510739492441e+00 6.742035252551428215e+00 1.505283810575949843e+01
8.035399794680193608e+00 -5.390699385930827425e+00 3.694383959821059271e+00 1.589606385185046378e+00 7.247079982486297922e+00 9.493522411461849941e+00 3.906381701231870007e+00 2.610125448455980379e+00 -1.195040070907075203e+00 4.496622887582752526e+00 -3.775183152613639792e-01 -1.415662547438259589e+00 5.912446383189225330e+00 6.572731279510979796e+00 1.534628817867041484e+01
8.031226063431651241e+00 -5.398982999359847490e+00 3.709815236766345059e+00 1.679248095602677848e+00 7.271141675309939600e+00 9.592042324444488344e+00 3.921308324248092614e+00 2.546104445487473278e+00 -1.171275106404573885e+00 4.492277352028951398e+00 -3.858019286903850986e-01 -1.400231270492975577e+00 6.002088093606857022e+00 6.596792972334620586e+00 1.530034927680126877e+01
8.026663191668454544e+00 -5.406707588060494452e+00 3.726768022910031952e+00 1.699354684252243342e+00 7.258918326252205233e+00 9.598829340514752673e+00 3.894188492896996312e+00 2.540936022136591532e+00 -1.169647084321745467e+00 4.492038770542038151e+00 -3.935265173910316716e-01 -1.383278484349288462e+00 6.022194682256422738e+00 6.584569623276886219e+00 1.530821911211748798e+01
8.042814989982455032e+00 -5.402255054347862462e+00 3.704574452363685655e+00 1.665551590787085257e+00 7.275691496154304438e+00 9.591254387715013152e+00 3.939030336196751581e+00 2.547875325258066592e+00 -1.163048748259659204e+00 4.492962078136519821e+00 -3.890739836783995154e-01 -1.405472054895634537e+00 5.988391588791264653e+00 6.601342793178985424e+00 1.528752985805984288e+01
8.021260057386555786e+00 -5.413377952954139261e+00 3.749082942488835002e+00 1.712261443283335183e+00 7.237910191849725727e+00 9.598234953561018301e+00 3.856360020447425097e+00 2.530190435474130695e+00 -1.174785983447031334e+00 4.493881113201107169e+00 -4.001968822846762586e-01 -1.360963564770485190e+00 6.035101441287514135e+00 6.563561488874407601e+00 1.532531676691845846e+01
8.043568825567579239e+00 -5.422018950384621228e+00 3.746223151916339589e+00 1.676763188377455416e+00 7.229813872986723844e+00 9.577272967198561915e+00 3.867699812916294722e+00 2.547031505697006981e+00 -1.167927874700094959e+00 4.499754090975156551e+00 -4.088378797151583921e-01 -1.363823355342980825e+00 5.999603186381634146e+00 6.555465170011405718e+00 1.531710030795679778e+01
8.054132532266265798e+00 -5.434973213910692991e+00 3.759138408659205233e+00 1.674148231573882928e+00 7.213962006477977695e+00 9.571129668060473605e+00 3.852966709758552710e+00 2.557793297466997018e+00 -1.162658774704522058e+00 4.505795567617390418e+00 -4.217921432412294891e-01 -1.350908098600114959e+00 5.996988229578061436e+00 6.539613303502659569e+00 1.531714806991797850e+01
8.016540684454637855e+00 -5.415526172264019777e+00 3.761530420243294426e+00 1.730806987011677789e+00 7.231095888813608319e+00 9.612482648921965023e+00 3.846440339319583845e+00 2.523848955499794489e+00 -1.186108252140393837e+00 4.501699403553636181e+00 -4.023451015945576636e-01 -1.348516087016025322e+00 6.053646985015856075e+00 6.556747185838289305e+00 1.533104008583801736e+01
4.777419110202476560e+00 -5.487579877374469284e+00 5.837865379845732505e+00 8.626031267558008864e+00 7.189903332401571312e+00 1.302199181521788418e+01 -1.588592126092867041e-01 9.192139468231033117e-01 -1.667006615703184869e+00 3.943668972892454772e+00 -4.743988067050147195e-01 7.278188725864207509e-01 1.294887126556218071e+01 6.515554629426246080e+00 1.700216553505339334e+01
4.746229631492609791e+00 -5.533304061191948620e+00 5.802913422262909293e+00 8.562733344889986498e+00 7.224466361571217021e+00 1.292072165939919515e+01 -2.535585498072722710e-01 8.423331450930360287e-01 -1.590734514690321788e+00 4.020406506382180112e+00 -5.201229905224934447e-01 6.928669150035968727e-01 1.288557334289415657e+01 6.550117658595891790e+00 1.694436996688184038e+01
3.085204860797436055e+00 -7.393616418415501101e+00 4.200888751162604073e+00 6.676443461241948540e+00 9.135111902918715998e+00 1.068549300726059137e+01 -2.624164963960065933e+00 -1.403721697951624714e+00 -6.560270966909120816e-02 5.862439110629838801e+00 -2.380435347746047814e+00 -9.091577560967061267e-01 1.099928345924612572e+01 8.460763199943395207e+00 1.525143146924013138e+01
3.072682608170057783e+00 -7.395914861485718639e+00 4.187545922902763174e+00 6.678516439584370801e+00 9.135822750861043673e+00 1.068506192447137693e+01 -2.624962420731408841e+00 -1.405651327807418749e+00 -6.177458327747447492e-02 5.866894348133147474e+00 -2.382733790816265351e+00 -9.225005843565470265e-01 1.100135643758854798e+01 8.461474047885722882e+00 1.523772204173854661e+01
2.572607430594608946e+00 -7.146520990623573155e+00 3.535666230897967388e+00 6.732345399040095657e+00 9.161054004359586500e+00 1.065612024925304091e+01 -2.589949414901981939e+00 -1.484834538567423534e+00 -2.853663092752346531e-01 5.786254053760835347e+00 -2.133339919954121200e+00 -1.574380276361343700e+00 1.105518539704427283e+01 8.486705301384263933e+00 1.481986683113902714e+01
2.571933860161316421e+00 -7.107766308181983739e+00 3.506741693767176482e+00 6.713575015413979941e+00 9.139018685868485647e+00 1.062900960994580224e+01 -2.561983992594597748e+00 -1.523400594415937892e+00 -3.269253529819393655e-01 5.783679001485731774e+00 -2.094585237512530895e+00 -1.603304813492132830e+00 1.103641501341816067e+01 8.464669982893164857e+00 1.477819360869499121e+01
2.472888196249459547e+00 -6.946871553125135712e+00 3.351443920801520981e+00 6.668998541875877706e+00 9.079244944728079858e+00 1.057188163450355844e+01 -2.496186542734877278e+00 -1.534109327081663032e+00 -4.948360724971364588e-01 5.679607835620070766e+00 -1.933690482455689974e+00 -1.758602586457789219e+00 1.099183853988006021e+01 8.404896241752760844e+00 1.469472769946518298e+01
2.667706300594597124e+00 -7.471650663848548035e+00 4.223968833771854392e+00 7.445231519429525768e+00 9.725277181684313987e+00 1.178659845320181887e+01 -3.202618521679150287e+00 -5.633933982572250088e-01 1.247573348182057229e-01 6.314072001217143182e+00 -2.458469593179100521e+00 -8.860776734874481475e-01 1.176807151743370028e+01 9.050928478709000302e+00 1.585945235500463646e+01
4.858347864642920122e-01 -1.045018182572441745e+01 7.233871590058273071e+00 9.887400341705566476e+00 1.236974676892659986e+01 1.328695412840636259e+01 -4.515550385514652376e+00 5.090111564052457460e-01 2.504474270426634841e-01 6.609787800366055954e+00 -5.437000755054977930e+00 2.123825082798973529e+00 1.421024033970972944e+01 1.169539806595129861e+01 1.854821797486870949e+01
6.582199167441918908e-01 -1.031016162521194168e+01 7.297833448759527997e+00 1.002611049814247579e+01 1.252305449514927815e+01 1.326430660232649572e+01 -4.475725869547644287e+00 4.805599140704271965e-01 3.481019516938394509e-01 6.673414490486193174e+00 -5.296980554542503938e+00 2.187786941500229343e+00 1.434895049614663876e+01 1.184870579217397690e+01 1.867225935114021951e+01
-1.007192560381638291e+00 -1.131543737244757430e+01 6.358912674797940312e+00 8.667436443386769440e+00 1.118934154513149792e+01 1.340488221082634190e+01 -4.444104002276593413e+00 5.579878697890835459e-01 -5.342431942184462379e-01 6.358384850425768953e+00 -6.302256301778136560e+00 1.248866167538642324e+00 1.299027644139093240e+01 1.051499284215619312e+01 1.755391414359937485e+01
1.032992047152492319e+02 7.918566983507464840e+01 -3.016871157120339930e-01 2.678581180284871266e+01 3.073752679692761447e+01 4.388220826632783655e+01 7.236749952123425089e+01 1.061952326404172169e+02 -1.106955523970813715e+02 1.102828989190578142e+02 8.419885090574422293e+01 -5.411733622971345525e+00 3.110865180085296799e+01 3.006317809395227769e+01 3.426410586851483231e+01
1.027716922852897454e+02 7.869372312467736208e+01 2.299929748143320074e-01 2.709958232560390456e+01 3.037644205727553981e+01 4.370979807917919402e+01 7.220421509581575492e+01 1.058887199985332330e+02 -1.112915005006932319e+02 1.104888702219495542e+02 8.370690419534693660e+01 -4.880053532444980746e+00 3.142242232360816345e+01 2.970209335430020658e+01 3.442647176990736568e+01
1.023970562083203646e+02 7.836042767648740437e+01 5.595530257661414097e-01 2.739284299392062039e+01 3.005927930312659768e+01 4.364245954287010676e+01 7.211479135700072618e+01 1.057972409330863002e+02 -1.114149275937650003e+02 1.105193424710581667e+02 8.337360874715697889e+01 -4.550493481493171011e+00 3.171568299192487927e+01 2.938493060015126090e+01 3.443857245943687673e+01
1.022129272428442732e+02 7.818558865255400292e+01 7.166388747254335279e-01 2.757627773973306162e+01 2.993670801955822469e+01 4.373269916600143148e+01 7.206990609776603662e+01 1.057224691434449113e+02 -1.114052584207963719e+02 1.105522363221700317e+02 8.319876972322357744e+01 -4.393407632533879337e+00 3.189911773773731696e+01 2.926235931658288436e+01 3.445755800786863432e+01
