4.315148450684485604e-01 4.905759207920196152e-01 8.568917474801172052e-01 2.351832351267189480e+00 3.946653462120954803e+00 1.985417228929372335e+00 2.520765521292783529e+00 5.435281978069077091e+00 4.408709796716230755e+00 3.313167468742750810e+00 4.312799279976880840e+00 2.008980207689872177e+00 1.314231580917296416e+00 1.995887214062530113e+00 5.913878155746077780e+00
3.512111795309313944e-01 5.905941651369422951e-01 7.758496532727053863e-01 2.229242555195517728e+00 4.024456209416023889e+00 1.926152895011021826e+00 2.548573001204657018e+00 5.429099303655830155e+00 4.423710487406001590e+00 3.317684479351467708e+00 4.412817524321803297e+00 1.927938113482460469e+00 1.191641784845624663e+00 2.073689961357598754e+00 5.880810724310140181e+00
-2.460030030537275758e-01 1.569629770324474372e+00 4.490805847110374560e-01 1.045861834248880795e+00 4.407160165780791061e+00 1.734374886043621888e+00 2.714301996996508759e+00 5.751890802967797534e+00 4.141210009393056168e+00 2.870965618849858458e+00 5.391853129509335929e+00 1.601169044920793372e+00 8.261063898987730525e-03 2.456393917722365039e+00 5.593848513099431763e+00
1.755722298593004993e+00 2.899893071543902856e+00 -2.055412046581114538e+00 -6.115774866209389149e-01 6.249026314502361679e+00 2.407267912489601702e+00 4.642986729584678507e+00 4.301121349944137862e+00 3.222135722175895278e+00 2.771945730131629482e+00 6.722116430728766190e+00 -9.033235863713642289e-01 -1.649178256970834866e+00 4.298260066443932104e+00 3.314685818629014236e+00
1.628600344109204734e+00 2.976068146258592950e+00 -1.959589846813557523e+00 -5.418905647807907844e-01 6.180414739325081896e+00 2.386278395280073461e+00 4.680905226332388480e+00 4.285093219566594946e+00 3.268304896055229669e+00 2.784873062793036258e+00 6.798291505443454952e+00 -8.075013866038071031e-01 -1.579491335130686736e+00 4.229648491266652321e+00 3.328447103915622041e+00
1.810560214043935190e+00 2.786154618610207301e+00 -2.169000880570870038e+00 -7.133794672486597488e-01 6.325789881631787459e+00 2.360522934248533211e+00 4.668717597389484553e+00 4.275895009003826353e+00 3.177140261711357994e+00 2.778044429047710651e+00 6.608377977795068858e+00 -1.016912420361119285e+00 -1.750980237598555700e+00 4.375023633573357884e+00 3.333247867442557411e+00
1.850855764737410203e+00 2.791917602989006930e+00 -2.189360130428447349e+00 -6.995517317760008291e-01 6.312932984371222744e+00 2.393312130049695341e+00 4.636779615107240460e+00 4.310308414376882169e+00 3.132563392105828903e+00 2.770572487842406062e+00 6.614140962173868488e+00 -1.037271670218696817e+00 -1.737152502125896669e+00 4.362166736312793169e+00 3.342744272157482044e+00
1.815883551406330954e+00 2.788714941893609911e+00 -2.181111951899391777e+00 -7.084386910959494799e-01 6.321917354079029217e+00 2.376424107510221706e+00 4.653095268092979353e+00 4.289745046383291793e+00 3.160634129932660574e+00 2.783575500921056101e+00 6.610938301078470580e+00 -1.029023491689641245e+00 -1.746039461445845431e+00 4.371151106020599642e+00 3.342748546090339890e+00
1.818472269487003246e+00 2.788648712658070572e+00 -2.183205034058655070e+00 -7.074541192853344151e-01 6.320969082359248148e+00 2.380947308508264637e+00 4.648636410287231513e+00 4.294353644153808602e+00 3.155612136418213254e+00 2.785386009048265166e+00 6.610872071842930353e+00 -1.031116573848904761e+00 -1.745054889635230033e+00 4.370202834300818573e+00 3.344530289236973708e+00
2.308954804381285086e+00 2.819030901916115717e+00 -2.355812890950048200e+00 -5.954901130304831591e-01 6.211655251867660432e+00 2.625575952294546767e+00 4.413113258222461255e+00 4.580247443142694053e+00 2.750815736052041771e+00 2.593562252616933073e+00 6.641254261100972833e+00 -1.203724430740297446e+00 -1.633090883380375002e+00 4.260889003809227304e+00 3.359087056041331731e+00
2.312679467815780932e+00 2.804818147427465824e+00 -2.374090052878052415e+00 -5.997563437494146665e-01 6.202801964135480794e+00 2.617265275864065099e+00 4.422473775601971191e+00 4.570870335764762871e+00 2.745224296830540478e+00 2.594406560083712510e+00 6.627041506612322053e+00 -1.222001592668301662e+00 -1.637357114099306399e+00 4.252035716077047667e+00 3.353972913370965703e+00
2.274537306886068144e+00 2.825922195618422172e+00 -2.497557492104109045e+00 -5.180280764617675171e-01 6.071576260910344303e+00 2.654023029763779462e+00 4.386417248792535695e+00 4.566906085517622671e+00 2.677898522370537382e+00 2.594340184199045662e+00 6.648145554803278401e+00 -1.345469031894357848e+00 -1.555628846811659249e+00 4.120810012851911175e+00 3.442778054069497440e+00
2.285394309907834209e+00 2.812605215423180205e+00 -2.492308693215325999e+00 -5.336338034987323509e-01 6.084561629464039889e+00 2.644857742005453094e+00 4.395657632511534629e+00 4.567685085203485151e+00 2.680057537886350261e+00 2.598982150885408515e+00 6.634828574608038210e+00 -1.340220233005575023e+00 -1.571234573848623528e+00 4.133795381405608538e+00 3.427474448922420258e+00
2.324258016828369744e+00 2.772629792602903542e+00 -2.449394668469188296e+00 -6.101967335807577664e-01 6.150644746434865695e+00 2.614643950040798970e+00 4.425852050432149909e+00 4.572967038067682566e+00 2.714126743066513026e+00 2.608274997956060215e+00 6.594853151787761547e+00 -1.297306208259437321e+00 -1.647797503930648944e+00 4.199878498376434344e+00 3.353717841821590273e+00
2.423625799098331868e+00 2.658762975650334148e+00 -2.239295685234892197e+00 -8.438606443179724748e-01 6.427311262041433437e+00 2.507442866845065232e+00 4.539314507823119627e+00 4.586199508823496807e+00 2.834150692914408243e+00 2.638733359870010453e+00 6.480986334835190377e+00 -1.087207225025141666e+00 -1.881461414667863652e+00 4.476545013983002086e+00 3.126151098095468761e+00
2.407891414775542582e+00 2.683153674389751053e+00 -2.256245167395712681e+00 -8.172777517752041199e-01 6.403939717738506232e+00 2.523993685550447008e+00 4.525135513864037229e+00 4.596072143438531654e+00 2.820252308477334324e+00 2.624724585121025022e+00 6.505377033574607282e+00 -1.104156707185962150e+00 -1.854878522125095630e+00 4.453173469680075769e+00 3.154743596531282002e+00
2.943647978329548387e+00 1.776323779314166407e+00 -2.695170309077961512e+00 -1.502851827465626844e+00 6.811956687620288164e+00 1.535779232949582518e+00 5.330040109034006157e+00 3.953498417457934178e+00 3.530964471598797338e+00 2.602946777655966493e+00 5.598547138499023745e+00 -1.543081848868211869e+00 -2.540452597815518132e+00 4.861190439561859478e+00 2.749628983367666368e+00
3.022163820278700452e+00 1.794576488176601536e+00 -2.590037435170464253e+00 -1.580215418144165662e+00 6.929881941610517515e+00 1.536784805176336866e+00 5.417281898240180027e+00 3.966058511661141761e+00 3.581057092313166823e+00 2.603709813530634687e+00 5.616799847361458653e+00 -1.437948974960714832e+00 -2.617816188494057172e+00 4.979115693552088828e+00 2.670757389087887290e+00
3.012190522753925848e+00 1.799805674553132784e+00 -2.591326483575915329e+00 -1.571375363310941520e+00 6.922788448915671466e+00 1.537349556439016940e+00 5.408774972859021979e+00 3.965494089491398366e+00 3.574184449003334763e+00 2.603038082639153927e+00 5.622029033737989678e+00 -1.439238023366165908e+00 -2.608976133660832808e+00 4.972022200857242780e+00 2.681027238047411387e+00
3.261025083772661759e+00 2.231397493957246514e+00 -3.242698988152747486e+00 -1.582346286371190569e+00 6.397580203336511673e+00 1.477436915662909467e+00 6.017886143497344520e+00 2.943103961815800140e+00 3.204760009361589557e+00 3.034113481083186237e+00 6.053620853142101410e+00 -2.090610527942997177e+00 -2.619947056721080525e+00 4.446813955278086539e+00 2.480625703170501684e+00
3.258826438620748611e+00 2.244294731215801697e+00 -3.232323377324277214e+00 -1.594235931036949605e+00 6.409606176514333953e+00 1.475741174746622031e+00 6.019435767595246567e+00 2.941936447302220259e+00 3.209307891456043560e+00 3.034144110975191655e+00 6.066518090400657037e+00 -2.080234917114527349e+00 -2.631836701386839561e+00 4.458839928455908819e+00 2.468977901008709619e+00
3.258020247657600343e+00 2.246753520577685848e+00 -3.229521546289815248e+00 -1.597002299130614089e+00 6.412392591020473986e+00 1.475423915263879726e+00 6.018266177863393906e+00 2.941462363916990785e+00 3.209126106387156785e+00 3.034394441271242027e+00 6.068976879762541188e+00 -2.077433086080065383e+00 -2.634603069480504267e+00 4.461626342962048852e+00 2.466162126125900578e+00
3.223778138403632809e+00 1.878500779575679847e+00 -3.115474946787651245e+00 -1.475739448826139943e+00 6.287595708758968449e+00 1.470296181757417608e+00 5.254866533628439029e+00 2.831761229867275187e+00 2.664523238859950904e+00 3.093650836932553272e+00 5.700724138760532966e+00 -1.963386486577899381e+00 -2.513340219176030121e+00 4.336829460700543315e+00 2.525247305224392225e+00
4.898698908454266032e+00 3.762286031477648951e+00 -1.315824689364283762e+00 -3.070299425069664245e+00 7.308090452174830887e+00 1.114982844753171776e+00 6.251474489166605863e+00 1.253277229209448951e+00 5.022826451837375750e+00 2.581793753783779177e+00 7.584509390662503847e+00 -1.637362291545330084e-01 -4.107900195419554201e+00 5.357324204116405753e+00 1.342190273376852483e+00
4.817852413430036229e+00 3.739028081351835731e+00 -1.345982638834223311e+00 -3.095322199597208890e+00 7.411545279198444192e+00 1.002063815025135307e+00 6.260903993010256130e+00 1.384115955953364452e+00 5.176774112130511085e+00 2.730374945897184880e+00 7.561251440536691071e+00 -1.938941786244724186e-01 -4.132922969947099290e+00 5.460779031140019057e+00 1.276087853195729149e+00
5.192678307049979125e+00 3.679472185939883566e+00 -1.388422649612092163e+00 -2.726453994713545992e+00 7.256088794076651638e+00 1.206194621113635179e+00 5.924011785333459734e+00 1.226930536964672358e+00 4.679843799220376965e+00 2.233299200242821581e+00 7.501695545124738018e+00 -2.363341894023410217e-01 -3.764054765063436392e+00 5.305322546018226504e+00 1.374075077929572730e+00
5.169877615835410722e+00 3.667618098453125697e+00 -1.407580754680918256e+00 -2.747990506876865968e+00 7.252405550679998036e+00 1.188814035728831708e+00 5.939190170082910392e+00 1.238075093907070379e+00 4.694857516748907500e+00 2.248321364817331247e+00 7.489841457637980149e+00 -2.554922944711669475e-01 -3.785591277226756812e+00 5.301639302621572014e+00 1.363002951313444511e+00
5.144048295426443040e+00 3.663423689270663974e+00 -1.418766324330141160e+00 -2.770990468477747104e+00 7.262800351572582969e+00 1.181743423729679332e+00 5.961848761212675818e+00 1.241320238066030424e+00 4.701695980838572986e+00 2.255446273153190351e+00 7.485647048455517982e+00 -2.666778641203899625e-01 -3.808591238827637948e+00 5.312034103514156946e+00 1.345803279279185638e+00
5.282111199072387464e+00 3.215805122703088603e+00 -1.959021455558273672e+00 -2.736568795531122866e+00 6.507124066732062673e+00 4.630419630650047802e-01 5.541706158993150666e+00 1.808776449924240248e+00 5.349960881956508985e+00 2.913197608221908208e+00 7.038028481887942611e+00 -8.069329953485226969e-01 -3.774169565881012822e+00 4.556357818673638427e+00 1.678860514080928734e+00
5.312097651541296983e+00 3.241347690809594173e+00 -1.949721046424448545e+00 -2.760677633930580743e+00 6.499036503278264654e+00 4.585501595262503338e-01 5.532954521637208245e+00 1.827061444799830570e+00 5.366923604450417606e+00 2.890432300803901455e+00 7.063571049994448181e+00 -7.976325862146975698e-01 -3.798278404280470699e+00 4.548270255219840408e+00 1.682536203555669019e+00
