4.491846190546664452e+00 1.197476909791790778e+00 8.288904295252885746e-01 5.483888927631331844e-01 2.162939345266251312e+00 4.450179274092720405e+00 7.959262800976183438e-01 2.673217897774293306e+00 4.298393237064398242e+00 5.613379722483468726e+00 6.975269351373561966e-01 4.277687454660291877e+00 2.007020094873773086e+00 1.905407239877162429e+00 2.633009024718868218e+00
4.449633360777266233e+00 1.207315604362366068e+00 8.579483273853829584e-01 5.110758563964666878e-01 2.158502098159043037e+00 4.444689155209345266e+00 8.409644391110414618e-01 2.674418476022677016e+00 4.277904341506435060e+00 5.598400254737650350e+00 7.073656297079314870e-01 4.306745352520386483e+00 1.969707058507106590e+00 1.900969992769954153e+00 2.631548043349328125e+00
4.799938892712394711e+00 1.040838671384060721e+00 4.565644775041113879e-01 9.269730083432623502e-01 2.304908615903127789e+00 4.246998686671585865e+00 5.787116853745208900e-01 2.561413897503862724e+00 4.405161166140561413e+00 5.891427901567576342e+00 5.408886967296260284e-01 3.905361502639115301e+00 2.385604210453902141e+00 2.047376510514038461e+00 2.805482885166993068e+00
4.819183495646537807e+00 1.038221754832925336e+00 3.833421885651560612e-01 1.048628392757810612e+00 2.315876905924235896e+00 4.127676175291266070e+00 5.748655993746822901e-01 2.444493446759368638e+00 4.503409752539530686e+00 5.959565590933745050e+00 5.382717801784906442e-01 3.832139213700159974e+00 2.507259594868450403e+00 2.058344800535147012e+00 2.800887726753175766e+00
4.804808785576586416e+00 1.038141512837133185e+00 2.962107693664727814e-01 1.129377190661098540e+00 2.270178788275099002e+00 4.008686051606781930e+00 5.644083243541208050e-01 2.341214050489285547e+00 4.559647131346374671e+00 5.995226035898900463e+00 5.381915381826984923e-01 3.745007794501476805e+00 2.588008392771738553e+00 2.012646682886010119e+00 2.779145229327748101e+00
4.776830524043518267e+00 1.033323460834244090e+00 2.263588245082308881e-01 1.160342403985989534e+00 2.206438979691280888e+00 3.942207512004435532e+00 5.669493159812024619e-01 2.285162259494194270e+00 4.576865546571001531e+00 5.989706700475825762e+00 5.333734861798092863e-01 3.675155849643234607e+00 2.618973606096629769e+00 1.948906874302192005e+00 2.750067349062902178e+00
4.657150586984416307e+00 8.120887172545074861e-01 -1.103857976150208975e+00 2.018274403556914898e+00 1.195839352172388015e+00 2.744858171731086927e+00 5.126985545365393415e-01 1.752150191415524194e+00 4.807254559382714731e+00 6.195474207135037048e+00 3.121387426000725718e-01 2.344939048984793661e+00 3.476905605667555132e+00 9.383072467832984653e-01 2.375752636391882611e+00
4.370352196247871746e+00 1.096156686405969527e+00 -7.294557072201350856e-01 2.016317436728234380e+00 1.338521803529448384e+00 2.932359573443704015e+00 5.997556543345334834e-01 1.455426312695956792e+00 4.504226026691234175e+00 6.295531032504954716e+00 5.962067117515348347e-01 2.719341317914867773e+00 3.474948638838875059e+00 1.080989698140359057e+00 2.567847406768713814e+00
4.149621981971955975e+00 1.303004820882005976e+00 -5.636710951380354828e-01 1.933006781757770964e+00 1.558498934818776549e+00 3.048285651366906546e+00 4.536918985637599100e-01 1.411475723757441791e+00 4.376729181673372437e+00 6.374548464080435295e+00 8.030548462275713950e-01 2.885125929996967376e+00 3.391637983868411865e+00 1.300966829429687222e+00 2.786416818849176913e+00
4.282712420719454904e+00 1.149164559151532927e+00 -7.899324858043255126e-01 1.844657693085518524e+00 1.499347447637656261e+00 3.122997070851694534e+00 5.827464832002118289e-01 1.384258250892041797e+00 4.484606702899041508e+00 6.303655307365790605e+00 6.492145844970979018e-01 2.658864539330677346e+00 3.303288895196158759e+00 1.241815342248566711e+00 2.715933599643633567e+00
4.196687839680951271e+00 1.234815387463490621e+00 -6.978275379240866938e-01 1.823273094629520363e+00 1.561318121256691782e+00 3.171559118652057752e+00 5.323992906634330557e-01 1.396170688460951492e+00 4.401601784165089626e+00 6.369783958084283881e+00 7.348654128090557069e-01 2.750969487210916053e+00 3.281904296740160376e+00 1.303786015867602233e+00 2.777307358306194018e+00
4.164502232446549712e+00 1.267130369705681714e+00 -6.594478690677574306e-01 1.812850508698369945e+00 1.586312738703000269e+00 3.191360337762846111e+00 5.085759388105497436e-01 1.405061106062469367e+00 4.367908388471271053e+00 6.400949429838720839e+00 7.671803950512467996e-01 2.789349156067244984e+00 3.271481710809009957e+00 1.328780633313910498e+00 2.802538092800272551e+00
4.148764396099866580e+00 1.282822887419148516e+00 -6.411346972945584088e-01 1.811022759470761745e+00 1.596965005682571492e+00 3.197575087935616622e+00 4.986767044389116554e-01 1.409721437529582122e+00 4.352623769042228474e+00 6.414685751632368316e+00 7.828729127647134911e-01 2.807662327840444227e+00 3.269653961581401536e+00 1.339432900293481721e+00 2.813475424437130279e+00
4.149355820881633683e+00 1.282687601698515367e+00 -6.422813543744629872e-01 1.806118287369366859e+00 1.601063422740516273e+00 3.203641473507774950e+00 4.969454653403791444e-01 1.412204259724669120e+00 4.353103464849486848e+00 6.415471847152248941e+00 7.827376270440800088e-01 2.806515670760539649e+00 3.264749489480006872e+00 1.343531317351426502e+00 2.816832387402316673e+00
3.546556504060530468e+00 1.840059325555192249e+00 5.434895910643289252e-02 2.256030644017718689e+00 1.583348639510000710e+00 2.832512273085542986e+00 4.025672056005393240e-01 1.371318447354570091e+00 3.827172638759356094e+00 6.784032250777620732e+00 1.340109350900756668e+00 3.503145984241435418e+00 3.714661846128358036e+00 1.325816534120910717e+00 2.858162750883564751e+00
3.549127541307309563e+00 1.841771652915411117e+00 5.361661301292163645e-02 2.255721027294957715e+00 1.578049410283359988e+00 2.826896140817185987e+00 4.072752155226205262e-01 1.374777515623490931e+00 3.832133173376712332e+00 6.783659443375582576e+00 1.341821678260975759e+00 3.502413638147924058e+00 3.714352229405597061e+00 1.320517304894269994e+00 2.860134898533311709e+00
3.550233867138665289e+00 1.840725755893628524e+00 5.211943760958868271e-02 2.255853124490260431e+00 1.576635494633638057e+00 2.826909422860250931e+00 4.072124620666609518e-01 1.375384786922520641e+00 3.833306930269725576e+00 6.783132244191619087e+00 1.340775781239193165e+00 3.500916462744591229e+00 3.714484326600900221e+00 1.319103389244547841e+00 2.859973617731856876e+00
3.551153910268152636e+00 1.838513943667107409e+00 5.012730170551026737e-02 2.256042673299877954e+00 1.576376308546194593e+00 2.828718013845033408e+00 4.056336014794589273e-01 1.375164083697776762e+00 3.833474550640497913e+00 6.782406152946491851e+00 1.338563969012671384e+00 3.498924326840513466e+00 3.714673875410518189e+00 1.318844203157103934e+00 2.859198834485985774e+00
3.535724173743843401e+00 1.823454742854761390e+00 5.194921658852543617e-02 2.260159968196710611e+00 1.612839884882001806e+00 2.867895993108525499e+00 3.722388129685704206e-01 1.351975367511516701e+00 3.802741139342805443e+00 6.781257684250689088e+00 1.323504768200325810e+00 3.500746241723528218e+00 3.718791170307351290e+00 1.355307779492911147e+00 2.843922275556234780e+00
4.222694487615855863e+00 2.384698872918609602e+00 3.155224722780201052e-01 1.805206890219833049e+00 2.814549674261059842e-01 1.126462619872147020e+00 2.074226475801889347e+00 2.084903340298005503e+00 4.788546163949510159e+00 6.783220880463886715e+00 1.884748898264179129e+00 3.764319497413023186e+00 3.263838092330470619e+00 2.392286203701443625e-02 3.712076215727673212e+00
4.406078922519229835e+00 2.275630978308646135e+00 2.402785333080767749e-01 2.055684897081727858e+00 5.657461191977399828e-01 1.300426922067945190e+00 1.788040707887915026e+00 2.415812473684635364e+00 4.856682475853402181e+00 6.813855497721156063e+00 1.775681003654215884e+00 3.689075558443080105e+00 3.514316099192365428e+00 3.082140138086482684e-01 4.044883127405453749e+00
4.367894590025271917e+00 2.264727291455779223e+00 2.591591706160056852e-01 2.026708555477670259e+00 4.961878345224369213e-01 1.233703349697430340e+00 1.848006752921128815e+00 2.410661158626881573e+00 4.872639146517462549e+00 6.814034209225605210e+00 1.764777316801349416e+00 3.707956195751008988e+00 3.485339757588307830e+00 2.386557291333452346e-01 3.985014275456697952e+00
4.342201533318226225e+00 2.247229668211766729e+00 2.899332836733125029e-01 2.006856565856513175e+00 4.230046330545751965e-01 1.161410444459989533e+00 1.891134990243905634e+00 2.439113035000099128e+00 4.897954336753856275e+00 6.813969533991259375e+00 1.747279693557336921e+00 3.738730308808315694e+00 3.465487767967150745e+00 1.654725276654832877e-01 3.943984166319761453e+00
4.341738331146257401e+00 2.246719972668297594e+00 2.899985479982359338e-01 2.006880128146451003e+00 4.224415123878084155e-01 1.161208275804621826e+00 1.891243272382673757e+00 2.440065322716920004e+00 4.898767521639858735e+00 6.814396160585756590e+00 1.746769998013868008e+00 3.738795573133238292e+00 3.465511330257088574e+00 1.649094069987163125e-01 3.944098474610783889e+00
4.338047296437101075e+00 2.266992372297679026e+00 2.426263020966827055e-01 2.011019820896694288e+00 4.670509839685484943e-01 1.216184284121364367e+00 1.889610470991613500e+00 2.372213552034908357e+00 4.875347147140570492e+00 6.815598782940242906e+00 1.767042397643248774e+00 3.691423327231684315e+00 3.469651023007332746e+00 2.095188785794562802e-01 3.941391013967560752e+00
4.336201835466324539e+00 2.263283280911116080e+00 2.510654817632109737e-01 2.009912953905258703e+00 4.528651193073477410e-01 1.198281812737765240e+00 1.893224747937623631e+00 2.385630453182006949e+00 4.881111466503400997e+00 6.815642709608854766e+00 1.763333306256685828e+00 3.699862506898212722e+00 3.468544156015897162e+00 1.953330139182554437e-01 3.938198331430450061e+00
4.335678717935523174e+00 2.263383107251873749e+00 2.498006294394023996e-01 2.009894154292369617e+00 4.537821255465672721e-01 1.200128022333667888e+00 1.893324297075448692e+00 2.384216283413216342e+00 4.881020801292148548e+00 6.816047789674440693e+00 1.763433132597443498e+00 3.698597654574404370e+00 3.468525356403008075e+00 1.962500201574761127e-01 3.938163527935922836e+00
4.333906668026410003e+00 2.250671041351898882e+00 2.813493967041938992e-01 2.007865615612366650e+00 4.101265016707110744e-01 1.142025047408789851e+00 1.899730115566425681e+00 2.435974594510291968e+00 4.901000547828901155e+00 6.816094626159701519e+00 1.750721066697468853e+00 3.730146421839195980e+00 3.466496817723005108e+00 1.525943962816198318e-01 3.933707943831717291e+00
4.715180982274020494e+00 1.737083672951619029e+00 1.894472941108838793e+00 2.037438129398155606e+00 -7.587160075297630923e-01 -6.378314871245223117e-01 1.600942961751470772e+00 4.981888441148646152e+00 5.608357214833262105e+00 6.757338441988876454e+00 1.237133698297190332e+00 5.343269966243842539e+00 3.496069331508790068e+00 -1.016248112918859414e+00 4.405593662643255470e+00
4.728817033676470771e+00 1.708738413551146529e+00 1.850342501568758014e+00 2.078580382829404716e+00 -7.521003110180165541e-01 -6.340489136171487683e-01 1.610526774781005477e+00 4.971952662675872325e+00 5.635622884307902147e+00 6.754756245167738093e+00 1.208788438896717832e+00 5.299139526703761760e+00 3.537211584940039177e+00 -1.009632416407113098e+00 4.418866309100305756e+00
