3.080433475980668856e+00 6.026689747462395275e+00 5.166496596003226749e+00 5.723708458452824388e+00 5.202891738272241717e+00 3.927513935918622648e-03 1.754290075211546895e+00 2.414961684728272662e+00 4.108304636162368517e+00 2.458421669933883447e+00 4.205072666552437610e+00 3.331122811414048090e+00 4.047924089214435028e+00 1.568610894227055796e+00 1.285845147634119723e+00
3.920331753480253312e+00 6.871519942916619605e+00 4.827663678026105742e+00 7.065583003603429724e+00 4.132417707770434490e+00 -2.878887944082098721e-02 1.591150979113104658e+00 3.265130798419221492e+00 4.021988675981194916e+00 1.771001623324213625e+00 5.049902862006663717e+00 2.992289893436927528e+00 5.389798634365041252e+00 4.981368637252472364e-01 2.604264080175159091e+00
4.810370201227530451e+00 7.761587826193863116e+00 4.870692004543810683e+00 7.008111692559806372e+00 4.351422257514635739e+00 -1.540892440419636689e-01 1.555892883445466612e+00 4.154299009166051881e+00 4.907560475646687514e+00 1.692599301432433645e+00 5.939970745283908116e+00 3.035318219954632468e+00 5.332327323321417012e+00 7.171414134694497067e-01 1.720596199456441378e+00
4.794376114157635982e+00 7.743773353379654445e+00 4.847148352292046880e+00 7.011537068062792422e+00 4.362810546074397777e+00 -1.716007987161155268e-01 1.554815480038374886e+00 4.137439520068945775e+00 4.890732238068729032e+00 1.699163554427532752e+00 5.922156272469699445e+00 3.011774567702868666e+00 5.335752698824403062e+00 7.285297020292117454e-01 1.739799745222723404e+00
4.822099025033440789e+00 7.760580233901170466e+00 4.805797388134879000e+00 6.997958956792118990e+00 4.380605886636192992e+00 -1.938317189421628617e-01 1.556655671941008068e+00 4.154193363796266247e+00 4.916098754619814493e+00 1.733658184455821871e+00 5.938963152991214578e+00 2.970423603545701230e+00 5.322174587553729630e+00 7.463250425910070707e-01 1.722076489747480066e+00
4.361598349538640562e+00 7.389686515512695841e+00 4.920761634503203474e+00 7.141196840658690981e+00 4.328917629771368958e+00 -1.816364147839275023e-01 1.527321443106531840e+00 3.814632675849852106e+00 4.497640514675142143e+00 1.409467123031945324e+00 5.568069434602739953e+00 3.085387849914025260e+00 5.465412471420300733e+00 6.946367857261828149e-01 2.090518206753742003e+00
4.427139440705752271e+00 7.453489277966540705e+00 4.935861675553603334e+00 7.114511816459289761e+00 4.335210830663516646e+00 -1.755468073944543017e-01 1.528981586796310133e+00 3.878275979689647102e+00 4.560921859271950041e+00 1.409273908055201252e+00 5.631872197056584817e+00 3.100487890964424675e+00 5.438727447220901290e+00 7.009299866183310579e-01 2.025819814188331236e+00
4.279769779529828178e+00 7.307245894872870906e+00 4.862999925746589902e+00 7.182130282142730415e+00 4.323535755945606240e+00 -1.604164361082769941e-01 1.560551939432172741e+00 3.719656658689277418e+00 4.402549106367493970e+00 1.386631266627387005e+00 5.485628813962914130e+00 3.027626141157410800e+00 5.506345912904341944e+00 6.892549119004206526e-01 2.171105778412430354e+00
4.174026842730641285e+00 7.209128113767148349e+00 4.872121942796634464e+00 7.205915129085036064e+00 4.341486589901735194e+00 -1.577624391723374264e-01 1.570754000335907286e+00 3.621201653914679408e+00 4.313637675999070886e+00 1.384821485915065153e+00 5.387511032857191573e+00 3.036748158207454917e+00 5.530130759846648481e+00 7.072057458565501609e-01 2.276376504078461593e+00
4.228840173302408800e+00 7.252359358667985312e+00 4.826965925895380316e+00 7.209298774633842832e+00 4.314311735342749365e+00 -1.637120624103264310e-01 1.563833326514908473e+00 3.664295625203487727e+00 4.348674587950826620e+00 1.388011296167034558e+00 5.430742277758028536e+00 2.991592141306200769e+00 5.533514405395456137e+00 6.800308912975642217e-01 2.222827649565043195e+00
3.466806781895897860e+00 6.532488043914750797e+00 5.043827872897546527e+00 7.289203807035653071e+00 4.531727539977724817e+00 -2.955458425895103325e-01 1.470552072521275511e+00 2.954227678492842291e+00 3.736148732119999316e+00 1.378389512646067461e+00 4.710870963004786915e+00 3.208454088308375862e+00 5.613419437797260159e+00 8.974466959325395621e-01 2.986533210437559482e+00
3.496704258369268015e+00 6.557940718371824573e+00 5.051905551689560347e+00 7.284148603088638652e+00 4.547853494068458069e+00 -2.993532282842935599e-01 1.468800923945300374e+00 2.973163628068552722e+00 3.760903395034004504e+00 1.404976829490839352e+00 4.736323637461862468e+00 3.216531767100390127e+00 5.608364233850246627e+00 9.135726500232737024e-01 2.973763340333830385e+00
3.628280186955446851e+00 6.367600176446282845e+00 5.594291062754662924e+00 6.807391697479412862e+00 5.462275651524604037e+00 -6.733261300991529863e-01 1.691235588639145693e+00 2.490950288085078235e+00 3.488805563316171643e+00 1.622561957977510794e+00 4.545983095536319851e+00 3.758917278165492259e+00 5.131607328241019950e+00 1.827994807479418338e+00 3.446792865814262807e+00
3.624259511012115631e+00 6.377045766090382095e+00 5.561991268844749037e+00 6.835901159865097831e+00 5.449202634123786915e+00 -6.388106139897912206e-01 1.656549421202045957e+00 2.525111782664982929e+00 3.502136584353551907e+00 1.619275937584829794e+00 4.555428685180419102e+00 3.726617484255578372e+00 5.160116790626704919e+00 1.814921790078601216e+00 3.475761199973907978e+00
3.504631252076857884e+00 6.463513709158018372e+00 5.306188198088594099e+00 7.081090366133384606e+00 5.344213963991810701e+00 -3.607412456089109098e-01 1.185360129092285941e+00 2.989550632101694472e+00 3.848584223612357746e+00 1.661714914739499616e+00 4.641896628248055379e+00 3.470814413499423434e+00 5.405305996894990805e+00 1.709933119946625224e+00 3.918056601294826358e+00
3.438215221494073770e+00 6.441719729274449691e+00 5.227838045665545330e+00 7.146973238903556513e+00 5.283821980253680550e+00 -3.155320774705249187e-01 1.153107156280215539e+00 3.016054363364866653e+00 3.874864045764208953e+00 1.688369217991610771e+00 4.620102648364485809e+00 3.392464261076374665e+00 5.471188869665162713e+00 1.649541136208494629e+00 3.939647738463642579e+00
3.432063601809377751e+00 6.430859349876280717e+00 5.233004513551013481e+00 7.140115237126405390e+00 5.272005398004631971e+00 -3.295626318768670737e-01 1.153271189819495834e+00 3.007716079382349417e+00 3.865476248975365792e+00 1.698101035157094207e+00 4.609242268966308842e+00 3.397630728961841484e+00 5.464330867888014254e+00 1.637724553959447382e+00 3.933263619231889496e+00
3.437747731093958148e+00 6.426218004089927938e+00 5.245311502602467257e+00 7.127553209167689197e+00 5.268918506713847982e+00 -3.518367774814135651e-01 1.166378863746312167e+00 2.992048928343007841e+00 3.849442125119416858e+00 1.703019979314926768e+00 4.604600923179956062e+00 3.409937718013295704e+00 5.451768839929298061e+00 1.634637662668663838e+00 3.928242526660151501e+00
3.521929228528004607e+00 6.449648857301312432e+00 5.320696308274191821e+00 7.063937204427606531e+00 5.325339955484329479e+00 -4.444857017012013856e-01 1.277471081466112102e+00 2.913629120835394826e+00 3.771628791673148129e+00 1.664693234119516640e+00 4.628031776391340557e+00 3.485322523685020268e+00 5.388152835189215395e+00 1.691059111439145335e+00 3.919978813747449831e+00
3.269999449016555371e+00 6.407244488753601530e+00 5.021073896763221356e+00 7.277178689042702153e+00 5.171556191832086924e+00 -2.072537892810820681e-01 1.306576247968227689e+00 2.815741311016780379e+00 3.666414769615536695e+00 1.745491970721505526e+00 4.585627407843629655e+00 3.185700112174049803e+00 5.601394319804311017e+00 1.537275347786903001e+00 3.881468861450655172e+00
3.028359631817019615e+00 6.379022739913726703e+00 5.199904158479866645e+00 6.866719755306745832e+00 5.108558625561863131e+00 -4.919983806472577603e-02 -2.832241050345274402e-02 3.439938438941222643e+00 3.939808795360122406e+00 2.283459438669311670e+00 4.557405659003755716e+00 3.364530373890695536e+00 5.190935386068354696e+00 1.474277781516679431e+00 2.979225860472779264e+00
2.834891227496826538e+00 6.190276325814335401e+00 5.013605013916216713e+00 7.062829889769151492e+00 4.924456508814981426e+00 -6.323873193292703365e-02 -1.007950525787698198e-01 3.480229645843769148e+00 3.970380576321978605e+00 2.287440515528265106e+00 4.368659244904364414e+00 3.178231229327045604e+00 5.387045520530759468e+00 1.290175664769797503e+00 3.188564799534470584e+00
2.842662972075220118e+00 6.197173165256824490e+00 5.018116766084871117e+00 7.055027947612662054e+00 4.914699112365242151e+00 -6.142280899309027209e-02 -1.166837036279169820e-01 3.481383886733840249e+00 3.971189828154353840e+00 2.287115751055105228e+00 4.375556084346857944e+00 3.182742981495705781e+00 5.379243578374266477e+00 1.280418268320058894e+00 3.180654547163385804e+00
2.905650448158405563e+00 6.260656156914998327e+00 5.092136971716781702e+00 6.986707464021224112e+00 4.998933913807358742e+00 -5.939975183751766696e-02 -4.264841905771907249e-02 3.480390229656499912e+00 3.971097701002008318e+00 2.285271911513525822e+00 4.439039076005030893e+00 3.256763187127616810e+00 5.310923094782828535e+00 1.364653069762175708e+00 3.112553121196243833e+00
2.942984148423741342e+00 6.294453032217697697e+00 5.120474250626071644e+00 6.945410390226664177e+00 5.081073152453911668e+00 -4.395427026815913740e-02 -8.913114633076177351e-02 3.474781075433500011e+00 3.971506404091654119e+00 2.285003312970393718e+00 4.472835951307730262e+00 3.285100466036907196e+00 5.269626020988268600e+00 1.446792308408728633e+00 3.071733058463540278e+00
2.480653336657788532e+00 5.847797145559982646e+00 4.712064902922378451e+00 7.447065492410786192e+00 4.376445578902831812e+00 -1.372530184425808097e-01 -1.070672473206112224e-01 3.587357924167237755e+00 4.002020070169441723e+00 2.277275163583008410e+00 4.026180064650016988e+00 2.876691118333212671e+00 5.771281123172388838e+00 7.421647348576465575e-01 3.583031276960129574e+00
2.115404898867470074e+00 5.465389645783069739e+00 4.367978357652704702e+00 7.986690226121148761e+00 3.821354908814330820e+00 2.239624081788296195e-01 -2.961473434051126730e-01 4.228245840077970996e+00 4.422257269671428404e+00 2.407778946460677361e+00 3.643772564873104525e+00 2.532604573063539366e+00 6.310905856882752296e+00 1.870740647691457870e-01 3.750995146111058443e+00
2.157566991055228200e+00 5.507474419824931466e+00 4.406035180085913439e+00 7.957172744318509849e+00 3.846637416472461712e+00 2.304082634912621441e-01 -3.008287165128871732e-01 4.214309403039322888e+00 4.397693462166468947e+00 2.405997990687642751e+00 3.685857338914965808e+00 2.570661395496748103e+00 6.281388375080113384e+00 2.123565724272767352e-01 3.753696166638497367e+00
2.538794228540663500e+00 5.829608216125162556e+00 4.660712132325550705e+00 7.586757953431650492e+00 4.189473701271864137e+00 8.833422524110856600e-02 -1.004376722792980348e-01 4.066476256018452418e+00 4.265035027116483413e+00 2.272041985212719162e+00 4.007991135215196898e+00 2.825338347736384925e+00 5.910973584193254027e+00 5.551928572266794371e-01 3.850450690035944756e+00
2.547679673702701653e+00 5.838412404233387143e+00 4.667883564171839694e+00 7.576752113998779237e+00 4.204130575125298641e+00 9.222815962564676062e-02 -1.011967986834544642e-01 4.041573957301899611e+00 4.269256774128106890e+00 2.259305405371068609e+00 4.016795323323421485e+00 2.832509779582673470e+00 5.900967744760383660e+00 5.698497310801151627e-01 3.844259796883579217e+00
