-3.598568188292888825e-01
-4.579648670098694363e-01
-4.747732956668615500e-01
-4.786647088450740606e-01
-4.796458625673177822e-01
-4.799034884301238146e-01
-4.799728875544727047e-01
-4.799921426576643224e-01
-4.799976476059901742e-01
-4.799992735863202742e-01
-4.799997692752593914e-01
-4.799999249382527200e-01
-4.799999750977751445e-01
-4.799999916114340293e-01
-4.799999971413160815e-01
-4.799999990174345088e-01
-4.799999996601728158e-01
-4.799999998819428071e-01
-4.799999999588563937e-01
-4.799999999856285893e-01
-4.799999999949717822e-01
-4.799999999982383914e-01
-4.799999999993829203e-01
-4.799999999997828781e-01
-4.799999999999238764e-01
-4.799999999999727818e-01
-4.799999999999898237e-01
-4.799999999999965405e-01
-4.799999999999982059e-01
-4.799999999999996492e-01
