-9.813774716465087367e-02
-1.316827676840062189e-01
-1.404569576943858755e-01
-1.482248992041880764e-01
5.407280536297604662e-02
7.867810887486229032e-02
5.006727941138607030e-02
6.222703768871247487e-03
6.505249411562172290e-02
2.268590615769635818e-02
-3.124925261419456146e-02
-1.297020624787547094e-01
-1.524857225134352290e-01
-1.523753596877016891e-01
-1.546202700228877236e-01
-1.546489195975114805e-01
-1.541018841680571183e-01
-1.389700991700116850e-01
-1.138536894376641906e-01
-9.360481075957703678e-02
-8.242676870385672039e-02
-6.933802572967233402e-02
1.485588345227320806e-01
1.217547647358588059e-01
1.543946729654373518e-01
1.433759738936678518e-01
1.325085897298691751e-01
1.224792984449753069e-01
1.153216386054059794e-01
-5.197635552779298826e-04
