-2.387695452317984968e-01
-1.739044225431003177e-01
3.857632583128903780e-01
3.827261995487530877e-01
3.820327968655628514e-01
3.884177010976530564e-01
3.863011599879939695e-01
3.799733586441256250e-01
3.741428196942977458e-01
-8.866103360072703776e-02
-3.499895919488939522e-01
3.106624082709014134e-01
5.205105339564131822e-02
-5.386773359835947406e-02
3.874410493407151046e-01
3.398530086061080091e-01
-3.728689151238067101e-01
-2.528876176969627743e-01
-3.358373389466797199e-01
-1.157440575742009203e-01
3.509538231800369279e-01
-1.599761397633811533e-02
-2.801486258544163555e-01
1.220064979028298580e-02
-2.158362953949508611e-01
3.114494548076430780e-01
3.706328212556460056e-01
2.586407531478006616e-01
1.019228854771380144e-01
-2.020584975654511894e-01
