1.812651843869152180e-02
6.670781603521570846e-02
7.108270534682227526e-02
5.508937521862965203e-02
-2.501152707461751917e-02
-1.203175493977487465e-01
-4.141216938869541481e-02
1.683065971600655186e-01
2.258390378953260003e-01
1.035653379868259477e-01
-6.444661327672948636e-03
-1.845023594044501447e-01
-2.077818302028185404e-01
-1.840200063733209712e-01
1.841793457096604913e-01
-2.640803852992183384e-02
-1.750343212907116974e-03
-1.349191380439615784e-01
-1.823199583483118280e-01
4.045287944119212165e-02
-6.894668499994193248e-03
-1.567631869936044753e-01
-2.301305819238630701e-01
-2.167604610922775343e-01
4.907387463960041774e-02
1.716713565927816543e-01
-2.208256089590005800e-01
2.261201024333261422e-01
6.987057502350574323e-02
2.113152237063316563e-01
