-1.803585317843984792e-01
-2.061316786438050774e-01
-2.093543593509020750e-01
-2.096675406360079263e-01
-2.097124094105452807e-01
-2.097324742736373648e-01
-2.097490489791231094e-01
-2.097641174873666192e-01
-2.097779794177531132e-01
-2.097907721206878351e-01
-2.098026044519584743e-01
-2.098135706085667851e-01
-2.098237531737318917e-01
-2.098332248904648811e-01
-2.098420500660185539e-01
-2.098502857389894505e-01
-2.098579826595082520e-01
-2.098651861169639476e-01
-2.098719366420943033e-01
-2.098782706049360514e-01
-2.098842207260375181e-01
-2.098898165151153461e-01
-2.098950846487573629e-01
-2.099000492967300624e-01
-2.099047324047788876e-01
-2.099091539404777107e-01
-2.099133321075633274e-01
-2.099172835333503462e-01
-2.099210234330186053e-01
-2.099245657540209919e-01
