-1.116760269883005502e-01
-2.625174786665263049e-01
-2.607346047070884243e-01
-2.205653932260684402e-01
6.127172738429491339e-02
-1.225762897831232656e-01
-1.045786532866637281e-01
-1.620820518859469317e-01
2.074526361409191333e-01
-8.334529535564692837e-02
-1.037770374090627307e-01
-2.548930854636848320e-01
-2.682183021311732585e-01
-1.747869119438844043e-01
-2.677313731060029234e-01
-2.679490769775189074e-01
-2.613941506632351253e-01
-2.079370588070005854e-01
1.825471533016705672e-01
-4.580884051284184189e-02
2.471744059913506542e-01
2.697696817930253510e-01
2.698427843042667806e-01
2.697055453282243276e-01
1.100635744233326441e-01
-2.200566039827661635e-01
1.922739047013203306e-01
1.970158109781501854e-01
-1.083898443605108564e-01
-1.418465286774908962e-01
