2.916502007052754752e-01
1.906530319747791191e-01
-2.759798051568507771e-01
-1.486307590859414496e-01
1.016334145691273477e-01
-1.405093899764691401e-01
1.864220006413955522e-01
4.912889634593841509e-02
-1.838036036697681119e-01
2.576596279586444438e-01
-2.517442123562774747e-01
-2.963253262954028133e-01
-3.271001845109928752e-01
2.313614620149548329e-02
-7.206683955322770729e-02
1.587089650272501262e-01
-1.058630587009805196e-01
1.845507148213986204e-01
5.461307081216115744e-03
-1.696634935397977467e-02
-1.229287559428004495e-01
2.054578641555997731e-01
2.056964404223196041e-01
1.902258798352153835e-01
2.862066442347660500e-01
2.341657776417163106e-01
2.693220350792603357e-01
2.023335375186750551e-01
2.361449875912170759e-01
-1.341404234066241874e-01
