3.244400698502920150e-02
2.546923893167933259e-02
3.678569658757168542e-02
7.060425311607164411e-02
9.276620135726869332e-02
8.632508321528697959e-02
7.992318632717024252e-02
8.293326990245669661e-02
7.386504483839979873e-02
3.038109755918129776e-02
4.983448043980656661e-02
-3.391533120777937005e-02
-5.726761994481488482e-02
2.300677672550740724e-02
5.653659309754979767e-02
4.506432751799627212e-02
2.427290846862304244e-02
4.967095015507829760e-03
-1.793784918680237095e-02
-6.640607406443858884e-02
-7.447936022426651648e-02
-6.404564859449278502e-02
-7.421571570313280353e-02
-4.213994465521023192e-02
-5.731315447194708368e-02
-6.230508313629343209e-02
-9.196867715880679972e-02
-9.610397687668821576e-02
-9.910910073154108324e-02
-1.004558506996169470e-01
