-3.222662694939764649e-01
-3.265920968245606959e-01
-3.284475000840725856e-01
-3.292826960735281694e-01
-3.296666207396855008e-01
-3.298446983849238623e-01
-3.299275983920547661e-01
-3.299662413509202863e-01
-3.299842605681022056e-01
-3.299926627294000880e-01
-3.299965800229859303e-01
-3.299984060850445489e-01
-3.299992572006044123e-01
-3.299996538598787832e-01
-3.299998387076409356e-01
-3.299999248441817246e-01
-3.299999649811126146e-01
-3.299999836831686295e-01
-3.299999923973507276e-01
-3.299999964576529332e-01
-3.299999983495012223e-01
-3.299999992309795571e-01
-3.299999996416893566e-01
-3.299999998330519491e-01
-3.299999999222145153e-01
-3.299999999637568959e-01
-3.299999999831135788e-01
-3.299999999921323091e-01
-3.299999999963337260e-01
-3.299999999982925480e-01
