-3.363646993308616606e-01
-3.665449178488002779e-01
-3.820573606387286381e-01
-3.924036166041333651e-01
-3.997005744891554690e-01
-4.049532321396617784e-01
-4.087833633648502163e-01
-4.116029908343420418e-01
-4.136937748355102862e-01
-4.152526295554765379e-01
-4.164197130858496854e-01
-4.172962262413255075e-01
-4.179560719468944363e-01
-4.184536971083784307e-01
-4.188294897914528470e-01
-4.191135673641083748e-01
-4.193284790015576746e-01
-4.194911595039377827e-01
-4.196143570074324924e-01
-4.197076851215810200e-01
-4.197784034536483078e-01
-4.198319996329318848e-01
-4.198726250497409884e-01
-4.199034220766606484e-01
-4.199267703743394531e-01
-4.199444726225536328e-01
-4.199578947647847893e-01
-4.199680720158702751e-01
-4.199757890537541560e-01
-4.199816407184337463e-01
