-9.980027624293720534e-02
-1.187798239562982555e-01
-1.201157846364880599e-01
-1.202062605073938029e-01
-1.202282342401479603e-01
-1.202387307640473552e-01
-1.202441652546941270e-01
-1.202469859220131609e-01
-1.202484458551026508e-01
-1.202491997043989569e-01
-1.202495882876803701e-01
-1.202497883397973116e-01
-1.202498912395966735e-01
-1.202499441337926411e-01
-1.202499713108448193e-01
-1.202499852698344224e-01
-1.202499924379225732e-01
-1.202499961181907329e-01
-1.202499980075000113e-01
-1.202499989773154337e-01
-1.202499994751077272e-01
-1.202499997306059332e-01
-1.202499998617392180e-01
-1.202499999290414928e-01
-1.202499999635829042e-01
-1.202499999813104181e-01
-1.202499999904082517e-01
-1.202499999950771975e-01
-1.202499999974737388e-01
-1.202499999987037133e-01
