2.151821049657978713e-02
-1.290122365020015052e-02
-5.147278582382514012e-02
-8.171158497566886891e-02
-9.786296194388961756e-02
-1.046336158381543369e-01
-1.072659459031526652e-01
-1.082950583416520673e-01
-1.087075789711039603e-01
-1.088768862743018095e-01
-1.089476309407244048e-01
-1.089775679249821855e-01
-1.089903464122409654e-01
-1.089958327060187165e-01
-1.089981973500364354e-01
-1.089992191665561660e-01
-1.089996614717744922e-01
-1.089998531451187858e-01
-1.089999362688991169e-01
-1.089999723352821359e-01
-1.089999879891214163e-01
-1.089999947847892087e-01
-1.089999977353503235e-01
-1.089999990165521349e-01
-1.089999995729139387e-01
-1.089999998145234489e-01
-1.089999999194496555e-01
-1.089999999650175105e-01
-1.089999999848073192e-01
-1.089999999934016528e-01
