-7.827119519542664883e-02
-8.553551403158446420e-02
-9.003218944809175672e-02
-9.307041144505805164e-02
-9.519441041474771548e-02
-9.668582521475896363e-02
-9.772685483205691137e-02
-9.844787128644744145e-02
-9.894382943497039007e-02
-9.928314950561174801e-02
-9.951437098726220731e-02
-9.967146697801346211e-02
-9.977797097731060105e-02
-9.985006214200882468e-02
-9.989880318891886102e-02
-9.993172889343931997e-02
-9.995395673235653311e-02
-9.996895531056977646e-02
-9.997907212979140201e-02
-9.998589419911579901e-02
-9.999049352543253055e-02
-9.999359379254989244e-02
-9.999568331293479106e-02
-9.999709146261877291e-02
-9.999804035090789633e-02
-9.999867972152873263e-02
-9.999911051319068656e-02
-9.999940075730298639e-02
-9.999959630136481814e-02
-9.999972804018637806e-02
