-2.192476117939530164e-02
-6.644687826099353323e-02
-9.543217398325432033e-02
-1.112622355219983900e-01
-1.199193661512249903e-01
-1.250554375302903864e-01
-1.283337022958228324e-01
-1.305253337616407994e-01
-1.320331556559111164e-01
-1.330913852643651474e-01
-1.338457334291041634e-01
-1.343905377575732030e-01
-1.347884841747090667e-01
-1.350820538890022959e-01
-1.353005158692233423e-01
-1.354643332819391033e-01
-1.355880025309540438e-01
-1.356819160946916847e-01
-1.357536048747158275e-01
-1.358085792457449925e-01
-1.358509064216431028e-01
-1.358836119722968971e-01
-1.359089624203363433e-01
-1.359286663555101249e-01
-1.359440190289459838e-01
-1.359560072904202332e-01
-1.359653864021599101e-01
-1.359727367098643724e-01
-1.359785057539734110e-01
-1.359830397671004665e-01
