3.927486782187303849e-01
2.507131193480723330e-01
2.497123353198012485e-01
2.496896580047565928e-01
2.503959415244055853e-01
2.495873893316626346e-01
2.486619002499125819e-01
2.489991188056883686e-01
2.498369155228054583e-01
2.504681550405567503e-01
2.497662872557776248e-01
2.506656931028703461e-01
2.501453421736739013e-01
2.497794462097582269e-01
2.498020238236074719e-01
2.505413252941036673e-01
2.501875172905201339e-01
2.500565587401938350e-01
2.503134553825688835e-01
2.495461412766230569e-01
2.502497454634394769e-01
2.499467124952425845e-01
2.498218850674341351e-01
2.496991419800574374e-01
2.499107826768176555e-01
2.497984548145872064e-01
2.502416841749054432e-01
