3.062203503182031605e-01
2.501135814149894054e-01
2.496593442079980407e-01
2.496678373481356350e-01
2.503914307689677488e-01
2.495570322828014054e-01
2.485725421737537411e-01
2.488964594615980241e-01
2.498170537852217321e-01
2.505494916711719089e-01
2.497161667166241938e-01
2.508455682772506856e-01
2.501924574785467370e-01
2.496940309516642587e-01
2.497057735633247122e-01
2.508776527371619491e-01
2.503312822099781343e-01
2.501130719671370572e-01
2.506749953020487864e-01
2.489181799391198824e-01
2.506955045394894666e-01
2.498378382056024305e-01
2.493122274044253517e-01
2.485500141820919384e-01
2.494596856260491435e-01
2.481848675233488954e-01
2.543008594022742597e-01
