-9.999999999998898659e-04 0.000000000000000000e+00 4.267766952965898358e-06
2.318181818181916203e-03 0.000000000000000000e+00 -9.374999999998967916e-07
-4.761904761905031325e-04 0.000000000000000000e+00 3.736516952965887139e-05
-7.903225806451634472e-04 0.000000000000000000e+00 6.348033905931690182e-06
-3.658536585366828624e-05 0.000000000000000000e+00 -6.974873734152690278e-05
-6.764705882353066893e-04 0.000000000000000000e+00 -1.914245128834844505e-04
-1.221311475409846787e-03 0.000000000000000000e+00 -1.560323772597468656e-04
6.408450704225353376e-04 0.000000000000000000e+00 -2.516910171779770445e-04
4.567901234567877571e-04 0.000000000000000000e+00 -1.541053390593139123e-05
6.593406593407091592e-05 0.000000000000000000e+00 -1.163724746830454779e-04
