1.969999999999993891e-03 0.000000000000000000e+00 1.171323051533909620e-04
-1.265000000000005053e-03 0.000000000000000000e+00 -5.053734665440960411e-04
-8.599999999999996536e-04 0.000000000000000000e+00 9.287373734153257419e-05
-8.300000000000084654e-04 0.000000000000000000e+00 5.349873734152257079e-05
-8.150000000000073418e-04 0.000000000000000000e+00 -9.858757210637084599e-05
1.415000000000002410e-03 0.000000000000000000e+00 1.151040764008549227e-04
-1.150000000000012097e-04 0.000000000000000000e+00 3.751437588140118249e-04
-1.074999999999998266e-03 0.000000000000000000e+00 -7.068623734152678327e-05
1.420000000000012832e-03 0.000000000000000000e+00 -4.223033905933169796e-05
-1.490000000000005209e-03 0.000000000000000000e+00 -6.455266952966882250e-05
