1.926550048427188855e-01
1.447865954895754918e-02
5.151296248255467919e-03
7.097633577507029071e-03
2.906278989357846503e-03
1.995207878396096455e-03
3.300123297240307313e-03
1.819397250519075044e-03
1.607174405877514166e-03
1.377605005641985422e-03
1.275860076951670268e-03
6.690634721666745884e-04
9.572734243512960942e-04
3.717678431838213819e-04
4.954481057869899573e-04
4.491296597701418289e-04
4.970848138272889382e-04
3.699983556649276482e-04
6.760746399142753557e-04
6.615411410186510487e-04
4.674449412534382748e-04
4.368333425901559206e-04
4.725595554418733223e-04
5.545657486962214753e-04
7.799445999597417979e-04
7.055821962867941726e-04
7.123879897133522697e-04
