1.630037371509200084e-01
1.441015183733659888e-02
5.140991965787821381e-03
7.242369217776603411e-03
2.993401045302490193e-03
2.085846437509255961e-03
3.520739086179192415e-03
1.997341574797288893e-03
1.814655023467445956e-03
1.600084641307743770e-03
1.549275923886550511e-03
8.482841757151609935e-04
1.277691000288654370e-03
5.310947874392048457e-04
7.465275495070685134e-04
7.336462302535752284e-04
8.742594397401112468e-04
7.176566537065838742e-04
1.455281098751785721e-03
1.601441408512608829e-03
1.296410061831872098e-03
1.417232094092293459e-03
1.834582962239434583e-03
2.690583415153967491e-03
4.994101106531334891e-03
6.581517463834251659e-03
1.182466151099438589e-02
