1.565043907456071359e+00 5.346219627930688389e+00 2.610789302113399213e+00 9.654532752205471358e-01 4.664086062500583552e+00 4.184912663459319226e+00 1.090454869376789704e+00 4.898026897585839201e+00 2.579652851053675366e+00 1.155804546115605458e+00 5.958442115042518417e+00 5.098395864762481189e+00 4.022640960208108574e+00 3.708529092731539745e+00 5.455894019993092314e+00
1.573257740247951508e+00 5.341823970696198742e+00 2.655023859872902570e+00 9.787571342958157894e-01 4.673894972625447508e+00 4.132365886793979648e+00 1.081086827157022423e+00 4.868963487789278233e+00 2.612644997027113725e+00 1.174665146768983481e+00 5.954046457808029658e+00 5.142630422521984102e+00 4.035944819283376894e+00 3.718338002856403257e+00 5.504462972191404901e+00
1.581081697488591509e+00 5.337636216087711993e+00 2.695769574274613500e+00 9.915972523682968776e-01 4.681649778122874750e+00 4.083740582905170058e+00 1.073017451900140085e+00 4.842087597848926173e+00 2.642087795549352247e+00 1.192810259097423442e+00 5.949858703199542909e+00 5.183376136923694588e+00 4.048784937355858204e+00 3.726092808353830943e+00 5.549085741516105230e+00
1.588009485192860115e+00 5.333894159827063497e+00 2.729025598294278154e+00 1.002286507908968671e+00 4.687282197741405199e+00 4.043852342928660804e+00 1.067135281750902331e+00 4.819911724398001418e+00 2.665373928981987550e+00 1.208325009776779035e+00 5.946116646938894412e+00 5.216632160943359686e+00 4.059474192896529665e+00 3.731725227972361392e+00 5.585524934755449422e+00
1.593807137004507934e+00 5.330700452470829021e+00 2.753564695920626804e+00 1.010083440192816928e+00 4.691314577723372459e+00 4.014249923663326669e+00 1.063498314575840764e+00 4.803147596419774956e+00 2.682035256788373179e+00 1.220371075153423135e+00 5.942922939582659936e+00 5.241171258569708336e+00 4.067271125180377922e+00 3.735757607954328208e+00 5.612541072008662368e+00
1.598538899032003080e+00 5.328021999781666906e+00 2.770515861234953192e+00 1.015212466195430263e+00 4.694351795465780519e+00 3.993655160847009444e+00 1.061623935222652415e+00 4.791047915428340076e+00 2.693180767161644340e+00 1.229200194020577452e+00 5.940244486893497822e+00 5.258122423884034724e+00 4.072400151182991479e+00 3.738794825696736712e+00 5.631393929232706874e+00
1.602406492160459939e+00 5.325764692591057781e+00 2.781804856188762276e+00 1.018309498598903629e+00 4.696803946068708768e+00 3.979806301674370772e+00 1.060941121521122632e+00 4.782414193282770398e+00 2.700325695259426784e+00 1.235534049230568199e+00 5.937987179702888696e+00 5.269411418837844252e+00 4.075497183586464622e+00 3.741246976299664961e+00 5.644162137554845415e+00
1.605618654836305836e+00 5.323831968688909733e+00 2.789175380226549095e+00 1.020004825985672658e+00 4.698894155719552046e+00 3.970637464386855608e+00 1.061001301220716897e+00 4.776189513883633886e+00 2.704755945247520277e+00 1.240094307161393905e+00 5.936054455800740648e+00 5.276781942875631515e+00 4.077192510973233652e+00 3.743337185950508239e+00 5.652711296663103013e+00
1.608343709904870966e+00 5.322145898514586193e+00 2.793925083951372734e+00 1.020782382521373988e+00 4.700737435580832013e+00 3.964605658227209783e+00 1.061501920640529173e+00 4.771599656436598558e+00 2.707398289326980567e+00 1.243441167387689505e+00 5.934368385626417108e+00 5.281531646600455154e+00 4.077970067508934982e+00 3.745180465811787762e+00 5.658425413028817630e+00
1.610705667179835210e+00 5.320648776656048184e+00 2.796947665028358010e+00 1.020977523814769139e+00 4.702396228235914855e+00 3.960646523420329856e+00 1.062251377659420237e+00 4.768115485445317603e+00 2.708879348334811699e+00 1.245968346686282091e+00 5.932871263767879100e+00 5.284554227677440430e+00 4.078165208802330355e+00 3.746839258466870604e+00 5.662257661503232065e+00
