6.799100390229455559e-01 4.471269916930295629e+00 3.502685421747631977e+00 2.582385974548311314e+00 1.239523168293245492e+00 2.728861728035824274e+00 3.632527202225058538e+00 2.892664465497166049e+00 9.355948918353390598e-01 2.586731390160613486e+00 2.378063706224971430e+00 2.143146629156573724e+00 2.168517818131629582e+00 4.176114172021796023e+00 4.764738944789471020e+00
7.167538170606648773e-01 4.430040559562694824e+00 3.534316790503780670e+00 2.544445365036469120e+00 1.223768765836129591e+00 2.743937762050245421e+00 3.644016023305111318e+00 2.885067530330078789e+00 9.561494064388909031e-01 2.627117633147796116e+00 2.336834348857371957e+00 2.174777997912722860e+00 2.130577208619788276e+00 4.160359769564681010e+00 4.781972263882246388e+00
8.015034145166556323e-01 4.335090376146851554e+00 3.605987537188684033e+00 2.456749353469582342e+00 1.180542331657414845e+00 2.781768553954186984e+00 3.674154469153640079e+00 2.874132124313534487e+00 1.008372519837680725e+00 2.719756801624180653e+00 2.241884165441529575e+00 2.246448744597627556e+00 2.042881197052901943e+00 4.117133335385967818e+00 4.823017177850312365e+00
9.595007304314893126e-01 4.161080185193005931e+00 3.737909546080972145e+00 2.293317377929511736e+00 1.064957776931768629e+00 2.858411647542465683e+00 3.743509279019181069e+00 2.887514882109400993e+00 1.100595130238967156e+00 2.871008479415913861e+00 2.067873974487685285e+00 2.378370753489914780e+00 1.879449221512833335e+00 4.001548780660321825e+00 4.924213076608524808e+00
1.021135851355694957e+00 4.099638382485213839e+00 3.794250494802335449e+00 2.231757775693421042e+00 1.026214573494736992e+00 2.869960298435649371e+00 3.754528715337330791e+00 2.893979372341103584e+00 1.108340070690603030e+00 2.919994724802695174e+00 2.006432171779893192e+00 2.434711702211277196e+00 1.817889619276742863e+00 3.962805577223291298e+00 4.964180262479241712e+00
1.004836196754724797e+00 4.121569276729203146e+00 3.782658881237890292e+00 2.248829622499133318e+00 1.072657408599782647e+00 2.832065618386702344e+00 3.714056974698704217e+00 2.854739975071240554e+00 1.116531453349926650e+00 2.926153673270740274e+00 2.028363066023882944e+00 2.423120088646832038e+00 1.834961466082455361e+00 4.009248412328336286e+00 4.917385864271818008e+00
1.026250969702797056e+00 4.097880614944378941e+00 3.801771280593807756e+00 2.226148560327822601e+00 1.045982638877621884e+00 2.849075194400228384e+00 3.731416541223151029e+00 2.870959313962411219e+00 1.114546933071040913e+00 2.936827364515190109e+00 2.004674404239057850e+00 2.442232488002748614e+00 1.812280403911144644e+00 3.982573642606175746e+00 4.944782686692054341e+00
1.015241714079604618e+00 4.111328969806709033e+00 3.792476188911216628e+00 2.238037971092325495e+00 1.067759689038117576e+00 2.832430913567697495e+00 3.713879402153066778e+00 2.853838732415260981e+00 1.118914051912579088e+00 2.935755657108006567e+00 2.018122759101387054e+00 2.432937396320160595e+00 1.824169814675647316e+00 4.004350692766673880e+00 4.922454988359398875e+00
1.024843689021852855e+00 4.100219855000498015e+00 3.800952304718446584e+00 2.227649963004647571e+00 1.052986096787985604e+00 2.842820644784449513e+00 3.724640039972128225e+00 2.864156700735414507e+00 1.116832634061978524e+00 2.939119101898757247e+00 2.007013644295175148e+00 2.441413512127391439e+00 1.813781806587972056e+00 3.989577100516538799e+00 4.937629755126052622e+00
1.018565498320505913e+00 4.107686471351400748e+00 3.795508344867267514e+00 2.234434113606047045e+00 1.064050988852418111e+00 2.834619817685782639e+00 3.716055797308364106e+00 2.855796191177397692e+00 1.118940054395056505e+00 2.937768884084389853e+00 2.014480260646077436e+00 2.435969552276213257e+00 1.820565957189371309e+00 4.000641992580971085e+00 4.926249855004166456e+00
1.023366479245438443e+00 4.102051005512434401e+00 3.799721090924543798e+00 2.229218512290599641e+00 1.056165026830064857e+00 2.840307010130205700e+00 3.721972398920576630e+00 2.861505243637251894e+00 1.117673360081774758e+00 2.939180817948237490e+00 2.008844794807110645e+00 2.440182298333489985e+00 1.815350355873924348e+00 3.992756030558618274e+00 4.934350823531542751e+00
1.019982795523682650e+00 4.106046742183537823e+00 3.796768921579503964e+00 2.232877509209816758e+00 1.061930754717359093e+00 2.836080862438237649e+00 3.717559204143823681e+00 2.857216671823167520e+00 1.118726551056877572e+00 2.938337118288572469e+00 2.012840531478213624e+00 2.437230128988450151e+00 1.819009352793141687e+00 3.998521758445912067e+00 4.928419160687815825e+00
1.022472192505249122e+00 4.103113447105717349e+00 3.798948276679533720e+00 2.230173384556311422e+00 1.057764410418834622e+00 2.839107558137997867e+00 3.720712661956622203e+00 2.860266515871320969e+00 1.118026800552987865e+00 2.939022393172070480e+00 2.009907236400394925e+00 2.439409484088479907e+00 1.816305228139636130e+00 3.994355414147386707e+00 4.932700191088695618e+00
1.020679226142601426e+00 4.105227183855523876e+00 3.797381389940550189e+00 2.232113970307568085e+00 1.060791092408845948e+00 2.836897257635407232e+00 3.718406489322252817e+00 2.858028356446715268e+00 1.118567097913347963e+00 2.938556000843157268e+00 2.012020973150201453e+00 2.437842597349497265e+00 1.818245813890892792e+00 3.997382096137398033e+00 4.929586942286702467e+00
1.021984113906360347e+00 4.103688394195133426e+00 3.798522882409749446e+00 2.230697491805321953e+00 1.058596293608478067e+00 2.838495283149425674e+00 3.720072322086841687e+00 2.859641110551980336e+00 1.118191466058841899e+00 2.938907119736505091e+00 2.010482183489819885e+00 2.438984089818702738e+00 1.816829335388641109e+00 3.995187297337027044e+00 4.931842673410289812e+00
1.021038758115047962e+00 4.104802596067633758e+00 3.797696343338644809e+00 2.231721379454986387e+00 1.060188377812109506e+00 2.837334044674368894e+00 3.718861097541674710e+00 2.858466405219004525e+00 1.118472339166690865e+00 2.938657844110830641e+00 2.011596385362314443e+00 2.438157550747599434e+00 1.817853223038307764e+00 3.996779381540659148e+00 4.930205348121922349e+00
1.021724859235639160e+00 4.103993473354294430e+00 3.798296387638492089e+00 2.230977000852730097e+00 1.059033056391699867e+00 2.838175838739439349e+00 3.719738788175504407e+00 2.859316556614675431e+00 1.118272851531430190e+00 2.938841017718898385e+00 2.010787262648975116e+00 2.438757595047446713e+00 1.817108844436051029e+00 3.995624060120249066e+00 4.931392927855857700e+00
1.021227104676382114e+00 4.104580164983035573e+00 3.797861134243475600e+00 2.231516337579323217e+00 1.059870951093478730e+00 2.837564943566674103e+00 3.719101677366639436e+00 2.858698872361501664e+00 1.118419786208754596e+00 2.938709150864486475e+00 2.011373954277716258e+00 2.438322341652430225e+00 1.817648181162643928e+00 3.996461954822028595e+00 4.930531326247250767e+00
1.021588148048624634e+00 4.104154421778718032e+00 3.798176869310015302e+00 2.231124756161332989e+00 1.059262901605733109e+00 2.838008091002068412e+00 3.719563760549632558e+00 2.859146570977300073e+00 1.118314333236428926e+00 2.938805269746407323e+00 2.010948211073399605e+00 2.438638076718969927e+00 1.817256599744653034e+00 3.995853905334282530e+00 4.931156411536305129e+00
1.021326159306372938e+00 4.104463249845204942e+00 3.797947768487383247e+00 2.231408702633459917e+00 1.059703921237603597e+00 2.837686597279979406e+00 3.719228488696830315e+00 2.858821581398149458e+00 1.118391433070881957e+00 2.938735742450510280e+00 2.011257039139886071e+00 2.438408975896336983e+00 1.817540546216780184e+00 3.996294924966152795e+00 4.930702945719626307e+00
1.021516185703730040e+00 4.104239188110493153e+00 3.798113944380467455e+00 2.231202641974736167e+00 1.059383907434847893e+00 2.837919844385293544e+00 3.719471711494112487e+00 2.859057263788354675e+00 1.118335809343539600e+00 2.938786277483264708e+00 2.011032977405174726e+00 2.438575151789421191e+00 1.817334485558056212e+00 3.995974911163396648e+00 4.931031942688293590e+00
1.021378299607027751e+00 4.104401736725044714e+00 3.797993366018026062e+00 2.231352105415639997e+00 1.059616035795291511e+00 2.837750636998858322e+00 3.719295256869594724e+00 2.858886237011662779e+00 1.118376325704068863e+00 2.938749659638830725e+00 2.011195526019726731e+00 2.438454573426978911e+00 1.817483948998961152e+00 3.996207039523838933e+00 4.930793272651444070e+00
1.021478318258802087e+00 4.104283810029916602e+00 3.798080830641060945e+00 2.231243658459844958e+00 1.059447611442427162e+00 2.837873399922794526e+00 3.719423272439231543e+00 2.859010292362047512e+00 1.118347016878984412e+00 2.938776246370952805e+00 2.011077599324598175e+00 2.438542038050013794e+00 1.817375502043165669e+00 3.996038615170975916e+00 4.930966429861282307e+00
1.021405748053844098e+00 4.104369363697413675e+00 3.798017369395949139e+00 2.231322327847179654e+00 1.059569789394657624e+00 2.837784341599646876e+00 3.719330400822879135e+00 2.858920282005266600e+00 1.118368324448808737e+00 2.938756968498130284e+00 2.011163152992094361e+00 2.438478576804901543e+00 1.817454171430499699e+00 3.996160793123205934e+00 4.930840811435071913e+00
1.021458391606332006e+00 4.104307296366278557e+00 3.798063405219705757e+00 2.231265251334333399e+00 1.059481145788860879e+00 2.837848954005821156e+00 3.719397778367568019e+00 2.858985577544890688e+00 1.118352889594266930e+00 2.938770959307565267e+00 2.011101085660959686e+00 2.438524612628658161e+00 1.817397094917653666e+00 3.996072149517408967e+00 4.930931947408689453e+00
1.021420197091641890e+00 4.104352325253341149e+00 3.798030004827657624e+00 2.231306657598302046e+00 1.059545451941081629e+00 2.837802080211358824e+00 3.719348897827823741e+00 2.858938204188732790e+00 1.118364099570834602e+00 2.938760811773886150e+00 2.011146114548023167e+00 2.438491212236610917e+00 1.817438501181621868e+00 3.996136455669628607e+00 4.930865831174347846e+00
1.021447905081326768e+00 4.104319657781862141e+00 3.798054234949010954e+00 2.231276617289447373e+00 1.059498797370387546e+00 2.837836086986708306e+00 3.719384360101746889e+00 2.858972571306830801e+00 1.118355973394978831e+00 2.938768174898399366e+00 2.011113447076537053e+00 2.438515442357966467e+00 1.817408460872766973e+00 3.996089801098933858e+00 4.930913797915128072e+00
1.021427802695255682e+00 4.104343357505290335e+00 3.798036655784184479e+00 2.231298410541063593e+00 1.059532643498971138e+00 2.837811416102996809e+00 3.719358633095068534e+00 2.858947637908445749e+00 1.118361872173977423e+00 2.938762833741448421e+00 2.011137146799945263e+00 2.438497863193160864e+00 1.817430254124372091e+00 3.996123647227505238e+00 4.930878999299143750e+00
1.021442386192582763e+00 4.104326163851300002e+00 3.798049408780641567e+00 2.231282599726708504e+00 1.059508088297463013e+00 2.837829314579179307e+00 3.719377297671559557e+00 2.858965726259742990e+00 1.118357594503449182e+00 2.938766708984740905e+00 2.011119953145962924e+00 2.438510616189631719e+00 1.817414443310015892e+00 3.996099092026011768e+00 4.930904245231708671e+00
1.021431805922508929e+00 4.104338637553135882e+00 3.798040156530208655e+00 2.231294070062689094e+00 1.059525902386047935e+00 2.837816329685267647e+00 3.719363756935485821e+00 2.858952603313018148e+00 1.118360698810784593e+00 2.938763897740874320e+00 2.011132426847797916e+00 2.438501363939198807e+00 1.817425913645995816e+00 3.996116906114596468e+00 4.930885929882856900e+00
