4.501375184595512557e+00 5.810431402088648944e+00 4.436206437176474005e+00 3.544142753143322278e+00 1.199658933486182466e+00 1.812892728890705740e+00 2.650410355783454630e+00 5.477244532519531361e+00 6.020802505545991501e+00 8.200226748908757690e-01 2.139041671819117418e+00 4.089762862308361058e+00 1.910988982422416216e+00 1.524284676983868048e+00 1.203817463756206241e+00
4.468361222538824507e+00 5.815267943874107281e+00 4.437415961772909867e+00 3.558597428426094389e+00 1.221682623636191956e+00 1.827694780607150182e+00 2.616337200430903120e+00 5.508250816597494826e+00 6.032788446491347933e+00 8.197244124782679942e-01 2.143878213604576199e+00 4.090972386904796920e+00 1.925443657705188549e+00 1.546308367133877315e+00 1.239956661226610635e+00
4.446257111590751876e+00 5.818834942396835963e+00 4.437419588140910420e+00 3.567888947403106137e+00 1.235826879294262826e+00 1.836204329061465357e+00 2.593647971469950075e+00 5.527979899606048519e+00 6.039749016529449399e+00 8.197419494691388087e-01 2.147445212127305325e+00 4.090976013272797474e+00 1.934735176682200963e+00 1.560452622791948185e+00 1.263582234490740364e+00
4.432340572056640227e+00 5.821271773762848767e+00 4.436924334740708353e+00 3.573470200192349289e+00 1.244397774669222745e+00 1.840817534275740019e+00 2.579458551044937487e+00 5.539860196151445315e+00 6.043509732878169061e+00 8.200467087084495343e-01 2.149882043493318129e+00 4.090480759872596295e+00 1.940316429471443893e+00 1.569023518166908104e+00 1.278171615005513795e+00
4.423737196029571273e+00 5.822911408926112031e+00 4.436260541560988813e+00 3.576725594246909612e+00 1.249487582770741012e+00 1.843181769859790986e+00 2.570767241675952608e+00 5.546861650275321409e+00 6.045392832566909291e+00 8.205572353258090423e-01 2.151521678656581393e+00 4.089816966692876754e+00 1.943571823526004216e+00 1.574113326268426372e+00 1.287012038207950848e+00
4.418401384211416705e+00 5.824037715137983184e+00 4.435553441484740844e+00 3.578584934830372433e+00 1.252487340253517267e+00 1.844262848689459222e+00 2.565449745213612687e+00 5.550941933921550664e+00 6.046197116120717752e+00 8.211949262928384119e-01 2.152647984868452546e+00 4.089109866616628786e+00 1.945431164109467037e+00 1.577113083751202627e+00 1.292356283019551411e+00
4.415039946032850438e+00 5.824844565098960203e+00 4.434846430462714650e+00 3.579615210676250658e+00 1.254243544097215057e+00 1.844609238599518308e+00 2.562167043856581117e+00 5.553289884239014818e+00 6.046383549314772843e+00 8.219024216695434149e-01 2.153454834829429565e+00 4.088402855594602592e+00 1.946461439955344819e+00 1.578869287594900417e+00 1.295603068914346734e+00
4.412866028969125942e+00 5.825454499349543624e+00 4.434153678626577388e+00 3.580154054559967935e+00 1.255260227827613928e+00 1.844534335429505845e+00 2.560105710707990756e+00 5.554612095864968957e+00 6.046217368976550155e+00 8.226424545186260540e-01 2.154064769080013875e+00 4.087710103758465330e+00 1.947000283839061430e+00 1.579885971325299066e+00 1.297595369430766254e+00
4.411406689917676260e+00 5.825942611246150982e+00 4.433479402953396153e+00 3.580401967811268626e+00 1.255836797173239150e+00 1.844219499503885418e+00 2.558777260136560816e+00 5.555327138870452153e+00 6.045852246991480605e+00 8.233921984740784072e-01 2.154552880976621232e+00 4.087035828085284095e+00 1.947248197090362121e+00 1.580462540670924287e+00 1.298837217826103618e+00
4.410378730091541577e+00 5.826354313385855299e+00 4.432824536082385691e+00 3.580478258658002844e+00 1.256151471832152478e+00 1.843770749537974263e+00 2.557889332826476902e+00 5.555683244341030225e+00 6.045377797952727228e+00 8.241381882864466935e-01 2.154964583116325549e+00 4.086380961214273633e+00 1.947324487937096338e+00 1.580777215329837615e+00 1.299629550117412657e+00
