2.866596353101408479e+00 5.035486558738743845e+00 2.594922814907730579e+00 1.083554993466180116e+00 5.089206569131873970e+00 5.165456251453141689e+00 5.213563746497368534e+00 3.213530641633390417e+00 5.832800246408660350e+00 3.828543823044671779e+00 4.983819633063375498e+00 2.733775404097197104e+00 5.617684148019672641e+00 3.654271669080384477e+00 3.517461036661517215e-01
2.844957739098205263e+00 5.008925832590827909e+00 2.576705295131767937e+00 1.101942605969377320e+00 5.109101628400718020e+00 5.170818847469938362e+00 5.202883931923887317e+00 3.190788052568568567e+00 5.811324109411001970e+00 3.844536126249757046e+00 4.957258906915459562e+00 2.715557884321234461e+00 5.636071760522869845e+00 3.674166728349228528e+00 3.454805808664465627e-01
2.814015647796614061e+00 4.968706733246063045e+00 2.550789806831225803e+00 1.128052902960647641e+00 5.137982044404879822e+00 5.179860112922725968e+00 5.187582416585461154e+00 3.155839812195742944e+00 5.778470727414931396e+00 3.870350103781379225e+00 4.917039807570694698e+00 2.689642396020691884e+00 5.662182057514140610e+00 3.703047144353390330e+00 3.365954139510108911e-01
2.773075021195813061e+00 4.913068751916536137e+00 2.516777808588307686e+00 1.162131641446691122e+00 5.177511261369781792e+00 5.194016463279186091e+00 5.166996806886709592e+00 3.106535969736144764e+00 5.733213280964424285e+00 3.908707631697724061e+00 4.861401826241167790e+00 2.655630397777773766e+00 5.696260796000184534e+00 3.742576361318291855e+00 3.231182724053185407e-01
2.727331065788182851e+00 4.848855149139136955e+00 2.479114137277366403e+00 1.199693809894013530e+00 5.224499219692563479e+00 5.212763134197902382e+00 5.143199807293371784e+00 3.048422608789912225e+00 5.682517888505274506e+00 3.955392523128483440e+00 4.797188223463767720e+00 2.617966726466832483e+00 5.733822964447506720e+00 3.789564319641073986e+00 3.034021262867894753e-01
2.687881537952497624e+00 4.793316402616519589e+00 2.446642589769895348e+00 1.232231418844906168e+00 5.268342521345864782e+00 5.231111442081661345e+00 5.122096014091411575e+00 2.997679694656312677e+00 5.641643984169454562e+00 3.995432408855573936e+00 4.741649476941150354e+00 2.585495178959361429e+00 5.766360573398399580e+00 3.833407621294375289e+00 2.808739354423819834e-01
2.659869263923046567e+00 4.756684055362440766e+00 2.422997309472011640e+00 1.256192841906842661e+00 5.300530983010776076e+00 5.243882677271165527e+00 5.108154877624511592e+00 2.965132446047147763e+00 5.617389466132788556e+00 4.019401664004755403e+00 4.705017129687072419e+00 2.561849898661477720e+00 5.790321996460336074e+00 3.865596082959286584e+00 2.633444219709903389e-01
2.640155573917659648e+00 4.734849683939216902e+00 2.405574813651548904e+00 1.273846917922121236e+00 5.321912099258972795e+00 5.251065065462818815e+00 5.100607078145577233e+00 2.947321498798023409e+00 5.604352745811113756e+00 4.031657134642713025e+00 4.683182758263848555e+00 2.544427402841014985e+00 5.807976072475614870e+00 3.886977199207483302e+00 2.532614451550657120e-01
2.625369085874910802e+00 4.721635111273897678e+00 2.391916076525199664e+00 1.287516443630120966e+00 5.336165622542736742e+00 5.254659830849237601e+00 5.097075319118167691e+00 2.938043440146725693e+00 5.596965389554478421e+00 4.037994177186475575e+00 4.669968185598529331e+00 2.530768665714665744e+00 5.821645598183613934e+00 3.901230722491246805e+00 2.486347124931861108e-01
2.613669529867081120e+00 4.713255809058944479e+00 2.380747160395853435e+00 1.298514202067148515e+00 5.346009352758111177e+00 5.256211263153789837e+00 5.095810335296051541e+00 2.933360749060840433e+00 5.592343006389588034e+00 4.041541264840359915e+00 4.661588883383576132e+00 2.519599749585319515e+00 5.832643356620641484e+00 3.911074452706621241e+00 2.472570035563810553e-01
