3.400477058200505276e+00 1.627347621022864343e+00 6.426155466685562478e-02 1.321686838653278961e+00 4.205171163803620438e+00 5.981429115002893759e+00 4.053964598657977980e+00 3.673534846810988963e+00 4.056814399200856514e+00 4.712788440099993537e+00 3.043475229105460755e+00 5.303212364641469279e+00 6.668636828054491650e-01 2.406476855198744769e+00 3.546222457135306261e+00
3.357968459759383961e+00 1.597967769332625743e+00 8.853219494540086332e-02 1.286731556191146764e+00 4.254957465351521861e+00 5.991416397326478460e+00 4.004949720280405856e+00 3.629106884027403002e+00 4.085389443100563511e+00 4.741709773587648336e+00 3.014095377415222377e+00 5.327483004920014587e+00 6.319084003433167451e-01 2.456263156746646192e+00 3.542522857982942419e+00
3.329862514538485474e+00 1.581799866877136251e+00 1.019118284734962521e-01 1.262003048266171490e+00 4.292092035438484388e+00 5.999631592805016567e+00 3.960469588684140785e+00 3.592831893413258815e+00 4.114749263944934121e+00 4.769928342108342711e+00 2.997927474959733107e+00 5.340862638448109934e+00 6.071798924183416934e-01 2.493397726833608719e+00 3.534732687111603155e+00
3.312291183695223129e+00 1.574113066130609084e+00 1.081703281346949874e-01 1.245731865670593796e+00 4.318795264039446913e+00 6.005885233657806133e+00 3.923534297666706028e+00 3.564710363116479375e+00 4.141392750331988282e+00 4.794006056877471167e+00 2.990240674213206162e+00 5.347121138109308447e+00 5.909087098227640000e-01 2.520100955434570800e+00 3.524780462590618946e+00
3.300433225369412860e+00 1.570211271869078162e+00 1.111543793200123337e-01 1.234647933098492967e+00 4.338928547252836943e+00 6.010609688475462953e+00 3.893554239230946568e+00 3.542565871207552064e+00 4.163947449545032597e+00 4.813293813882552286e+00 2.986338879951675018e+00 5.350105189294625418e+00 5.798247772506633924e-01 2.540234238647960385e+00 3.514766565535106579e+00
3.291601963296758804e+00 1.567781849003882844e+00 1.128118527290593448e-01 1.226625575876481022e+00 4.354918207156062593e+00 6.014224976430919689e+00 3.869172315496634429e+00 3.524659355292431240e+00 4.182510988043013356e+00 4.828450469695758862e+00 2.983909457086479478e+00 5.351762662703672291e+00 5.718024200286512260e-01 2.556223898551186480e+00 3.505707256991620113e+00
3.284513500593485347e+00 1.565901179245481334e+00 1.139531800691502006e-01 1.220490384534074435e+00 4.368112174386232560e+00 6.017042173537217487e+00 3.849124764373255569e+00 3.509833088195947859e+00 4.197714107505599479e+00 4.840390106003675363e+00 2.982028787328077968e+00 5.352903990043762938e+00 5.656672286862445276e-01 2.569417865781356447e+00 3.497866616331119172e+00
3.278549779743248571e+00 1.564239091875626597e+00 1.148876814258751738e-01 1.215593965062425674e+00 4.379290271819497704e+00 6.019280847293005721e+00 3.832404188355824637e+00 3.497314024385140385e+00 4.210250505459987913e+00 4.849913330136010003e+00 2.980366699958223009e+00 5.353838491400488842e+00 5.607708092145956558e-01 2.580595963214621591e+00 3.491177908807393315e+00
3.273390210870047667e+00 1.562690764396119425e+00 1.157254260296260717e-01 1.211561577960390323e+00 4.388939361584696108e+00 6.021094452390498120e+00 3.818249080324739975e+00 3.486569487510252863e+00 4.220713960897947814e+00 4.857634059419067896e+00 2.978818372478715393e+00 5.354676236004239698e+00 5.567384221125601940e-01 2.590245052979820439e+00 3.485471149594379980e+00
3.268849476935579812e+00 1.561229020009091917e+00 1.165023434260149260e-01 1.208163286358344024e+00 4.397386362997858456e+00 6.022590447332452968e+00 3.806094533011062708e+00 3.477220759793254512e+00 4.229568689364965550e+00 4.864000503407837073e+00 2.977356628091687885e+00 5.355453153400627997e+00 5.533401305105141166e-01 2.598692054392982786e+00 3.480568441434323645e+00
