4.378761758508164625e+00 3.011786943773627101e+00 2.908833925599089820e+00 4.886648093529063708e+00 4.289904183834237550e+00 1.978915301281360950e+00 5.066166021205093628e+00 2.845837388602214801e+00 8.684735965254035683e-01 2.105122230396446970e+00 6.242700931619585836e-01 5.408681010394062127e+00 4.570816140412255812e+00 2.021215692196982605e+00 1.560704654108753475e+00
4.379069951891247037e+00 3.017923550290662060e+00 2.896926557563602955e+00 4.901507593387785633e+00 4.305775487568888060e+00 1.954049705807949122e+00 5.087066241941571754e+00 2.825000750748142053e+00 8.890602627560849625e-01 2.125993236421007460e+00 6.304066996789943200e-01 5.396773642358574818e+00 4.585675640270978626e+00 2.037086995931634004e+00 1.547879192328400322e+00
4.435988660980285658e+00 3.054970006883108269e+00 2.802433885485360321e+00 5.004819904119218066e+00 4.386467791209680556e+00 1.842589079145787734e+00 5.144002511279474277e+00 2.751867373141670736e+00 9.609217307824952092e-01 2.198462327350885204e+00 6.674531562714404176e-01 5.302280970280333072e+00 4.688987951002411059e+00 2.117779299572426499e+00 1.453485611763819296e+00
4.343049564880790747e+00 3.036969267734619393e+00 2.893016716247307940e+00 4.925976152599737645e+00 4.364945180464081531e+00 1.887071529455098373e+00 5.149406129558102840e+00 2.799950857008172367e+00 9.081009081378988990e-01 2.135676578986588137e+00 6.494524171229546505e-01 5.392863801042279803e+00 4.610144199482929750e+00 2.096256688826835024e+00 1.522576255414705315e+00
4.340025942954873095e+00 3.051720213317701713e+00 2.876459780589819992e+00 4.948880879613581918e+00 4.394572418206354136e+00 1.840183836302976772e+00 5.188816295813189150e+00 2.759371874803603575e+00 9.467948545359661239e-01 2.176044081391742324e+00 6.642033627060370815e-01 5.376306865384791855e+00 4.633048926496774023e+00 2.125883926569107629e+00 1.506929796998544457e+00
-8.020074089557320818e-01 -2.635089883828407586e-01 9.867104938915323586e+00 -1.988507289383385057e+00 5.621766015130935656e-01 8.572335933435670796e+00 2.655871621030812868e+00 9.279763187943505187e+00 -5.614911376122702968e+00 -4.725231241129157489e+00 -2.651025838994509165e+00 1.236695202371030433e+01 -2.304339242500202722e+00 -1.706511890124151165e+00 6.749963919399938561e+00
-9.584868507034571827e-01 -1.006692831909726527e-01 9.691287909709004111e+00 -1.811576589099937351e+00 7.290941226394385133e-01 8.636110744105177872e+00 2.608015572295350193e+00 9.327283265188359707e+00 -5.657388619556817488e+00 -4.804629626484575589e+00 -2.488186133802640754e+00 1.219113499450398486e+01 -2.127408542216754128e+00 -1.539594368997806439e+00 6.753381320074368865e+00
-9.359460722040955361e-01 -1.022058355690209364e-01 9.718634677181972492e+00 -1.830823952341755101e+00 6.745360494038030730e-01 8.658301481297748126e+00 2.618695858574836333e+00 9.308113625579307993e+00 -5.674609460196104571e+00 -4.773764259126880738e+00 -2.489722686180688704e+00 1.221848176197695324e+01 -2.146655905458571656e+00 -1.594152442233441880e+00 6.740377042396929141e+00
-9.218458878466758710e-01 -1.062010113964527158e-01 9.731836963903683468e+00 -1.841502335400007517e+00 6.594594763043872820e-01 8.668869432383695894e+00 2.614176921753539329e+00 9.311729694846061278e+00 -5.682626786147798370e+00 -4.759566165838140961e+00 -2.493717862008121955e+00 1.223168404869866954e+01 -2.157334288516832732e+00 -1.609229015332856116e+00 6.744704336111090548e+00
5.494725877788056989e-01 -1.213962194852474585e+00 1.156615450837914594e+01 -3.514006746266055359e+00 -1.536122753563800236e+00 8.553488518742710767e+00 3.168840424286308632e+00 8.720285478681988778e+00 -5.672069535739177049e+00 -3.412986395822524610e+00 -3.601479045464127893e+00 1.406600159317410537e+01 -3.829838699382888567e+00 -3.804811245201042524e+00 6.472699517645378542e+00
