1.321095662393494186e+00 4.213809188162238151e+00 4.527670633596738270e+00 3.357186966129085182e+00 3.898497702123407294e+00 5.667199781086502242e+00 4.419530630814413996e+00 5.485452908107433245e+00 5.232934649750839107e+00 3.395512732418373592e+00 2.512608338062484403e+00 1.395159524926917305e+00 5.185608046832278717e+00 4.837633013416359873e+00 6.248261405604718099e+00
1.295390447788087762e+00 4.183930880919094264e+00 4.563064853108654617e+00 3.382136850950182350e+00 3.963176786643491045e+00 5.606812796392468989e+00 4.365957454212861855e+00 5.428079991288367268e+00 5.250019511130341598e+00 3.387609066727466089e+00 2.482730030819340517e+00 1.430553744438833652e+00 5.210557931653376329e+00 4.902312097936443180e+00 6.181315085005866017e+00
1.290732028818221133e+00 4.179025502546542370e+00 4.568422800026586295e+00 3.386695095047364212e+00 3.971677267763780161e+00 5.599618979541125974e+00 4.359783995791136846e+00 5.421226687558986512e+00 5.252314995181656343e+00 3.385536625545516820e+00 2.477824652446788622e+00 1.435911691356764885e+00 5.215116175750558192e+00 4.910812579056732297e+00 6.172823230232674874e+00
1.289583395747450956e+00 4.178266162662064964e+00 4.569212137051479772e+00 3.387795574001607246e+00 3.971786594453127872e+00 5.600341372453423006e+00 4.360780149838347164e+00 5.422041601668271760e+00 5.251690330333901535e+00 3.385443339197203194e+00 2.477065312562311217e+00 1.436701028381658363e+00 5.216216654704801670e+00 4.910921905746080007e+00 6.173046875499420771e+00
1.288460849844202727e+00 4.177540308932025326e+00 4.569965952408407972e+00 3.388869892732249145e+00 3.971823013847311401e+00 5.601136848696669723e+00 4.361843554188760130e+00 5.422928449796070360e+00 5.251033889204901328e+00 3.385370989727096713e+00 2.476339458832271578e+00 1.437454843738586785e+00 5.217290973435443568e+00 4.910958325140263092e+00 6.173347747068040015e+00
1.287335312655291109e+00 4.176812561548415736e+00 4.570722731942568728e+00 3.389946908508306933e+00 3.971859434130764477e+00 5.601935187097590862e+00 4.362909825575613354e+00 5.423818795146823746e+00 5.250373265505801967e+00 3.385300941083810411e+00 2.475611711448661989e+00 1.438211623272747985e+00 5.218367989211500912e+00 4.910994745423716168e+00 6.173649596082878332e+00
1.286208697450150096e+00 4.176084081524770397e+00 4.571481283048464128e+00 3.391024797268173518e+00 3.971896129169788292e+00 5.602734619922100201e+00 4.363976728793683257e+00 5.424710710301617667e+00 5.249709776318084664e+00 3.385233247738152151e+00 2.474883231425015762e+00 1.438970174378644051e+00 5.219445877971367942e+00 4.911031440462738651e+00 6.173951521463454384e+00
1.285083122237118847e+00 4.175356238631768413e+00 4.572240181992829555e+00 3.392101535127158840e+00 3.971933035812908130e+00 5.603533647465496870e+00 4.365042258498581518e+00 5.425602519470603902e+00 5.249044668914025991e+00 3.385168038405353741e+00 2.474155388532014221e+00 1.439729073323006814e+00 5.220522615830351931e+00 4.911068347105857157e+00 6.174252952787221638e+00
1.283960752174810871e+00 4.174630433695243781e+00 4.572997965015248134e+00 3.393175054249296441e+00 3.971970086233955310e+00 5.604330735643731742e+00 4.366104369289184994e+00 5.426492505720626802e+00 5.248379234464523257e+00 3.385105426560651498e+00 2.473429583595489589e+00 1.440486856345424949e+00 5.221596134952489976e+00 4.911105397526904781e+00 6.174553310122921523e+00
1.282843781803072902e+00 4.173908086807539775e+00 4.573753140456036093e+00 3.394243259839394788e+00 3.972007209652050008e+00 5.605124326877846563e+00 4.367160990926842068e+00 5.427378923300857139e+00 5.247714798652451940e+00 3.385045508740300413e+00 2.472707236707785583e+00 1.441242031786213129e+00 5.222664340542587880e+00 4.911142520944999923e+00 6.174852007373303309e+00
1.281734416658753650e+00 4.173190625427803724e+00 4.574504201113634316e+00 3.395304047681553694e+00 3.972044332850766857e+00 5.605912853046460143e+00 4.368210045693251331e+00 5.428260012152401615e+00 5.247052710828881139e+00 3.384988363441518988e+00 2.471989775328049976e+00 1.441993092443811353e+00 5.223725128384747229e+00 4.911179644143716772e+00 6.175148457218545772e+00
1.280634854045346049e+00 4.172479471931215933e+00 4.575249637317146068e+00 3.396355322466757531e+00 3.972081380757738867e+00 5.606694749091844621e+00 4.369249466500651380e+00 5.429134013192948416e+00 5.246394332358291557e+00 3.384934050309927667e+00 2.471278621831462186e+00 1.442738528647323548e+00 5.224776403169951067e+00 4.911216692050688337e+00 6.175442076259790802e+00
1.279547263308189020e+00 4.171776030833954430e+00 4.575987950480858046e+00 3.397395016574486171e+00 3.972118277080269433e+00 5.607468467028532189e+00 4.370277215417099903e+00 5.429999184095649412e+00 5.245741024358968829e+00 3.384882609638859119e+00 2.470575180734200682e+00 1.443476841811035305e+00 5.225816097277679262e+00 4.911253588373218015e+00 6.175732290262899937e+00
1.278473765999478262e+00 4.171081675942835076e+00 4.576717666879802415e+00 3.398421108942709878e+00 3.972154944986322711e+00 5.608232490083636890e+00 4.371291302245564836e+00 5.430853815257350448e+00 5.245094135071643571e+00 3.384834062196742543e+00 2.469880825843081329e+00 1.444206558209980118e+00 5.226842189645902970e+00 4.911290256279270849e+00 6.176018539399462881e+00
1.277416416335748650e+00 4.170397737690595186e+00 4.577437351368088159e+00 3.399431643643624934e+00 3.972191307818278450e+00 5.608985346683207140e+00 4.372289802779853574e+00 5.431696245633254705e+00 5.244454987110685806e+00 3.384788409388525210e+00 2.469196887590841882e+00 1.444926242698265861e+00 5.227852724346818469e+00 4.911326619111227032e+00 6.176300283378221678e+00
1.276377182354933471e+00 4.169725490920774824e+00 4.578145620753859113e+00 3.400424747778760359e+00 3.972227289825179142e+00 5.609725623993933041e+00 4.373270876357876702e+00 5.432524878108237587e+00 5.243824864864820690e+00 3.384745633746368831e+00 2.468524640821041949e+00 1.445634512084033041e+00 5.228845828481955671e+00 4.911362601118146820e+00 6.176577006360013833e+00
1.275357928169560839e+00 4.169066143379632550e+00 4.578841156547285074e+00 3.401398648317256246e+00 3.972262816898024074e+00 5.610451980735092548e+00 4.374232782343846715e+00 5.433338194080044481e+00 5.243205002317417929e+00 3.384705699734204654e+00 2.467865293279899674e+00 1.446330047877459224e+00 5.229819729020451113e+00 4.911398128190991308e+00 6.176848221553149720e+00
1.274360397688032220e+00 4.168420825155983778e+00 4.579522716811036176e+00 3.402351687525713597e+00 3.972297817292154587e+00 5.611163158991475441e+00 4.375173895196105001e+00 5.434134766946698392e+00 5.242596571549211326e+00 3.384668554840695620e+00 2.467219975056250902e+00 1.447011608141210770e+00 5.230772768228908909e+00 4.911433128585121821e+00 6.177113475393731790e+00
1.273386200136064961e+00 4.167790579285262531e+00 4.580189146865978778e+00 3.403282336674847919e+00 3.972332222320569706e+00 5.611857994784616999e+00 4.376092717814669797e+00 5.434913274219194790e+00 5.242000672169484510e+00 3.384634130926301943e+00 2.466589729185530544e+00 1.447678038196154260e+00 5.231703417378043675e+00 4.911467533613536496e+00 6.177372351226760649e+00
1.272436797659944441e+00 4.167176353700275726e+00 4.580839388637351739e+00 3.404189207757696956e+00 3.972365967002900344e+00 5.612535427194321969e+00 4.376987892911679445e+00 5.435672508019433913e+00 5.241418321895120691e+00 3.384602345782813604e+00 2.465975503600543295e+00 1.448328279967527221e+00 5.232610288460892711e+00 4.911501278295866690e+00 6.177624472417939216e+00
1.271513495231673563e+00 4.166578994671985114e+00 4.581472488466890702e+00 3.405071063011954724e+00 3.972398990655801487e+00 5.613194505865300776e+00 4.377858212205608446e+00 5.436411383771047490e+00 5.240850448462470723e+00 3.384573104858421555e+00 2.465378144572253127e+00 1.448961379797065741e+00 5.233492143715150036e+00 4.911534301948766945e+00 6.177869504842909087e+00
1.270617433008231156e+00 4.165999241839429601e+00 4.582087603262400499e+00 3.405926822103860996e+00 3.972431237412406890e+00 5.613834396781393288e+00 4.378702623304056019e+00 5.437128946944505437e+00 5.240297883016062919e+00 3.384546303098180164e+00 2.464798391739696726e+00 1.449576494592575537e+00 5.234347902807056307e+00 4.911566548705372348e+00 6.178107158718844083e+00
1.269749581225454449e+00 4.165437724881437376e+00 4.582684004905877906e+00 3.406755566899154708e+00 3.972462656660725955e+00 5.614454386240745443e+00 4.379520234207013196e+00 5.437824377775424267e+00 5.239761355072722004e+00 3.384521826848756021e+00 2.464236874781704945e+00 1.450172896236053832e+00 5.235176647602350464e+00 4.911597967953691857e+00 6.178337189762325821e+00
1.268910737635043029e+00 4.164894961836112408e+00 4.583261082892015281e+00 3.407556543814914907e+00 3.972493203393434591e+00 5.615053883016778435e+00 4.380310315429551515e+00 5.438496993933410906e+00 5.239241489112239414e+00 3.384499555777538582e+00 2.463694111736379977e+00 1.450749974222191430e+00 5.235977624518111107e+00 4.911628514686400493e+00 6.178559399676307073e+00
1.268101527424120967e+00 4.164371359029234831e+00 4.583818345218524826e+00 3.408329163811650631e+00 3.972522838464332295e+00 5.615632418739583187e+00 4.381072299807002857e+00 5.439146251175506208e+00 5.238738802798247995e+00 3.384479364759312769e+00 2.463170508929502400e+00 1.451307236548700974e+00 5.236750244514847275e+00 4.911658149757298197e+00 6.178773635986858359e+00
1.267322405493507498e+00 4.163867212531693340e+00 4.584355417596015059e+00 3.409073000144917653e+00 3.972551528749608263e+00 5.616189646578325423e+00 4.381805780104107484e+00 5.439771742070809601e+00 5.238253706787840969e+00 3.384461125688467575e+00 2.462666362431951583e+00 1.451844308926189875e+00 5.237494080848108524e+00 4.911686840042558622e+00 6.178979791266551835e+00
1.266573660915848443e+00 4.163382711030322092e+00 4.584872041086221373e+00 3.409787784047767278e+00 3.972579247214838905e+00 5.616725338345609941e+00 4.382510504600263701e+00 5.440373192929193635e+00 5.237786506047475754e+00 3.384444709180751243e+00 2.462181860930580335e+00 1.452360932416395967e+00 5.238208864750958149e+00 4.911714558507789263e+00 6.179177801795189495e+00
1.265855423349709907e+00 4.162917939967310410e+00 4.585368068311902690e+00 3.410473398558020008e+00 3.972605972891274373e+00 5.617239380178191688e+00 4.383186370864031289e+00 5.440950459105628134e+00 5.237337402557359134e+00 3.384429986135431001e+00 2.461717089867568653e+00 1.452856959642076395e+00 5.238894479261212211e+00 4.911741284184224732e+00 6.179367645719935354e+00
1.265167671151847140e+00 4.162472886781264592e+00 4.585843458408664475e+00 3.411129870736130609e+00 3.972631690767255641e+00 5.617731766973925289e+00 4.383833417960934398e+00 5.441503518881138035e+00 5.236906499258080494e+00 3.384416829136054350e+00 2.461272036681522835e+00 1.453332349738837959e+00 5.239550951439322368e+00 4.911767002060205556e+00 6.179549340784686429e+00
1.264510240907493532e+00 4.162047447068516703e+00 4.586298270907844810e+00 3.411757362540627447e+00 3.972656391602500392e+00 5.618202595782342712e+00 4.384451817358423042e+00 5.442032466142088687e+00 5.236493805072051089e+00 3.384405113675285293e+00 2.460846596968775835e+00 1.453787162238018738e+00 5.240178443243820539e+00 4.911791702895449419e+00 6.179722941704103079e+00
