1.236817836037482854e+00 1.659685674572746628e+00 1.279897157054702639e+00 4.478532900962763463e+00 1.862030033311868227e+00 5.629646363145043297e-01 5.134086423698984269e+00 2.812600359670717864e+00 4.961804423361374283e+00 5.114012421981743550e+00 1.016419694259758533e+00 5.857170475518350905e+00 6.231545025091056011e+00 3.048969828170243757e-01 6.103057477238233552e+00
1.280483845429779333e+00 1.705289355614229008e+00 1.309960225038363291e+00 4.469071923342363029e+00 1.844482267109742057e+00 5.161109160432103549e-01 5.180244375704972981e+00 2.815417110992451732e+00 4.898319446501660401e+00 5.154036029862457013e+00 1.062023375301241135e+00 5.887233543502011557e+00 6.222084047470656465e+00 2.873492166148983173e-01 6.141816804728319035e+00
1.314172874126918744e+00 1.739329018563560592e+00 1.328925885361810222e+00 4.465052110623522807e+00 1.827459056022483708e+00 4.839693245288617662e-01 5.213185813777372779e+00 2.812915796304077620e+00 4.853938594076344870e+00 5.178401474171599794e+00 1.096063038250572719e+00 5.906199203825458710e+00 6.218064234751815356e+00 2.703260055276399121e-01 6.168085239122675034e+00
1.340036052956470769e+00 1.764614838528595575e+00 1.339990548854918195e+00 4.464349568432726123e+00 1.811527649734375300e+00 4.643711580484087831e-01 5.234127721660688515e+00 2.806517571402888045e+00 4.825247224901883847e+00 5.191482417804182070e+00 1.121348858215607702e+00 5.917263867318566462e+00 6.217361692561018671e+00 2.543945992395313938e-01 6.183782339947762274e+00
1.360482525378179597e+00 1.784187607311922052e+00 1.346917820095590912e+00 4.464926179128875461e+00 1.797276144036273893e+00 4.520971217148406773e-01 5.247666386839598296e+00 2.798744747613628459e+00 4.806035245016594182e+00 5.198678947031647013e+00 1.140921626998934180e+00 5.924191138559238290e+00 6.217938303257168897e+00 2.401430935414295698e-01 6.193140044527255306e+00
1.377050874074012388e+00 1.799871044162394185e+00 1.351730647214112624e+00 4.465870545141456205e+00 1.784893583365847691e+00 4.437366106717584580e-01 5.257041598036000352e+00 2.791064801228694048e+00 4.792258188020142029e+00 5.202991101380762373e+00 1.156605063849406534e+00 5.929003965677759780e+00 6.218882669269749641e+00 2.277605328710033128e-01 6.199070651531258136e+00
1.390719094250120413e+00 1.812739409506352262e+00 1.355370361728573281e+00 4.466860238769399416e+00 1.774275751224850151e+00 4.375175646685847131e-01 5.264031617711288469e+00 2.784068075486267890e+00 4.781729570382509564e+00 5.205827615443823220e+00 1.169473429193364611e+00 5.932643680192220437e+00 6.219872362897692852e+00 2.171427007300057721e-01 6.203157867376869028e+00
1.402149056391479576e+00 1.823475362749272577e+00 1.358283103128005598e+00 4.467796309074614669e+00 1.765204038384950769e+00 4.325570051883734779e-01 5.269568063293750271e+00 2.777909599731014811e+00 4.773284989541369150e+00 5.207844111779039054e+00 1.180209382436284926e+00 5.935556421591653198e+00 6.220808433202908105e+00 2.080709878901064180e-01 6.206213958696173094e+00
1.411810798577693316e+00 1.832543297317425379e+00 1.360696331502307288e+00 4.468655404960234279e+00 1.757443295447858045e+00 4.284088543833498020e-01 5.274145457353358601e+00 2.772564183880945166e+00 4.766281640299603772e+00 5.209360036370389579e+00 1.189277317004437506e+00 5.937969649965954666e+00 6.221667529088527715e+00 2.003102449530136109e-01 6.208652793253252256e+00
1.420049330731091297e+00 1.840275127053549342e+00 1.362737749166819778e+00 4.469437273094299279e+00 1.750780822719150809e+00 4.248382766914073905e-01 5.278037169654203886e+00 2.767944721552371146e+00 4.760343917755953669e+00 5.210542825443745585e+00 1.197009146740561247e+00 5.940011067630467601e+00 6.222449397222592715e+00 1.936477722243062638e-01 6.210688844292775457e+00
