4.647983569403341342e+00 3.919892846535717457e-01 2.775513261740272242e+00 3.059966012174309746e+00 1.232734330081139529e+00 2.022441130690368016e+00 3.410865455542348990e+00 5.785282643381251866e+00 5.336441785762195522e+00 4.503613813335410332e-01 2.908596303356514312e+00 2.477405591687214859e+00 3.754441637673259224e-01 1.391242433293553793e+00 5.329046223988862963e+00
4.642182520889061692e+00 3.971277629274008181e-01 2.769706810461710855e+00 3.073707552042574065e+00 1.216777070609354361e+00 1.977520672492464548e+00 3.455845503842739141e+00 5.806950406399636222e+00 5.304860361533244806e+00 4.637416541180651164e-01 2.913734781630343385e+00 2.471599140408653472e+00 3.891857036355897970e-01 1.375285173821768625e+00 5.297126302791380859e+00
4.633808950994119158e+00 4.024390960248640514e-01 2.765124964125862839e+00 3.081450620242931038e+00 1.206301560687625285e+00 1.946573626543390390e+00 3.487500777073618163e+00 5.825587838964382925e+00 5.279280004995769993e+00 4.769979305747222287e-01 2.919046114727806618e+00 2.467017294072805456e+00 3.969287718359467698e-01 1.364809663900039327e+00 5.275531056632832616e+00
4.624236538941776331e+00 4.074570550741622998e-01 2.761930135759604443e+00 3.085603470225853240e+00 1.200500617576680584e+00 1.926027944138708703e+00 3.509201902737533629e+00 5.841517536587451431e+00 5.259068834766556400e+00 4.893556566084575343e-01 2.924064073777104866e+00 2.463822465706547948e+00 4.010816218188688054e-01 1.359008720789094404e+00 5.262037290663878153e+00
4.614549722247087260e+00 4.119456754516921393e-01 2.759883480198066952e+00 3.087796087115805221e+00 1.197984759259963727e+00 1.912518101337520537e+00 3.524104990317395991e+00 5.855086991439448774e+00 5.243110917222812084e+00 5.004328279159451220e-01 2.928552694154634928e+00 2.461775810145010901e+00 4.032742387088207869e-01 1.356492862472377325e+00 5.254083880117186744e+00
4.605382406723149025e+00 4.158482981196586770e-01 2.758652722677400249e+00 3.088967954812152250e+00 1.197506652786697989e+00 1.903536819614927156e+00 3.534557512288186043e+00 5.866641023409750133e+00 5.230360855600085124e+00 5.101396439238867764e-01 2.932455316822601521e+00 2.460545052624344198e+00 4.044461064051677046e-01 1.356014755999111587e+00 5.249620654604760794e+00
4.597031669357407146e+00 4.191977092242904490e-01 2.757954753787595692e+00 3.089620307584612924e+00 1.198169059991491370e+00 1.897412496594428122e+00 3.542127268793347827e+00 5.876490507023587995e+00 5.220012100023983415e+00 5.185428122222974778e-01 2.935804727927233237e+00 2.459847083734539641e+00 4.050984591776283228e-01 1.356677163203904968e+00 5.247243688896899627e+00
4.589593162915114988e+00 4.220585959100294215e-01 2.757586865964783751e+00 3.090010207647455154e+00 1.199395654779344289e+00 1.893090546341539948e+00 3.547809283669802749e+00 5.884901286978225343e+00 5.211485603952842993e+00 5.257739526583538048e-01 2.938665614612971932e+00 2.459479195911727700e+00 4.054883592404704973e-01 1.357903757991758109e+00 5.246066825447310400e+00
4.583055254352297325e+00 4.245002378310526736e-01 2.757415838440588907e+00 3.090266477533980094e+00 1.200842748973828256e+00 1.889922982396031292e+00 3.552222229906722095e+00 5.892095889860192059e+00 5.204372976791529659e+00 5.319807496949073844e-01 2.941107256533995074e+00 2.459308168387532856e+00 4.057446291269954930e-01 1.359350852186242298e+00 5.245557431366992596e+00
4.577354974347908723e+00 4.265859768831969379e-01 2.757358329053520851e+00 3.090452662981050036e+00 1.202318116806415871e+00 1.887515170497953587e+00 3.555750411571888314e+00 5.898259594449202226e+00 5.198383291920777971e+00 5.373045406118404088e-01 2.943192995586139116e+00 2.459250659000464800e+00 4.059308145740658236e-01 1.360826220018829247e+00 5.245405976717899321e+00
4.572408975781579343e+00 4.283703418660957940e-01 2.757363825287094894e+00 3.090599766364852563e+00 1.203722008164675339e+00 1.885625736673672170e+00 3.558635974615286912e+00 5.903546908854672814e+00 5.193304223090263960e+00 5.418718064160634729e-01 2.944977360569038360e+00 2.459256155234040175e+00 4.060779179578680731e-01 1.362230111377088937e+00 5.245437314940653017e+00
4.568129769678050067e+00 4.298992025891534841e-01 2.757402397837571240e+00 3.090722847572385135e+00 1.205008513974543005e+00 1.884104672057387075e+00 3.561035694818535990e+00 5.908087200686408025e+00 5.188976107074219080e+00 5.457922640694369276e-01 2.946506221292096050e+00 2.459294727784516521e+00 4.062009991654008667e-01 1.363516617186956381e+00 5.245554729044143549e+00
4.564433685988670497e+00 4.312108945896794276e-01 2.757456641872030989e+00 3.090829292482587753e+00 1.206161739123332355e+00 1.882856226266071076e+00 3.563054947548646378e+00 5.911989284654374899e+00 5.185275238904735851e+00 5.491597604297090429e-01 2.947817913291332914e+00 2.459348971818947405e+00 4.063074440764001816e-01 1.364669842335529681e+00 5.245706201421831416e+00
4.561244337047124731e+00 4.323374894297463134e-01 2.757516627635399065e+00 3.090922863848801327e+00 1.207181705401495053e+00 1.881817058369141371e+00 3.564767716617824433e+00 5.915345088752601121e+00 5.182103200795245002e+00 5.520541364680384699e-01 2.948944508131398745e+00 2.459408957582331023e+00 4.064010154426143662e-01 1.365689808613696377e+00 5.245864693285897218e+00
4.558493725809061203e+00 4.333059272945857798e-01 2.757576830280829228e+00 3.091005650569342844e+00 1.208076283799940143e+00 1.880943487214243870e+00 3.566228315327368836e+00 5.918232577358315538e+00 5.179379982557167139e+00 5.545432480913083939e-01 2.949912945996238545e+00 2.459469160227761186e+00 4.064838021631560494e-01 1.366584387012141466e+00 5.246016872234400275e+00
4.556122183530757930e+00 4.341389476173690976e-01 2.757634298038516008e+00 3.091078985073415275e+00 1.208856718737550073e+00 1.880204061519803238e+00 3.567478276927166458e+00 5.920718092438927549e+00 5.177039448857334136e+00 5.566848242557685955e-01 2.950745966319017199e+00 2.459526627985447966e+00 4.065571366672282583e-01 1.367364821949749842e+00 5.246156782472747970e+00
4.554077775119611537e+00 4.348558315943653052e-01 2.757687571556566741e+00 3.091143862136312759e+00 1.209535229951457236e+00 1.879575202630043629e+00 3.568550458186171781e+00 5.922858242535253837e+00 5.175026259111689342e+00 5.585280677643077452e-01 2.951462850296013407e+00 2.459579901503499144e+00 4.066220137301255200e-01 1.368043333163657005e+00 5.246282343392108416e+00
4.552315504994285611e+00 4.354729912442393824e-01 2.757736050053451127e+00 3.091201121625225756e+00 1.210123787125705341e+00 1.879038611748353738e+00 3.569471540484211669e+00 5.924701439784404222e+00 5.173293696965047594e+00 5.601149973066203991e-01 2.952080009945888150e+00 2.459628380000383974e+00 4.066792732190385173e-01 1.368631890337904444e+00 5.246393439197933439e+00
4.550796489397232136e+00 4.360044394460762529e-01 2.757779620130325515e+00 3.091251522591360601e+00 1.210633531537684826e+00 1.878579690621861031e+00 3.570263606135627654e+00 5.926289161404376671e+00 5.171802081647139282e+00 5.614815619091991783e-01 2.952611458147726076e+00 2.459671950077258806e+00 4.067296741851735842e-01 1.369141634749883929e+00 5.246490891352103780e+00
4.549487172125685319e+00 4.364621690899688766e-01 2.757818438122148219e+00 3.091295769524342152e+00 1.211074545956117632e+00 1.878186548167570580e+00 3.570945174926819288e+00 5.927656993634994542e+00 5.170517562814096024e+00 5.626585657081576430e-01 2.953069187791616645e+00 2.459710768069078846e+00 4.067739211181543024e-01 1.369582649168314958e+00 5.246575915227068343e+00
4.548358614634237185e+00 4.368564626544061413e-01 2.757852802158458516e+00 3.091334519128079883e+00 1.211455806102950339e+00 1.877849350564788855e+00 3.571531919108371866e+00 5.928835502198258389e+00 5.169411177368129273e+00 5.636724379428963427e-01 2.953463481356053855e+00 2.459745132105389143e+00 4.068126707218920890e-01 1.369963909315147665e+00 5.246649839602365972e+00
4.547385868618550653e+00 4.371961478903626519e-01 2.757883076846892934e+00 3.091368380374430291e+00 1.211785222237350634e+00 1.877559877097199958e+00 3.572037180989392713e+00 5.929850962931513259e+00 5.168458092353883870e+00 5.645458772930581626e-01 2.953803166592010587e+00 2.459775406793823116e+00 4.068465319682426640e-01 1.370293325449547739e+00 5.246713967375342236e+00
4.546547428540042013e+00 4.374888110834366794e-01 2.757909649056895507e+00 3.091397913225269800e+00 1.212069721570074865e+00 1.877311202985494587e+00 3.572472364462270011e+00 5.930725978514266750e+00 5.167636985202421762e+00 5.652983939022567794e-01 2.954095829785084781e+00 2.459801979003826133e+00 4.068760648190825058e-01 1.370577824782271970e+00 5.246769511251029527e+00
4.545824757134558247e+00 4.377409763579978019e-01 2.757932902265975983e+00 3.091423628029972281e+00 1.212315345498810260e+00 1.877097463569437075e+00 3.572847242170297477e+00 5.931480001471666874e+00 5.166929528962144857e+00 5.659467675394065367e-01 2.954347995059645626e+00 2.459825232212906165e+00 4.069017796237848206e-01 1.370823448711007586e+00 5.246817568618184602e+00
4.545201875596883490e+00 4.379582573725707140e-01 2.757953202103190726e+00 3.091445986120202161e+00 1.212527348356962520e+00 1.876913672846723058e+00 3.573170203368821518e+00 5.932129779365425293e+00 5.166319960192073069e+00 5.665054364762608374e-01 2.954565276074219149e+00 2.459845532050122241e+00 4.069241377140148108e-01 1.371035451569159846e+00 5.246859116408060686e+00
4.544665010204025357e+00 4.381454862675108197e-01 2.757970888709291746e+00 3.091465401526110934e+00 1.212710291214333713e+00 1.876755579953779618e+00 3.573448458073883671e+00 5.932689734878210608e+00 5.165794713499077595e+00 5.669868286790886724e-01 2.954752504969160753e+00 2.459863218656226813e+00 4.069435531199234179e-01 1.371218394426531040e+00 5.246895015712116361e+00
4.544202287805347851e+00 4.383068236660122019e-01 2.757986273268101751e+00 3.091482243541630481e+00 1.212868127907427596e+00 1.876619553251882122e+00 3.573688207641613879e+00 5.933172291067389637e+00 5.165342110787074503e+00 5.674016446355127918e-01 2.954913842367661303e+00 2.459878603215037263e+00 4.069603951354420213e-01 1.371376231119624478e+00 5.246926020768554189e+00
4.543803473464925524e+00 4.384458527597314137e-01 2.757999637084704858e+00 3.091496839841668454e+00 1.213004282375985232e+00 1.876502485242946161e+00 3.573894788705838987e+00 5.933588150196565714e+00 5.164952096030520856e+00 5.677590993915713202e-01 2.955052871461381070e+00 2.459891967031639926e+00 4.069749914354800491e-01 1.371512385588182337e+00 5.246952789517330018e+00
4.543459744406890266e+00 4.385656599381849707e-01 2.758011232196689200e+00 3.091509479894088752e+00 1.213121717344196382e+00 1.876401713680922345e+00 3.574072795442439165e+00 5.933946533097125275e+00 5.164616008299595329e+00 5.680671300215958119e-01 2.955172678639835127e+00 2.459903562143624711e+00 4.069876314879004586e-01 1.371629820556393486e+00 5.246975894304569010e+00
4.543163495212100500e+00 4.386689039852978977e-01 2.758021282877073155e+00 3.091520418467040621e+00 1.213222994846295810e+00 1.876314955575612897e+00 3.574226183886564989e+00 5.934255384859124405e+00 5.164326387153019837e+00 5.683325736915871840e-01 2.955275922686948054e+00 2.459913612824008666e+00 4.069985700608523826e-01 1.371731098058492915e+00 5.246995832050373565e+00
