4.091672787697512303e-01 6.242700392766182382e+00 2.931291839663017651e+00 2.112362735497877175e-01 2.553689749261606412e+00 3.086699119166978811e+00 4.614421001863624916e+00 1.453484214865084390e+00 5.516053827109733021e+00 5.119978161058345023e+00 3.393505834557260403e+00 1.541659709081308449e+00 2.319515290558425979e-01 5.692569223085996555e+00 6.899283060566075987e-01
3.810949271735939448e-01 6.270269191713349066e+00 2.939023635911826471e+00 2.068653533338284667e-01 2.547413748728211136e+00 3.090344821397471353e+00 4.612941350473412250e+00 1.481484689884010608e+00 5.544908559367717871e+00 5.108751203278106168e+00 3.421074633504426643e+00 1.549391505330117269e+00 2.275806088398833471e-01 5.686293222552601279e+00 6.630362543915956364e-01
3.650864897500593065e-01 6.286033740843311790e+00 2.942873494452376448e+00 2.039308476113655122e-01 2.543261336270322026e+00 3.092088109412462149e+00 4.612620229704376129e+00 1.497377657089987490e+00 5.561062651920913424e+00 5.102574736754217355e+00 3.436839182634388923e+00 1.553241363870667469e+00 2.246461031174203926e-01 5.682140810094712613e+00 6.476624340843554206e-01
3.563802858881320312e-01 6.294642558817623801e+00 2.944286363463192835e+00 2.021522997546588152e-01 2.540497946355484427e+00 3.092757941506914410e+00 4.612620540736518393e+00 1.505966011655639702e+00 5.569517363905199581e+00 5.099090155092965482e+00 3.445448000608700934e+00 1.554654232881484077e+00 2.228675552607138066e-01 5.679377420179875458e+00 6.394751455402856166e-01
3.516593747525648128e-01 6.299342609065038623e+00 2.944366909070167626e+00 2.011010689058254919e-01 2.538547208771710917e+00 3.092874109501724700e+00 4.612678221441276705e+00 1.510578017171113396e+00 5.573780464811767921e+00 5.096960818605499988e+00 3.450148050856115756e+00 1.554734778488458646e+00 2.218163244118805666e-01 5.677426682596101948e+00 6.352668642742039795e-01
3.490534305015499106e-01 6.301967000454789414e+00 2.943757225985509152e+00 2.004679426256027464e-01 2.537056514517296968e+00 3.092711829391955991e+00 4.612731570599134301e+00 1.513084839625383315e+00 5.575831409382494108e+00 5.095519609416824913e+00 3.452772442245872320e+00 1.554125095403792844e+00 2.211831981316609019e-01 5.675935988341696437e+00 6.331806184865790277e-01
3.475643947792780852e-01 6.303494477046112543e+00 2.942803217715081576e+00 2.000673452427026155e-01 2.535827348101059364e+00 3.092412244919202635e+00 4.612772185375237477e+00 1.514482901601528875e+00 5.576725397974612974e+00 5.094436611511361512e+00 3.454299918837195005e+00 1.553171087133365491e+00 2.207826007487609932e-01 5.674706821925458833e+00 6.322124417710732747e-01
3.466664019755600901e-01 6.304440849974080940e+00 2.941686971821003471e+00 1.997948932374462860e-01 2.534751059491205716e+00 3.092047724225127858e+00 4.612802582875612067e+00 1.515296313306960574e+00 5.577017356625954214e+00 5.093546148658501416e+00 3.455246291765163402e+00 1.552054841239287386e+00 2.205101487435047469e-01 5.673630533315605184e+00 6.318298469146720331e-01
3.460829124266934786e-01 6.305077398950010625e+00 2.940503380501255037e+00 1.995933883579079915e-01 2.533768646594496854e+00 3.091655461941396510e+00 4.612826092371753006e+00 1.515800256643392796e+00 5.576998310875368681e+00 5.092763698520546889e+00 3.455882840741093087e+00 1.550871249919538508e+00 2.203086438639660083e-01 5.672648120418895878e+00 6.317519913741307391e-01
3.456684040966825355e-01 6.305546890403337379e+00 2.939301428878917655e+00 1.994318280064599214e-01 2.532847989106968623e+00 3.091254531656149052e+00 4.612845076894900309e+00 1.516139299794489137e+00 5.576820784085106730e+00 5.092045565453466871e+00 3.456352332194419397e+00 1.549669298297201347e+00 2.201470835125177439e-01 5.671727462931367647e+00 6.318310583603340413e-01
3.453461883513410102e-01 6.305924574080651546e+00 2.938106026291438688e+00 1.992934670830808497e-01 2.531971408480989894e+00 3.090854615834796260e+00 4.612860993006391297e+00 1.516389479979690869e+00 5.576564641052349280e+00 5.091368864295641394e+00 3.456730015871734008e+00 1.548473895709722381e+00 2.200087225891386444e-01 5.670850882305389362e+00 6.319893579048022625e-01
3.450757624597331485e-01 6.306250208556850367e+00 2.936929488515827025e+00 1.991692489999831728e-01 2.531128967414882247e+00 3.090460516779668154e+00 4.612874702400459270e+00 1.516590852581605198e+00 5.576271617958403759e+00 5.090721410723616280e+00 3.457055650347932385e+00 1.547297357934110940e+00 2.198845045060410230e-01 5.670008441239281716e+00 6.321861349116801865e-01
3.448356600742960021e-01 6.306544882998736945e+00 2.935777566709108388e+00 1.990542455747656425e-01 2.530314883728539854e+00 3.090074501882319691e+00 4.612886715942643434e+00 1.516764568135479108e+00 5.575963439551872902e+00 5.090096557767422425e+00 3.457350324789820295e+00 1.546145436127392303e+00 2.197695010808234650e-01 5.669194357552939323e+00 6.324000781245832092e-01
3.446144369950063235e-01 6.306819858122402422e+00 2.934652610241373250e+00 1.989457420245175356e-01 2.529525616374813879e+00 3.089697526979600983e+00 4.612897345723411036e+00 1.516921838261752864e+00 5.575651330222259006e+00 5.089490540620615455e+00 3.457625299913485328e+00 1.545020479659657164e+00 2.196609975305752749e-01 5.668405090199213348e+00 6.326201070870819398e-01
3.444059307241991719e-01 6.307081214892679810e+00 2.933555224298552755e+00 1.988422108265702204e-01 2.528758844688326235e+00 3.089329875318924223e+00 4.612906792488638885e+00 1.517068645522856807e+00 5.575341008808729626e+00 5.088901105460389651e+00 3.457886656683762272e+00 1.543923093716836448e+00 2.195574663326279041e-01 5.667638318512725704e+00 6.328405203539925195e-01
3.442067665490832762e-01 6.307332299844675028e+00 2.932485137201617853e+00 1.987427629342722046e-01 2.528012923593079275e+00 3.088971491186786267e+00 4.612915194241837824e+00 1.517208218497838157e+00 5.575035311980490071e+00 5.088326799173748860e+00 3.458137741635757934e+00 1.542853006619901102e+00 2.194580184403297496e-01 5.666892397417477412e+00 6.330584408794300844e-01
3.440150449801042676e-01 6.307575011914506646e+00 2.931441652929342112e+00 1.986468545113871664e-01 2.527286592127344189e+00 3.088622153762208722e+00 4.612922652895014686e+00 1.517342332901305602e+00 5.574735571960109937e+00 5.087766600373704762e+00 3.458380453705589108e+00 1.541809522347624917e+00 2.193621100174448502e-01 5.666166065951742326e+00 6.332724712594629546e-01
3.438296505831132666e-01 6.307810479997976394e+00 2.930423886034035252e+00 1.985541301897503219e-01 2.526578816749442513e+00 3.088281567322414212e+00 4.612929248843630425e+00 1.517471995831034537e+00 5.574442339805242952e+00 5.087219727024960392e+00 3.458615921789059300e+00 1.540791755452318057e+00 2.192693856958080334e-01 5.665458290573840650e+00 6.334819861200393643e-01
3.436498877366847560e-01 6.308039420010375764e+00 2.929430882499244326e+00 1.984643391964045767e-01 2.525888706387336313e+00 3.087949407669538626e+00 4.612935048980562058e+00 1.517597805801606192e+00 5.574155764837937177e+00 5.086685535606601860e+00 3.458844861801460002e+00 1.539798751917524688e+00 2.191795947024616498e-01 5.664768180211732229e+00 6.336867600129357792e-01
3.434752884292252006e-01 6.308262323312332498e+00 2.928461680908180931e+00 1.983772903559214151e-01 2.525215465728425812e+00 3.087625345671634047e+00 4.612940111162420642e+00 1.517720142344654466e+00 5.573875793418469726e+00 5.086163467793551440e+00 3.459067765103416292e+00 1.538829550326461071e+00 2.190925458619784327e-01 5.664094939552821728e+00 6.338867719586106508e-01
3.433055106166658099e-01 6.308479556379149145e+00 2.927515342461293191e+00 1.982928278318982218e-01 2.524558368945434506e+00 3.087309058868797695e+00 4.612944486757453610e+00 1.517839265995069020e+00 5.573602272823489301e+00 5.085653021855706335e+00 3.459284998170232495e+00 1.537883211879573553e+00 2.190080833379553782e-01 5.663437842769829977e+00 6.340821029736148917e-01
3.431402842721638646e-01 6.308691413732824493e+00 2.926590964814871576e+00 1.982108179383323121e-01 2.523916744394821166e+00 3.087000236882527560e+00 4.612948222151701749e+00 1.517955371143385079e+00 5.573335005296695677e+00 5.085153736953139436e+00 3.459496855523907843e+00 1.536958834233151716e+00 2.189260734443894962e-01 5.662796218219217081e+00 6.342728825256401803e-01
3.429793825701713539e-01 6.308898146244206195e+00 2.925687687587819497e+00 1.981311418676784952e-01 2.523289965253561196e+00 3.086698583632756510e+00 4.612951359684354102e+00 1.518068614085597900e+00 5.573073775955637466e+00 5.084665184192280307e+00 3.459703588035289545e+00 1.536055557006100303e+00 2.188463973737361512e-01 5.662169439077957556e+00 6.344592607178779486e-01
3.428226063327722284e-01 6.309099976438785617e+00 2.924804693642589992e+00 1.980536915895309280e-01 2.522677443412272513e+00 3.086403817933330629e+00 4.612953938265524911e+00 1.518179128011327261e+00 5.572818366998943951e+00 5.084186961255171333e+00 3.459905418229869412e+00 1.535172563060870798e+00 2.187689470955884730e-01 5.661556917236668873e+00 6.346413939894062217e-01
3.426697754882441771e-01 6.309297106929814269e+00 2.923941208282587301e+00 1.979783674562943796e-01 2.522078625191804591e+00 3.086115673284981042e+00 4.612955993813033118e+00 1.518287031104478269e+00 5.572568564751224862e+00 5.083718688942196806e+00 3.460102548720898952e+00 1.534309077700868329e+00 2.186936229623518968e-01 5.660958099016201395e+00 6.348194379031736334e-01
3.425207242500374338e-01 6.309489725203671462e+00 2.923096497478242739e+00 1.979050767351976658e-01 2.521492988114109046e+00 3.085833897290908734e+00 4.612957559582283373e+00 1.518392431004142340e+00 5.572324162978287809e+00 5.083260008761776305e+00 3.460295166994756144e+00 1.533464366896524433e+00 2.186203322412557104e-01 5.660372461938505850e+00 6.349935436393044919e-01
3.423752982811747447e-01 6.309678006457112076e+00 2.922269865694196778e+00 1.978337326496535931e-01 2.520920038311167399e+00 3.085558250913842393e+00 4.612958666429892496e+00 1.518495427334915826e+00 5.572084964273701146e+00 5.082810581112385151e+00 3.460483448248196758e+00 1.532637735112478472e+00 2.185489881557116376e-01 5.659799512135563759e+00 6.351638564152986000e-01
3.422333529284633524e-01 6.309862115383333858e+00 2.921460653607697466e+00 1.977642537066214012e-01 2.520359308343803395e+00 3.085288507685647996e+00 4.612959343033713466e+00 1.518596113206834630e+00 5.571850780460455788e+00 5.082370083816488027e+00 3.460667557174418985e+00 1.531828523025978939e+00 2.184795092126794458e-01 5.659238782168199755e+00 6.353305148989950579e-01
3.420947520423488486e-01 6.310042207381209245e+00 2.920668235861150652e+00 1.976965631897757703e-01 2.519810355302680271e+00 3.085024452924396865e+00 4.612959616082203063e+00 1.518694576159646203e+00 5.571621432501093096e+00 5.081938210877527062e+00 3.460847649172294815e+00 1.531036105279431903e+00 2.184118186958336205e-01 5.658689829127077076e+00 6.354936511245201647e-01
3.419593671254820832e-01 6.310218429439466092e+00 2.919892018915412280e+00 1.976305887532756045e-01 2.519272759117766824e+00 3.084765882984670249e+00 4.612959510440815869e+00 1.518790898802324651e+00 5.571396750173223111e+00 5.081514671389479432e+00 3.461023871230551663e+00 1.530259888333693530e+00 2.183458442593334270e-01 5.658152232942163629e+00 6.356533906551808943e-01
