3.536329788150609499e+00 6.108880427865957863e+00 1.177621610779135075e+00 6.495123248831274898e-01 4.414243009770197901e+00 1.080472541666031239e+00 3.415899786539260852e+00 1.690216112943989379e-01 4.524590966364819167e+00 1.966776232498142152e+00 1.841436470522479274e+00 5.816606213685918014e+00 1.500671056992688879e+00 2.669720547741001315e-01 3.808777423074999113e+00
3.500386649837815334e+00 6.058787492732244040e+00 1.237990238322960845e+00 6.848305271337354894e-01 4.315894439527352411e+00 1.106938424194129134e+00 3.400294990058900346e+00 2.141878649407835955e-01 4.504861725913768211e+00 2.009572453055668895e+00 1.791343535388768338e+00 5.876974841229740676e+00 1.535989259243297544e+00 1.686234845312548081e-01 3.790903741020605455e+00
3.489185207502638608e+00 6.037985276514797661e+00 1.249649749473385807e+00 7.018412744195589026e-01 4.317869305570948946e+00 1.102948750134565614e+00 3.398867985263926084e+00 2.016800781231168904e-01 4.513748005902544769e+00 2.031489160878519495e+00 1.770541319171321959e+00 5.888634352380165637e+00 1.553000006529120958e+00 1.705983505748511486e-01 3.791437692872595910e+00
3.567101165569768195e+00 6.266119941603661481e+00 1.083670795299903844e+00 5.047398055656799887e-01 4.373072751026917615e+00 1.108103175450628530e+00 3.374513182539626399e+00 2.207003635551074705e-01 4.502651389741401111e+00 1.811564650713919811e+00 1.998675984260186445e+00 5.722655398206683230e+00 1.355898537675242377e+00 2.258017960308190408e-01 3.737455824180349051e+00
3.514934995397674733e+00 6.168167703271275393e+00 1.178359769996039752e+00 5.860880858717990582e-01 4.348522750681397042e+00 1.125443780122435289e+00 3.321929821988770737e+00 2.097254102654360908e-01 4.553204414113483978e+00 1.879370402366014714e+00 1.900723745927800135e+00 5.817344372902819138e+00 1.437246817981361335e+00 2.012517956852984957e-01 3.677335823614358290e+00
3.520351764049987953e+00 6.162441075024540638e+00 1.184112326108016422e+00 5.911674442423842102e-01 4.337602896986096468e+00 1.127236239710662113e+00 3.326974600385546488e+00 2.208058891339261531e-01 4.547169243683319095e+00 1.882834249206647437e+00 1.894997117681065379e+00 5.823096929014795364e+00 1.442326176351946598e+00 1.903319419899981990e-01 3.683182505581840793e+00
3.523076206322648840e+00 6.156640703886658628e+00 1.190238947564739247e+00 5.963092065652251250e-01 4.328777369055928581e+00 1.128721940061485185e+00 3.329192914202446119e+00 2.292690404450772601e-01 4.543294586602622864e+00 1.886078128851559121e+00 1.889196746543183147e+00 5.829223550471517967e+00 1.447467938674787513e+00 1.815064140598302844e-01 3.686366197597219951e+00
3.525658353630011455e+00 5.657367714132319314e+00 1.768177638356452475e+00 1.044413021415375509e+00 3.721479976819066948e+00 1.200901808580009833e+00 3.222984865454636694e+00 7.640337996912603957e-01 4.366988116513063289e+00 2.118065008174940367e+00 1.389923756788845610e+00 6.407162241263231195e+00 1.895571753524938341e+00 -4.257909781770294888e-01 3.719101973487559221e+00
1.610030891497341576e+00 3.746189202061622758e+00 3.502562045951639114e+00 3.240003045302842111e+00 9.039524669299132675e-01 2.661825166521237129e+00 2.929882589696631623e+00 1.506898958331928551e+00 3.849377755712327875e+00 2.812794093262629858e+00 -5.212547552818502794e-01 8.141546648858415836e+00 4.091161777412401612e+00 -3.243318488066185168e+00 4.186905185622668668e+00
1.614877113738719450e+00 3.742211562767646882e+00 3.507236261867877847e+00 3.226359586945525049e+00 9.110517931698868255e-01 2.642377979639944030e+00 2.949344744752242065e+00 1.514318541741489721e+00 3.861098894404441317e+00 2.793676137854603780e+00 -5.252323945758257118e-01 8.146220864774655013e+00 4.077518319055084994e+00 -3.236219161826211721e+00 4.179455003151468340e+00
