2.456480002153831332e+00 4.415020876325433719e+00 2.286009744940849242e-01 5.715695546387875581e+00 4.691907088362795797e+00 5.130092351019551744e-01 4.697256038567331204e-01 3.828850915160174839e+00 3.471244946690724031e+00 2.028082225962133389e+00 6.246329734975311077e-01 3.664766078498581603e+00 3.280704445216362952e+00 5.631601430726989932e+00 1.360323279658189666e+00
2.452410681736142184e+00 4.416174013566465106e+00 2.277804342558547579e-01 5.719731119105371242e+00 4.690746847523124430e+00 5.208321345912840794e-01 4.820298360051523123e-01 3.817019185375499113e+00 3.480502324984748430e+00 2.029420313130199993e+00 6.257861107385626065e-01 3.663945538260351409e+00 3.284740017933859058e+00 5.630441189887318565e+00 1.349265841320744119e+00
2.446661158334745956e+00 4.416337482065642916e+00 2.259605956702753493e-01 5.725350438489011040e+00 4.688432724938325968e+00 5.293608913999103827e-01 4.959922899597746793e-01 3.804192584148755607e+00 3.490538105467123842e+00 2.031228393501190777e+00 6.259495792377405277e-01 3.662125699674771973e+00 3.290359337317498412e+00 5.628127067302520992e+00 1.337473588766584509e+00
2.438504550596961806e+00 4.414865933162627876e+00 2.226296261214032179e-01 5.733226708149778084e+00 4.684367273964827660e+00 5.385540475634850166e-01 5.118720729140675552e-01 3.790455178294136029e+00 3.501280794167105359e+00 2.033712904283894840e+00 6.244780303347254868e-01 3.658794730125899619e+00 3.298235606978265455e+00 5.624061616329022684e+00 1.325116673013298385e+00
2.426961353993927428e+00 4.410852035745734590e+00 2.170946188927893317e-01 5.744262850319731939e+00 4.677742446587112468e+00 5.482964020666327709e-01 5.299523234396298355e-01 3.775984248475570126e+00 3.512580274386575496e+00 2.037164967344166300e+00 6.204641329178322007e-01 3.653259722897285844e+00 3.309271749148219310e+00 5.617436788951307491e+00 1.312462359914276178e+00
2.410813919875026912e+00 4.403093472835680977e+00 2.084856290496250875e-01 5.759576161889815360e+00 4.667547919915012500e+00 5.583200461194055553e-01 5.504497751060359878e-01 3.761128509925063756e+00 3.524144077053459334e+00 2.041970038674484567e+00 6.127055700077790323e-01 3.644650733054121794e+00 3.324585060718302731e+00 5.607242262279207523e+00 1.299919276248328925e+00
2.388821697020620860e+00 4.390191239005749146e+00 1.958921082202170760e-01 5.780301976236067674e+00 4.652730649463634016e+00 5.680493061758473683e-01 5.732609532222685544e-01 3.746560033394421563e+00 3.535412965764128224e+00 2.048580165689263932e+00 5.998033361778475347e-01 3.632057212224713894e+00 3.345310875064554601e+00 5.592424991827829928e+00 1.288106308491186347e+00
2.360438390995935887e+00 4.371045339934231500e+00 1.788484822906366012e-01 5.806947065499729277e+00 4.632743186598677454e+00 5.763723620118896829e-01 5.974298362705472432e-01 3.733503839802170265e+00 3.545364272689066620e+00 2.057400363301800095e+00 5.806574371062694917e-01 3.615013586295035886e+00 3.371955964328261501e+00 5.572437528962955078e+00 1.277911811431648115e+00
2.327296711362241144e+00 4.346105230796713847e+00 1.583897121405258290e-01 5.838050921035866203e+00 4.608719146656821586e+00 5.815528740132325236e-01 6.204605665200344511e-01 3.723860706562930112e+00 3.552381890134682862e+00 2.068551093795572893e+00 5.557173279687518397e-01 3.594554816144925447e+00 3.403059819864398872e+00 5.548413489021098322e+00 1.270374111013486740e+00
2.294472550043828551e+00 4.318855791991524029e+00 1.380262051124724332e-01 5.869026211025805573e+00 4.584561339788360890e+00 5.818977034731561693e-01 6.385010710197425166e-01 3.719632705605477874e+00 3.554709624575490778e+00 2.081600105409163959e+00 5.284678891635622433e-01 3.574191309116871995e+00 3.434035109854337797e+00 5.524255682152637625e+00 1.266098045130174654e+00
