5.435984411896347623e+00 6.141406224860143759e+00 2.061713093667287833e+00 4.124863802639696431e+00 4.734230128597610943e+00 2.557213491581508347e+00 9.187618088174082098e-01 8.105108572791457355e-01 3.950788034324197895e+00 3.843233987981032329e-01 2.268405345768087944e+00 1.570078199891633108e+00 3.013370433689457339e+00 9.360646733914780304e-01 3.784583413460139489e+00
2.843686696783646717e+00 9.403820009777163591e+00 4.543659524847663000e+00 7.360796915246671901e+00 3.048289568431461483e+00 3.894655844717777704e+00 -1.707262955810576743e-01 8.709389746461283499e-01 4.372107326351690304e+00 2.367689542099480793e+00 5.530819130685109108e+00 4.052024631072008276e+00 6.249303546296429701e+00 -7.498758867746752044e-01 2.524957599542215547e+00
2.721480783958620364e+00 9.428395245888040677e+00 4.549974407609377991e+00 7.365635773910618411e+00 3.197310693031758522e+00 3.920282172786544450e+00 -7.481733403823886963e-02 7.244246982427854364e-01 4.334720903562472749e+00 2.379540000656467758e+00 5.555394366795987082e+00 4.058339513833723267e+00 6.254142404960376211e+00 -6.008547621743784983e-01 2.381609818229573960e+00
2.713195039967847944e+00 9.454211888313553303e+00 4.574496366733376007e+00 7.371678266082660080e+00 3.180385357782132605e+00 3.913418895945820708e+00 -7.741009655715253013e-02 7.184173732894589826e-01 4.333444385731707982e+00 2.360901079816821735e+00 5.581211009221501484e+00 4.082861472957722171e+00 6.260184897132416104e+00 -6.177800974240053034e-01 2.379188544461002142e+00
2.699186349749117309e+00 9.547414929930081229e+00 4.667096786240526818e+00 7.421623296239701517e+00 3.107958894985914711e+00 3.884234479403223528e+00 -9.225428349225431313e-02 7.216466598873627625e-01 4.346102046976107580e+00 2.280669954739393823e+00 5.674414050838030299e+00 4.175461892464872982e+00 6.310129927289457541e+00 -6.902065602202231975e-01 2.391164575391657277e+00
1.474593964442523442e+00 1.614975163586732521e+01 1.164759279777027601e+01 1.441563355745274499e+01 3.003886089802279002e-01 1.595685350473315278e+00 3.450700586993643570e-01 8.709910584822860846e-01 5.915957936710787735e+00 -4.228954604501164560e+00 1.227675075677527872e+01 1.115595790399463283e+01 1.330414018850249214e+01 -3.497776846225903569e+00 2.013928374405734800e+00
1.354293603535685619e+00 1.628436853891556169e+01 1.203172308351230413e+01 1.368220192906403199e+01 -2.997798021718525163e-01 4.005457530052884962e-01 1.559215483569317939e+00 1.571353856060263565e-01 6.775718467419703295e+00 -5.091415317932120210e+00 1.241136765982350987e+01 1.154008818973666273e+01 1.257070856011378801e+01 -4.097945257377982209e+00 2.407271791402175065e+00
1.307200176405868497e+00 1.624546008210986159e+01 1.204384877081346517e+01 1.368408044142358015e+01 -3.083220379258581612e-01 3.891428532744063418e-01 1.580086575627098755e+00 1.955472756056267913e-01 6.802742360425214407e+00 -5.134574627904727073e+00 1.237245920301780977e+01 1.155221387703782376e+01 1.257258707247333618e+01 -4.106487493131987243e+00 2.424542136069588683e+00
1.302390367591610199e+00 1.623537500144762546e+01 1.203762836138072245e+01 1.368869042739881081e+01 -2.895640581557800131e-01 4.452936667041702545e-01 1.523172898525466223e+00 2.037484721400747989e-01 6.754096878841189699e+00 -5.145249792356507257e+00 1.236237412235769284e+01 1.154599346760318035e+01 1.257719705844988312e+01 -4.087729513362785561e+00 2.383355444967142578e+00
8.044908147487839223e-01 1.583888079379725333e+01 1.210952613887532792e+01 1.355002823778888299e+01 -5.905029717405132494e-01 -6.432278543794067716e-02 2.154413578532617279e+00 5.918917030598210838e-01 7.334036313067126223e+00 -5.598393697423438731e+00 1.196587991470732071e+01 1.161789124509778759e+01 1.243853486883995707e+01 -4.388668426947518242e+00 2.805566239218819646e+00
-3.500107865383184080e-01 1.467650337087460599e+01 1.233151301645956543e+01 1.350547631668816528e+01 -5.185989601800500282e-03 -4.299150960730982463e-01 2.372410715018862248e+00 1.953893116709258582e+00 8.159073308717541551e+00 -5.687605737401308481e+00 1.080350249178467337e+01 1.183987812268202688e+01 1.239398294773924469e+01 -3.803351444808805493e+00 4.127146679739616353e+00
-3.783381597753336378e-01 1.464361123116222885e+01 1.235341075221625751e+01 1.349567836815967503e+01 -3.673511079332447259e-03 -4.249703459769969549e-01 2.371024820320927429e+00 1.961996565655298230e+00 8.188822329532666089e+00 -5.709506205179724070e+00 1.077061035207229800e+01 1.186177585843871896e+01 1.238418499921075444e+01 -3.801838966286337218e+00 4.133983344004179550e+00
-4.727541374649644745e-01 1.462758001029478017e+01 1.223674702608463427e+01 1.365635547561022101e+01 6.186513724104092393e-02 -4.846640787677851669e-01 2.376346819685041467e+00 2.109554411335211821e+00 8.229952378724243900e+00 -5.640569320466104486e+00 1.075457913120484932e+01 1.174511213230709750e+01 1.254486210666130042e+01 -3.736300317965963735e+00 4.287157161441771613e+00
-4.877512503535040289e-01 1.464692464722502230e+01 1.219977991008912355e+01 1.371571108538980610e+01 9.041489816872878837e-02 -5.124775518191236889e-01 2.370669642706943581e+00 2.145977785589067377e+00 8.204476515180454399e+00 -5.604503509161242292e+00 1.077392376813509323e+01 1.170814501631158855e+01 1.260421771644088551e+01 -3.707750557038275385e+00 4.323299819926487153e+00
-4.756480041465535602e-01 1.487118102479640669e+01 1.210758058139463778e+01 1.404162926023454894e+01 2.670037600597226501e-01 -6.761736262201673009e-01 2.364905689513836062e+00 2.261779361161659452e+00 7.923845505648829501e+00 -5.450331705287510431e+00 1.099818014570647406e+01 1.161594568761709922e+01 1.293013589128562657e+01 -3.531161695147281954e+00 4.389981389703845771e+00
-4.448785608724777907e-01 1.476832721043389718e+01 1.239021529928874621e+01 1.390788695480669368e+01 2.205356699284294342e-01 -5.711584147279046286e-01 2.279786754533508653e+00 2.163778359924080963e+00 8.207223725154850769e+00 -5.745415856068075477e+00 1.089532633134396633e+01 1.189858040551120766e+01 1.279639358585777131e+01 -3.577629785278575447e+00 4.290721904159144451e+00
-4.278494677326183937e-01 1.484699640538948984e+01 1.232916967607186010e+01 1.398075768235933580e+01 2.413686401466132170e-01 -5.927261665335020746e-01 2.280111369468250881e+00 2.159562644748281635e+00 8.129860771192301883e+00 -5.682986610724787724e+00 1.097399552629955721e+01 1.183753478229432154e+01 1.286926431341041521e+01 -3.556796815060391914e+00 4.285292104733689378e+00
-4.134541304065069700e-01 1.484113763624221249e+01 1.229074379819373064e+01 1.396437953274933719e+01 2.037606922989839420e-01 -5.879347035007462807e-01 2.285490446540561660e+00 2.156839937237767568e+00 8.103853956775372680e+00 -5.644453068524999395e+00 1.096813675715228342e+01 1.179910890441619387e+01 1.285288616380041482e+01 -3.594404762908022466e+00 4.277491554237253801e+00
-3.645602260837985664e-01 1.487636590464341779e+01 1.220081825907291417e+01 1.395607605730060286e+01 1.329118233522045278e-01 -5.831499291076089886e-01 2.279055277245503941e+00 2.129427449047154308e+00 8.035912856204030064e+00 -5.554613044328323035e+00 1.100336502555348872e+01 1.170918336529537740e+01 1.284458268835168049e+01 -3.665253631854801686e+00 4.245840751234421617e+00
-2.044450880333416598e-01 1.507654919587214692e+01 1.197405595824054103e+01 1.402173876446484968e+01 -1.549536615429711328e-02 -5.889090788811807142e-01 2.235502859907305684e+00 2.018828468831691758e+00 7.833459618529040824e+00 -5.343090099376963664e+00 1.120354831678221963e+01 1.148242106446300426e+01 1.291024539551592909e+01 -3.813660821361303466e+00 4.128168026390829581e+00
6.176058459452775651e-01 1.653614161453024423e+01 1.120206781473988222e+01 1.503077463314960660e+01 -1.473455775844031868e+00 -7.180905401387884801e-01 2.083151156000012882e+00 9.374403359037322137e-01 7.028644819515595721e+00 -4.701468791285662085e+00 1.266314073544032226e+01 1.071043292096234367e+01 1.391928126420068423e+01 -5.271621231051037526e+00 3.112256967243447470e+00
4.319244099072356846e-01 1.626053181625180599e+01 1.146918294131405958e+01 1.502988707906736465e+01 -1.271997339855071463e+00 -8.196163662174239528e-01 2.195639151142628087e+00 8.034701009099634028e-01 6.950524413494628462e+00 -4.658288018163272426e+00 1.238753093716188580e+01 1.097754804753651925e+01 1.391839371011844229e+01 -5.070162795062077343e+00 3.359879011472899357e+00
4.907228207466786674e-01 1.614282173433189627e+01 1.141831287880030033e+01 1.495245908120804046e+01 -1.310923360415616301e+00 -8.434405723473867855e-01 2.325190405908748481e+00 7.328872123771045244e-01 6.927429098862920576e+00 -4.662825634011227294e+00 1.226982085524197608e+01 1.092667798502276177e+01 1.384096571225911809e+01 -5.109088815622621738e+00 3.528660881681736416e+00
4.823981874788032531e-01 1.617784076425396478e+01 1.142665850268216943e+01 1.493546489753093987e+01 -1.308369677071842929e+00 -8.460498892057772835e-01 2.315277645473186929e+00 7.383392798841541538e-01 6.938232984306075046e+00 -4.664683590856963491e+00 1.230483988516404459e+01 1.093502360890463088e+01 1.382397152858201750e+01 -5.106535132278848366e+00 3.525170517501573730e+00
4.828778001480436566e-01 1.615780410653526289e+01 1.142625918316135802e+01 1.494779334429099293e+01 -1.306620114410943945e+00 -8.447323528595845898e-01 2.322273580236236867e+00 7.347114670566586847e-01 6.932531462985118687e+00 -4.664226426437398487e+00 1.228480322744534625e+01 1.093462428938383191e+01 1.383629997534208300e+01 -5.104785569617948049e+00 3.528629941009342463e+00
5.563472807484195481e-01 1.568534551799465326e+01 1.135547132413111804e+01 1.518621079001533225e+01 -1.308029693045958064e+00 -8.093991613427991005e-01 2.475508501740931067e+00 6.525068214344562634e-01 6.786746030446562550e+00 -4.655408154376830865e+00 1.181234463890473840e+01 1.086383643035359370e+01 1.407471742106641521e+01 -5.106195148252963278e+00 3.602318038632023267e+00
1.696424033682133459e-01 1.542914059813823613e+01 1.169088666650277730e+01 1.548722717119498782e+01 -9.765272867207985819e-01 -7.617625290371621283e-01 2.731116602478353528e+00 4.300750505843622395e-01 6.679969221303371896e+00 -4.731064294327572028e+00 1.155613971904832127e+01 1.119925177272525296e+01 1.437573380224607256e+01 -4.774692741927803574e+00 3.782438949200881861e+00
4.925474914398809134e-01 1.589308220228181590e+01 1.115259687630309138e+01 1.506226011292550027e+01 -1.235707119141947752e+00 -6.678317952119701140e-01 2.601639122043339025e+00 1.279300308144009080e-01 6.842179731005513688e+00 -4.558392091069012331e+00 1.202008132319189926e+01 1.066096198252556526e+01 1.395076674397658678e+01 -5.033872574348952966e+00 4.124275361197746292e+00
4.278318510955822496e-01 1.591490471186043365e+01 1.118621407248500077e+01 1.511441378100209754e+01 -1.222789610790998793e+00 -6.022503818813508270e-01 2.575691140538571400e+00 1.771742688900530827e-01 6.867074071035095706e+00 -4.532747341979526112e+00 1.204190383277051701e+01 1.069457917870747465e+01 1.400292041205318405e+01 -5.020955065998004230e+00 4.010004425762200952e+00
3.851778404345879148e-01 1.565328282169096319e+01 1.127613006022760445e+01 1.512307812503336990e+01 -1.101661920748046919e+00 -7.980071074602361758e-01 2.682165914594055955e+00 2.125305463054161237e-02 6.738473135362001543e+00 -4.664047710860415030e+00 1.178028194260104655e+01 1.078449516645007655e+01 1.401158475608445642e+01 -4.899827375955052133e+00 4.248294349223433741e+00
