2.215638587823793859e+00 3.074714194455407057e+00 3.580140380904675901e+00 4.559412864251289221e+00 3.219512475484953007e-01 5.867161039064646921e+00 5.482558435670001451e+00 2.730287484852968127e+00 5.123333258353245157e+00 4.555752705288194981e+00 3.908350721849494502e-01 1.189761412362091875e+00 3.182012849876537874e+00 2.464412451980247110e-01 1.270003362672299518e-01
2.226884043218760212e+00 3.079155721574828863e+00 3.599720686657300828e+00 4.546189224308520238e+00 3.308935762250752033e-01 5.886390707387298526e+00 5.469986707936777215e+00 2.716780936299648452e+00 5.140356012527317553e+00 4.579960841693272222e+00 3.952765993043716453e-01 1.209341718114717468e+00 3.168789209933768447e+00 2.553835738746048079e-01 1.318060721713090744e-01
2.231922716491485215e+00 3.079128871226959330e+00 3.612427261059654171e+00 4.538467282386357660e+00 3.411544859740749946e-01 5.902100648938376715e+00 5.459419734736444596e+00 2.703761299300896592e+00 5.152178894419857436e+00 4.597094781930130658e+00 3.952497489565025002e-01 1.222048292517071033e+00 3.161067268011605869e+00 2.656444836236045437e-01 1.348403366489275557e-01
2.233276969517020039e+00 3.076694843972608950e+00 3.620568911926740352e+00 4.534271460941575960e+00 3.513955760621704782e-01 5.914858300365197330e+00 5.450536035245454158e+00 2.691903095647302457e+00 5.160473021257013571e+00 4.609300280598447763e+00 3.928157217021522318e-01 1.230189943384156992e+00 3.156871446566824169e+00 2.758855737117000828e-01 1.366800869155114784e-01
2.232768405863323480e+00 3.073290412539315675e+00 3.625951573167854214e+00 4.532078940893420338e+00 3.608772233651753591e-01 5.925289922704573442e+00 5.443046397213459286e+00 2.681461910412617833e+00 5.166516987108415115e+00 4.618296648673676508e+00 3.894112902688591227e-01 1.235572604625270632e+00 3.154678926518668103e+00 2.853672210147050192e-01 1.378053256440168739e-01
2.231457776593096742e+00 3.069718859086944640e+00 3.629690802699133911e+00 4.530964033409373037e+00 3.692810443869875558e-01 5.933876490426663430e+00 5.436731886855608487e+00 2.672467644192545677e+00 5.171104743938691684e+00 4.625176824266325148e+00 3.858397368164881436e-01 1.239311834156550329e+00 3.153564019034620358e+00 2.937710420365172159e-01 1.385120141219561563e-01
2.229902346783729339e+00 3.066370595193380844e+00 3.632423397658453013e+00 4.530412856707368263e+00 3.765320192038651426e-01 5.940970037169706508e+00 5.431420429359934410e+00 2.664835052291400608e+00 5.174703284829808680e+00 4.630595407239964878e+00 3.824914729229245136e-01 1.242044429115869209e+00 3.153012842332616028e+00 3.010220168533948581e-01 1.389679433001140829e-01
2.228371169311780253e+00 3.063403015689040387e+00 3.634506160023787125e+00 4.530151827383400054e+00 3.826821605249305369e-01 5.946837034557115764e+00 5.426967772035616200e+00 2.658425031268736305e+00 5.177589996321792398e+00 4.634948605149727285e+00 3.795238934185841129e-01 1.244127191481203987e+00 3.152751813008646931e+00 3.071721581744593643e-01 1.392681772412668051e-01
2.226979686402636105e+00 3.060853057456871529e+00 3.636142447466264027e+00 4.530038373335801616e+00 3.878412209237384611e-01 5.951688365583001072e+00 5.423248318889662301e+00 2.653080357396919720e+00 5.179937615332596224e+00 4.638488262579214982e+00 3.769739351864150323e-01 1.245763478923681111e+00 3.152638358961048493e+00 3.123312185732671775e-01 1.394685134755477285e-01
2.225765859177342154e+00 3.058700908155052023e+00 3.637453520085616177e+00 4.529998957400143134e+00 3.921378400813611553e-01 5.955696284771399007e+00 5.420151506653434481e+00 2.648645937973381326e+00 5.181861321953275201e+00 4.641385620878398122e+00 3.748217858845956374e-01 1.247074551543033039e+00 3.152598943025390010e+00 3.166278377308899272e-01 1.396032021438284587e-01
2.224730900130381439e+00 3.056903774651416938e+00 3.638516542235481488e+00 4.529995789528442174e+00 3.956993331069210140e-01 5.959003843300742176e+00 5.417580365660835007e+00 2.644979141327522321e+00 5.183443585331385606e+00 4.643765144149010204e+00 3.730246523809605530e-01 1.248137573692898128e+00 3.152595775153688606e+00 3.201893307564498414e-01 1.396941002051475256e-01
2.223860186301561459e+00 3.055412726890017971e+00 3.639384258728847854e+00 4.530009463757470378e+00 3.986422919689025512e-01 5.961730578080119969e+00 5.415450638975480402e+00 2.641954048692211732e+00 5.184747038166700683e+00 4.645722205664413629e+00 3.715336046195616415e-01 1.249005290186263828e+00 3.152609449382716811e+00 3.231322896184317672e-01 1.397555436598245104e-01
2.223133588729639509e+00 3.054180489477483551e+00 3.640095109155259578e+00 4.530030035246224607e+00 4.010691053880195978e-01 5.963976436210174370e+00 5.413689867611472195e+00 2.639462265086355952e+00 5.185821225586723315e+00 4.647332518927233203e+00 3.703013672070272211e-01 1.249716140612675552e+00 3.152630020871470595e+00 3.255591030375488137e-01 1.397970943419303558e-01
2.222530336384938021e+00 3.053164608559145954e+00 3.640678503013074607e+00 4.530052456299372032e+00 4.030675141438532227e-01 5.965824827346883907e+00 5.412236321166544961e+00 2.637411966473343305e+00 5.186706308403072008e+00 4.648657453293552066e+00 3.692854862886895129e-01 1.250299534470490803e+00 3.152652441924618465e+00 3.275575117933824387e-01 1.398251880062614805e-01
2.222031133381368928e+00 3.052328364157556706e+00 3.641157681410940317e+00 4.530074234829006841e+00 4.047115903485544730e-01 5.967345172834876976e+00 5.411037822105814854e+00 2.635726171793856043e+00 5.187435264210194852e+00 4.649747298343362090e+00 3.684492418871004316e-01 1.250778712868356735e+00 3.152674220454253273e+00 3.292015879980837445e-01 1.398441751095265972e-01
2.221618933211758407e+00 3.051640650306169711e+00 3.641551373530867330e+00 4.530094222136159310e+00 4.060632813327068047e-01 5.968595096248151322e+00 5.410050546622724887e+00 2.634340783299811140e+00 5.188035333503829172e+00 4.650643473449714627e+00 3.677615280357132144e-01 1.251172404988283748e+00 3.152694207761405742e+00 3.305532789822360207e-01 1.398570013142169388e-01
2.221279080097793290e+00 3.051075432993076486e+00 3.641874838482730858e+00 4.530111976984708910e+00 4.071740821848496839e-01 5.969622315105001853e+00 5.409237871172825507e+00 2.633202671991691890e+00 5.188529064774952460e+00 4.651380156206146310e+00 3.671963107226201561e-01 1.251495869940147054e+00 3.152711962609955343e+00 3.316640798343789553e-01 1.398656616150144583e-01
2.220999170545010504e+00 3.050611079417261173e+00 3.642140579091496910e+00 4.530127426867834650e+00 4.080866305298208041e-01 5.970466266458502425e+00 5.408569308964150224e+00 2.632267934152797917e+00 5.188935125316199048e+00 4.651985556206023276e+00 3.667319571468049544e-01 1.251761610548913328e+00 3.152727412493081527e+00 3.325766281793502421e-01 1.398715066239666349e-01
2.220768807388946886e+00 3.050229692448831020e+00 3.642358867424347224e+00 4.530140684947410179e+00 4.088361375345657134e-01 5.971159492869727359e+00 5.408019558678678784e+00 2.631500363836848155e+00 5.189268957898621082e+00 4.652482946678927256e+00 3.663505701783749680e-01 1.251979898881763420e+00 3.152740670572656612e+00 3.333261351840953179e-01 1.398754501217951418e-01
2.220579328084364423e+00 3.049916505577098924e+00 3.642538151961815629e+00 4.530151950118245452e+00 4.094516300046049384e-01 5.971728814890004067e+00 5.407567671947179022e+00 2.630870144900180119e+00 5.189543324328083074e+00 4.652891514633912706e+00 3.660373833066429827e-01 1.252159183419232047e+00 3.152751935743492329e+00 3.339416276541345430e-01 1.398781099192259736e-01
2.220423544104230373e+00 3.049659356034002400e+00 3.642685383175642500e+00 4.530161452389811494e+00 4.099570076103689065e-01 5.972196316279896777e+00 5.407196336206050447e+00 2.630352746879391468e+00 5.189768759389786545e+00 4.653227066450069671e+00 3.657802337635463474e-01 1.252306414633059140e+00 3.152761438015058371e+00 3.344470052598985665e-01 1.398799034530888719e-01
2.220295506333131108e+00 3.049448236609268115e+00 3.642806278455957614e+00 4.530169423465216560e+00 4.103719319518848163e-01 5.972580167375759252e+00 5.406891264080147863e+00 2.629928001420137829e+00 5.189953950760880730e+00 4.653502614567877060e+00 3.655691143388118958e-01 1.252427309913374254e+00 3.152769409090463437e+00 3.348619296014144764e-01 1.398811126157119833e-01
2.220190300790426452e+00 3.049274919498238035e+00 3.642905539581496210e+00 4.530176081550188805e+00 4.107125684733488047e-01 5.972895310265553093e+00 5.406640677919360094e+00 2.629579334336215268e+00 5.190106056638470911e+00 4.653728865017939142e+00 3.653957972277819821e-01 1.252526571038913072e+00 3.152776067175436125e+00 3.352025661228784648e-01 1.398819276775861431e-01
2.220103874149895073e+00 3.049132643122468789e+00 3.642987031918202501e+00 4.530181624263789786e+00 4.109922024746622271e-01 5.973154027102202335e+00 5.406434877446341325e+00 2.629293129606973256e+00 5.190230970696571688e+00 4.653914621914380767e+00 3.652535208520125698e-01 1.252608063375619363e+00 3.152781609889037107e+00 3.354822001241919427e-01 1.398824770169477261e-01
2.220032886457664834e+00 3.049015852652666059e+00 3.643053932265473804e+00 4.530186226146607709e+00 4.112217488714030589e-01 5.973366410312639374e+00 5.406265878864830121e+00 2.629058204054622205e+00 5.190333542546406775e+00 4.654067122456838845e+00 3.651367303822092292e-01 1.252674963722890000e+00 3.152786211771855474e+00 3.357117465209326079e-01 1.398828472251727184e-01
2.219974587750479511e+00 3.048919985681044942e+00 3.643108850835066193e+00 4.530190038724973611e+00 4.114101730683697444e-01 5.973540750903956642e+00 5.406127114721924087e+00 2.628865374233144703e+00 5.190417760733713415e+00 4.654192313913488199e+00 3.650408634105882233e-01 1.252729882292482166e+00 3.152790024350221376e+00 3.359001707178989604e-01 1.398830966934845599e-01
2.219926715222960034e+00 3.048841295531824258e+00 3.643153931834466341e+00 4.530193191927826213e+00 4.115648378977643240e-01 5.973683858675506109e+00 5.406013184997577881e+00 2.628707099793023527e+00 5.190486904321059747e+00 4.654295082300102138e+00 3.649621732613671510e-01 1.252774963291882093e+00 3.152793177553073978e+00 3.360548355472934845e-01 1.398832647888414715e-01
2.219887407826869552e+00 3.048776705785404495e+00 3.643190936349002929e+00 4.530195796145098264e+00 4.116917892930143097e-01 5.973801325993039590e+00 5.405919651124973413e+00 2.628577190076843983e+00 5.190543668227196150e+00 4.654379440951256441e+00 3.648975835149474434e-01 1.252811967806418680e+00 3.152795781770346473e+00 3.361817869425434702e-01 1.398833780478279387e-01
2.219855135529877455e+00 3.048723690603861058e+00 3.643221310589825901e+00 4.530197944511326291e+00 4.117959913300303643e-01 5.973897744894240525e+00 5.405842865823982990e+00 2.628470562885171891e+00 5.190590266717006962e+00 4.654448685866523050e+00 3.648445683334013423e-01 1.252842342047237878e+00 3.152797930136588267e+00 3.362859889795375423e-01 1.398834543559527022e-01
2.219828640829530020e+00 3.048680176339125580e+00 3.643246242056266126e+00 4.530199715177182895e+00 4.118815194983984074e-01 5.973976885671103076e+00 5.405779832705878363e+00 2.628383046224437525e+00 5.190628518750756371e+00 4.654505523586259130e+00 3.648010540686660308e-01 1.252867273513678104e+00 3.152799700802445315e+00 3.363715171479055854e-01 1.398835057666572568e-01
