2.914217354931211701e-02 2.714946385577774013e+00 4.830354329211287379e+00 4.049274875888288494e-01 5.047010879769465497e+00 6.142691501290119760e+00 2.011809318326774676e+00 2.869843651269232243e+00 2.754397184603507576e+00 5.337790871011242722e+00 1.497172858029582665e+00 4.633108836189055446e-01 5.459243230103832722e+00 5.105428988727144457e+00 2.085558794272206917e+00
6.921685393187768098e-02 2.756367239215961717e+00 4.815291754315634165e+00 4.150920668874333308e-01 5.049850849944549580e+00 6.143053930953596087e+00 2.005757556931885954e+00 2.834182094051180378e+00 2.729810380858248564e+00 5.333613587411955237e+00 1.538593711667770147e+00 4.482483087232508323e-01 5.469407809402434317e+00 5.108268958902229429e+00 2.053450130325070955e+00
9.526863000103134860e-02 2.782524282533054283e+00 4.803723599623056728e+00 4.221630024919698632e-01 5.052288895184410045e+00 6.143232934596511541e+00 2.006674124552845662e+00 2.814669440836570669e+00 2.718023004509411589e+00 5.326809181624667211e+00 1.564750754984862713e+00 4.366801540306736173e-01 5.476478745006970961e+00 5.110707004142089893e+00 2.034407878263395641e+00
1.113773757214310822e-01 2.798036969101187932e+00 4.795693472251925549e+00 4.261855732695458143e-01 5.055013090501606854e+00 6.142932512270696144e+00 2.011788304704706043e+00 2.805694637962255822e+00 2.714634036983869070e+00 5.318663390939923907e+00 1.580263441552995474e+00 4.286500266595421604e-01 5.480501315784547245e+00 5.113431199459287591e+00 2.024547853917511908e+00
1.217615096483665588e-01 2.807512661749303362e+00 4.790075718948873629e+00 4.282199786744537162e-01 5.057998925298729631e+00 6.142287299727822614e+00 2.018767814506248204e+00 2.802290623823563642e+00 2.715592256008936722e+00 5.310189103823264922e+00 1.589739134201110238e+00 4.230322733564902404e-01 5.482535721189455202e+00 5.116417034256410368e+00 2.019841472456374465e+00
1.290551302628654418e-01 2.813788885221793379e+00 4.785915323275763633e+00 4.291414944358304395e-01 5.061074924664307417e+00 6.141463762002737248e+00 2.026332120332007936e+00 2.801567302352028221e+00 2.718517004890542932e+00 5.301910220028418053e+00 1.596015357673600477e+00 4.188718776833807445e-01 5.483457236950831870e+00 5.119493033621988154e+00 2.017769818451891961e+00
1.346694927612160364e-01 2.818372326275313089e+00 4.782626302874834145e+00 4.294742911858904222e-01 5.064112833498837674e+00 6.140568281732853961e+00 2.033876613444105974e+00 2.802056191465883916e+00 2.722203583433471685e+00 5.294043978194777011e+00 1.600598798727119965e+00 4.155828572824512568e-01 5.483790033700891797e+00 5.122530942456518410e+00 2.016989001512727420e+00
1.393269194085389184e-01 2.822027279509542463e+00 4.779880807656417652e+00 4.295013270017595808e-01 5.067042761538253615e+00 6.139657746465394972e+00 2.041141451978389032e+00 2.803048064835973019e+00 2.726081055662157748e+00 5.286656338665753907e+00 1.604253751961056462e+00 4.128373620639949615e-01 5.483817069517600729e+00 5.125460870495879284e+00 2.016821937801516640e+00
1.433951035180354994e-01 2.825138056406166331e+00 4.777498500057305364e+00 4.293696203031061587e-01 5.069834087106348086e+00 6.138760091490857995e+00 2.048030733086913191e+00 2.804210684201284387e+00 2.729893304030508450e+00 5.279746182980938229e+00 1.607364528857679886e+00 4.104550544648822297e-01 5.483685362818947695e+00 5.128252196063974644e+00 2.016936442231854532e+00
1.470645719610730873e-01 2.827900072462017356e+00 4.775378125583330302e+00 4.291546797083409248e-01 5.072478144732104788e+00 6.137888049722539208e+00 2.054523400781709697e+00 2.805393672175542363e+00 2.733534975591424665e+00 5.273285721777480006e+00 1.610126544913530910e+00 4.083346799909070568e-01 5.483470422224182350e+00 5.130896253689731346e+00 2.017172433524055286e+00
