3.415483587527138098e+00 5.778441972894365009e+00 1.855462367808588420e+00 3.716038460252486519e+00 4.639480456856638568e+00 6.925915116245748848e-01 4.711203872496165346e+00 3.249026130337466789e+00 2.665271432632917215e+00 5.512631153383981797e+00 4.357660768778947258e+00 1.696946231923746495e+00 1.948181014027436486e+00 1.198124016267694714e+00 3.872125605989470642e+00
3.450650651186199180e+00 6.033030763174433986e+00 1.948145075816414717e+00 3.655251377669989754e+00 4.840130066634089623e+00 5.998736967448171642e-01 4.953261423379665906e+00 3.128115950106836518e+00 2.778898275690597330e+00 5.495696091697886310e+00 4.612249559059016235e+00 1.789628939931572793e+00 1.887393931444939499e+00 1.398773626045145768e+00 4.225931550571135453e+00
3.436354172784660488e+00 6.041041226687456245e+00 1.951683723215564159e+00 3.651426787699534326e+00 4.857529342012257167e+00 5.891297602940016587e-01 4.993583238300208116e+00 3.099488643614144223e+00 2.778008900240698686e+00 5.493067280686894094e+00 4.620260022572036718e+00 1.793167587330722013e+00 1.883569341474483627e+00 1.416172901423313535e+00 4.266109360288417029e+00
3.459877250816553840e+00 6.056451263927055351e+00 1.948901683051335709e+00 3.655311672719407046e+00 4.847363380548075362e+00 5.918550517798651933e-01 4.981099673245857673e+00 3.119888655030267355e+00 2.802038041595621642e+00 5.517019306279964397e+00 4.635670059811635824e+00 1.790385547166495117e+00 1.887454226494355236e+00 1.406006939959132174e+00 4.262839999652231704e+00
3.466638601330587210e+00 6.068029928681258234e+00 1.948798084351467397e+00 3.655475368727003627e+00 4.849676251323018050e+00 5.888153194724663475e-01 4.992672288960136484e+00 3.117867921903057393e+00 2.815018851669139899e+00 5.529384412321007858e+00 4.647248724565838707e+00 1.790281948466627027e+00 1.887617922501952039e+00 1.408319810734074640e+00 4.278042902793653290e+00
3.421373081017642370e+00 6.052959635955056150e+00 1.948182912737877137e+00 3.655456127900574170e+00 4.867537870796760480e+00 5.750629914811646870e-01 5.050812461694984989e+00 3.060895429953049973e+00 2.784974581164480600e+00 5.498152243373324310e+00 4.632178431839635735e+00 1.789666776853036767e+00 1.887598681675522805e+00 1.426181430207817291e+00 4.323552358738012025e+00
3.457727799388248702e+00 6.074689653843670101e+00 1.944736566269282596e+00 3.662085499369024610e+00 4.850378889788393266e+00 5.774122798237316667e-01 5.026915037939382991e+00 3.091118529138369819e+00 2.819803323717927412e+00 5.533137782858164933e+00 4.653908449728249686e+00 1.786220430384442004e+00 1.894228053143973467e+00 1.409022449199450300e+00 4.313536458117527950e+00
4.050677427567360489e+00 6.411023110023281291e+00 1.960066777223698820e+00 3.661731709712394256e+00 4.700051092682672405e+00 6.612562381619619956e-01 4.568852113595713860e+00 3.659299478000671790e+00 3.347610949014029558e+00 6.064849238873517123e+00 4.990241905907860875e+00 1.801550641338856007e+00 1.893874263487342002e+00 1.258694652093729882e+00 4.051446412181767265e+00
4.131930318104926059e+00 6.591134415055242002e+00 1.751865603399891835e+00 3.890817482643849967e+00 4.500056602117679994e+00 5.059393658551466499e-01 4.516411606849067617e+00 3.749011550241210244e+00 3.384204984428781593e+00 6.144987943378971806e+00 5.170353210939820698e+00 1.593349467515048135e+00 2.122960036418797714e+00 1.058700161528737027e+00 3.828882657673092105e+00
4.210449250738154348e+00 6.560658433040902793e+00 1.934123387974683750e+00 3.770086533823289177e+00 4.604929432125875799e+00 7.076065664315493997e-01 4.559120002970007413e+00 3.724274120183413306e+00 3.419180028114203296e+00 6.014424304193090265e+00 5.139877228925480601e+00 1.775607252089840049e+00 2.002229087598238255e+00 1.163572991536931500e+00 3.939238519503591718e+00
4.208553964503425782e+00 6.328314607120846702e+00 2.485831020675725256e+00 3.295998104649168869e+00 4.952019806916070799e+00 1.180927024754953258e+00 4.821400860447594638e+00 3.477000991305808419e+00 3.395845388406426579e+00 5.734045560089246152e+00 4.907533403005422734e+00 2.327314884790882665e+00 1.528140658424117948e+00 1.510663366327125834e+00 4.369498078814173958e+00
4.194350357134680074e+00 6.326803054897867540e+00 2.457013680538071565e+00 3.314887475593343069e+00 4.937945339611194306e+00 1.147914673856028411e+00 4.848590820704414384e+00 3.477056654517770795e+00 3.406985234451845646e+00 5.738551860219926581e+00 4.906021850782444460e+00 2.298497544653228086e+00 1.547030029368292814e+00 1.496588899022249564e+00 4.349896417582019836e+00
4.784165991527666861e+00 6.127070237949626907e+00 3.525597454455900781e+00 2.234822369637838868e+00 5.853262847609765451e+00 2.168594750280242067e+00 4.229245476029730888e+00 3.140239926879763388e+00 3.175943817493088517e+00 5.639370878253926911e+00 4.706289033834204716e+00 3.367081318571056414e+00 4.669649234127899451e-01 2.411906407020821597e+00 5.504114734937274100e+00
-9.669639584434008839e+01 3.630931351559038234e+01 -1.360631554169868878e+02 1.419019282165191100e+02 -1.367296547482463325e+02 -1.395115010610020647e+02 9.911187647312321758e+01 1.013057637750858646e+02 -8.877804212165015940e+01 9.530649033594862374e+01 3.488853231147495393e+01 -1.362216715528717543e+02 1.401340707702938744e+02 -1.401710111888347967e+02 -8.646613779488636453e+01
-9.665292551968988732e+01 3.624695416507026380e+01 -1.359977926829843682e+02 1.419857944735896069e+02 -1.366699434109995082e+02 -1.395367849411226757e+02 9.910214632530237111e+01 1.012614665307900879e+02 -8.879235946730935325e+01 9.530666532593701845e+01 3.482617296095482828e+01 -1.361563088188692063e+02 1.402179370273643713e+02 -1.401112998515880008e+02 -8.637248367005058469e+01
-9.664449341401062554e+01 3.623168809860888473e+01 -1.359940046293471880e+02 1.420000109378910338e+02 -1.366578738352120865e+02 -1.395278380779403733e+02 9.910797857410933887e+01 1.012524584561865453e+02 -8.879032302765041607e+01 9.530819709178143739e+01 3.481090689449344922e+01 -1.361525207652320262e+02 1.402321534916658266e+02 -1.400992302758005792e+02 -8.636028200842659430e+01
-9.674451135925066581e+01 3.643269367189733998e+01 -1.361091593965054471e+02 1.417816644975592055e+02 -1.367991139200878763e+02 -1.395076357716609436e+02 9.908938171976582510e+01 1.013994357494131862e+02 -8.872654512030807439e+01 9.533911316614174325e+01 3.501191246778191157e+01 -1.362676755323902853e+02 1.400138070513340267e+02 -1.402404703606763405e+02 -8.657901558922416996e+01
-9.644479567247641683e+01 3.602375764230978206e+01 -1.355762464340317877e+02 1.422895186748621370e+02 -1.364789923842386941e+02 -1.398132570588912245e+02 9.903966907878320569e+01 1.011011732277773802e+02 -8.899614610551758176e+01 9.533224893610817219e+01 3.460297643819434654e+01 -1.357347625699166258e+02 1.405216612286369866e+02 -1.399203488248271583e+02 -8.593484251889660186e+01
-1.141940133542473035e+02 4.368432030569920954e+01 -1.434269390528220356e+02 1.300910436789732785e+02 -1.375204567631903956e+02 -1.309940899440680937e+02 1.170651788236080222e+02 1.157104681482834962e+02 -7.396989990344084731e+01 1.110993536935404791e+02 4.226353910158372429e+01 -1.435854551887068169e+02 1.283231862327481281e+02 -1.409618132037792861e+02 -9.763284163292152584e+01
-1.141122517339989884e+02 4.373061100792083522e+01 -1.434818115260895581e+02 1.301099691017938369e+02 -1.374507810654354785e+02 -1.310007529406778986e+02 1.170050315497067714e+02 1.157264821643484964e+02 -7.401540602760934462e+01 1.111090430150652821e+02 4.230982980380534997e+01 -1.436403276619743394e+02 1.283421116555686865e+02 -1.408921375060243690e+02 -9.770128063924599360e+01
-1.140810608764450507e+02 4.374235170564012520e+01 -1.435039102595196994e+02 1.301234498252215417e+02 -1.374100655972900427e+02 -1.310229837085864233e+02 1.169787300605404567e+02 1.157474229071833349e+02 -7.402265509830860424e+01 1.111015408409199665e+02 4.232157050152463995e+01 -1.436624263954045091e+02 1.283555923789963913e+02 -1.408514220378789048e+02 -9.772354547888086529e+01
-1.140746292570517824e+02 4.374259800814188281e+01 -1.435021259676191505e+02 1.301311925204712736e+02 -1.373758044783357093e+02 -1.310558881727677942e+02 1.169647529443365244e+02 1.157720038872335522e+02 -7.400899600169074688e+01 1.110876952707640015e+02 4.232181680402639756e+01 -1.436606421035039602e+02 1.283633350742460948e+02 -1.408171609189245999e+02 -9.772159430536574121e+01
-1.140773310277130008e+02 4.374199422306826079e+01 -1.434946325839840995e+02 1.301314835393074532e+02 -1.373643818730772637e+02 -1.310698059338249379e+02 1.169608120976345589e+02 1.157794640637422390e+02 -7.400024780552702452e+01 1.110831812128652132e+02 4.232121301895276844e+01 -1.436531487198689092e+02 1.283636260930822459e+02 -1.408057383136661542e+02 -9.771609817770792006e+01
-1.140780799913413830e+02 4.373811903468524775e+01 -1.434984404409898957e+02 1.301333139428521974e+02 -1.373654332875568116e+02 -1.310696668470105806e+02 1.169635575180864748e+02 1.157830226131116262e+02 -7.399792687328391594e+01 1.110827418241728282e+02 4.231733783056974829e+01 -1.436569565768747054e+02 1.283654564966269618e+02 -1.408067897281457022e+02 -9.771487242384074534e+01
-1.151459411436598259e+02 3.395468373852674659e+01 -1.577229652738729726e+02 1.339238772730141136e+02 -1.512505293099211769e+02 -1.186136415218186357e+02 1.281501404995286180e+02 1.180914479244386683e+02 -7.503675479722964781e+01 1.135169026919220272e+02 3.253390253441172320e+01 -1.578814814097585213e+02 1.321560198267890485e+02 -1.546918857505105223e+02 -9.800634933857465114e+01
-1.152310064735688684e+02 3.414226997146081288e+01 -1.578340340673419462e+02 1.345266883858552660e+02 -1.506670295414099883e+02 -1.191655875538599076e+02 1.287599546400592772e+02 1.180599118489136714e+02 -7.473315760922230311e+01 1.135269441746337975e+02 3.272148876734581080e+01 -1.579925502032274665e+02 1.327588309396302861e+02 -1.541083859819993336e+02 -9.738856138177401078e+01
-1.158259039699971140e+02 3.357079675629123017e+01 -1.572730003419236198e+02 1.348516363351662051e+02 -1.510282909340161268e+02 -1.192237171769612161e+02 1.288022329628914804e+02 1.181044406592143616e+02 -7.471882069378321489e+01 1.135262300266271751e+02 3.215001555217622098e+01 -1.574315164778091116e+02 1.330837788889412536e+02 -1.544696473746055005e+02 -9.731449720037581130e+01
-1.158919642765817031e+02 3.352108041254879822e+01 -1.572236238676757978e+02 1.347895687129371538e+02 -1.511099429639606626e+02 -1.192663574123320842e+02 1.288158913449786667e+02 1.181800579952110297e+02 -7.466664128233094289e+01 1.135370295938371328e+02 3.210029920843378903e+01 -1.573821400035613181e+02 1.330217112667122024e+02 -1.545512994045500363e+02 -9.738474321801793110e+01
-1.158797141497772287e+02 3.353076910107804309e+01 -1.572336122176255344e+02 1.348099551704770818e+02 -1.510801170756263616e+02 -1.192566370241505780e+02 1.288162736043321956e+02 1.181683352237330240e+02 -7.466143355845589724e+01 1.135382183969004615e+02 3.210998789696304101e+01 -1.573921283535110263e+02 1.330420977242521019e+02 -1.545214735162157638e+02 -9.735822459672355933e+01
-1.158738535131150371e+02 3.353668767278169582e+01 -1.572395531196721095e+02 1.348096805971332515e+02 -1.510760614562315425e+02 -1.192562834009193438e+02 1.288163185178296999e+02 1.181682614757385892e+02 -7.465927714274518223e+01 1.135380399335466421e+02 3.211590646866669374e+01 -1.573980692555576013e+02 1.330418231509082432e+02 -1.545174178968209731e+02 -9.735608689151681006e+01
