4.572144027489486007e+00 1.011641545808061204e+00 4.164131036710607248e+00 2.916553247107592117e+00 2.262731435511083244e+00 4.014971143701232537e-01 6.235543092925885489e+00 3.342796631093317483e+00 1.997598031743442748e-01 1.558284329648483846e+00 6.203804143589196407e+00 6.207873663187471358e+00 6.080238703404232226e+00 3.295417570299132293e-01 3.665716619286298439e+00
4.639770515654745076e+00 1.073752588013514808e+00 4.226835601229249839e+00 2.857559815103233980e+00 2.198645660224993748e+00 4.039909199965003306e-01 6.258510706643443555e+00 3.320480660215709534e+00 2.098842667939835316e-01 1.559694930596926099e+00 6.265915185794650455e+00 6.270578227706113950e+00 6.021245271399873644e+00 2.654559817438237879e-01 3.686608919018715014e+00
4.688389121410872384e+00 1.118322163488099097e+00 4.271525842996184430e+00 2.816221269509267433e+00 2.152793193225911228e+00 4.087191916810637426e-01 6.277751170710446971e+00 3.307475351145694464e+00 2.092929491162375255e-01 1.570709030786056060e+00 6.310484761269234966e+00 6.315268469473048540e+00 5.979906725805907541e+00 2.196035147447412128e-01 3.698846060675554881e+00
4.715522083570814260e+00 1.143132855461494568e+00 4.296315469530523679e+00 2.794119251487827249e+00 2.127902260514945798e+00 4.178746301508401984e-01 6.291534793126351666e+00 3.305615423480631421e+00 2.001454236615814730e-01 1.584799466670502754e+00 6.335295453242630437e+00 6.340058096007386901e+00 5.957804707784466913e+00 1.947125820337752833e-01 3.700247124760546402e+00
4.732953722310944578e+00 1.159076815780699210e+00 4.312312146852220529e+00 2.780238283227936424e+00 2.112391618417857053e+00 4.275112593285320117e-01 6.301624773542704894e+00 3.307916923936332854e+00 1.895594750455817656e-01 1.596879268438421651e+00 6.351239413561835079e+00 6.356054773329083751e+00 5.943923739524576533e+00 1.792019399366863719e-01 3.697266827494892105e+00
4.745631064116667908e+00 1.170685124585907788e+00 4.324033228113075111e+00 2.770196711908712306e+00 2.101340880497084118e+00 4.359454450549272164e-01 6.309266735755565847e+00 3.311150128721829677e+00 1.800082048089918230e-01 1.606417384619108768e+00 6.362847722367042103e+00 6.367775854589940998e+00 5.933882168205351526e+00 1.681512020159127707e-01 3.693222210481406531e+00
4.755527927770796026e+00 1.179753333271903015e+00 4.333236682737643619e+00 2.762338112625158715e+00 2.092808420290440896e+00 4.428522299611838964e-01 6.315211104215442184e+00 3.314206225539519490e+00 1.720120258232855637e-01 1.613852949348308474e+00 6.371915931053037774e+00 6.376979309214509506e+00 5.926023568921797491e+00 1.596187418092697430e-01 3.689331859131633529e+00
4.763580102807304151e+00 1.187130413108291593e+00 4.340747151217766664e+00 2.755913735172658363e+00 2.085899802669121783e+00 4.483488745735191294e-01 6.319936981560435818e+00 3.316757764343688741e+00 1.655012880382213392e-01 1.619689469440354523e+00 6.379293010889425908e+00 6.384489777694631663e+00 5.919599191469297139e+00 1.527101241879509907e-01 3.685983918178583174e+00
4.770299339651422166e+00 1.193281442413256510e+00 4.347017885021386974e+00 2.750527830129366080e+00 2.080143146761191719e+00 4.526665750681851397e-01 6.323763407746672449e+00 3.318764362590653771e+00 1.602518017585266019e-01 1.624332419864000787e+00 6.385444040194389714e+00 6.390760511498252860e+00 5.914213286426004856e+00 1.469534682800218151e-01 3.683245051216185395e+00
4.775997885106244567e+00 1.198491566465688329e+00 4.352329838879250623e+00 2.745943112553345777e+00 2.075260053600401999e+00 4.560390322432728016e-01 6.326909333545020608e+00 3.320285297229839561e+00 1.560260949335817160e-01 1.628081705097156995e+00 6.390654164246821090e+00 6.396072465356116510e+00 5.909628568849984553e+00 1.420703751192322339e-01 3.681063758462262303e+00
