2.095902069276796009e+00 3.044451095158574816e+00 1.959235682694715264e+00 2.607967626564439700e-01 7.237278973217183831e-01 5.319677899572129220e+00 5.715365370468301620e+00 3.815010002492968955e-01 2.546820001764304564e+00 3.439175861738232420e+00 2.764046170428238636e+00 3.490488102631954970e+00 8.355210718693100169e-01 3.218294550190906045e-01 5.963993580626590907e-01
2.024404596850445603e+00 2.983361674382394302e+00 1.939555957346722037e+00 2.169864992710367202e-01 7.209377714848406171e-01 5.362324252444317985e+00 5.732905070721553642e+00 3.320428632443196415e-01 2.574351270757869070e+00 3.381763655106519995e+00 2.702956749652057677e+00 3.470808377283961743e+00 7.917108084839028503e-01 3.190393291822127275e-01 5.799808496880856090e-01
1.950760522755068394e+00 2.913411970721928146e+00 1.916168442081280565e+00 1.668506848202788440e-01 7.181613089863437827e-01 5.427729493295279539e+00 5.764893702789566809e+00 2.793238291616526037e-01 2.608576561214858369e+00 3.314862192452638912e+00 2.633007045991591522e+00 3.447420862018520715e+00 7.415749940331445300e-01 3.162628666837162816e-01 5.638957913920441545e-01
1.896191148429114959e+00 2.852219680251006917e+00 1.898074813262957461e+00 1.232507164220402324e-01 7.115007300798980028e-01 5.511987792667402353e+00 5.814450943594930088e+00 2.363527468924823127e-01 2.650266604756171596e+00 3.252707959511938807e+00 2.571814755520670293e+00 3.429327233200197611e+00 6.979750256349059878e-01 3.096022877772705018e-01 5.557243164044011197e-01
1.869075512977488529e+00 2.812204368195301285e+00 1.891634907315496328e+00 9.548668116262652716e-02 6.980948549088066279e-01 5.599466838797370727e+00 5.873296769757541114e+00 2.083456855825916720e-01 2.695431254369947904e+00 3.204762048226812432e+00 2.531799443464964661e+00 3.422887327252736256e+00 6.702109903754924769e-01 2.961964126061791824e-01 5.599167399505909914e-01
1.856784602247314009e+00 2.787275753985509752e+00 1.891654812064841096e+00 7.865877924622027839e-02 6.825097275026503763e-01 5.678763733628089838e+00 5.929105230572719876e+00 1.883645382546080271e-01 2.736257520667778831e+00 3.167005191312394885e+00 2.506870829255173128e+00 3.422907232002080580e+00 6.533830884590862143e-01 2.806112852000229863e-01 5.708469561156491734e-01
1.848795800809604817e+00 2.769265808007945751e+00 1.892298405080295343e+00 6.624393947483842027e-02 6.692616376747587692e-01 5.747203223458825505e+00 5.976754278939321097e+00 1.711135370412018575e-01 2.769253683307231206e+00 3.134650152618851937e+00 2.488860883277609570e+00 3.423550825017534827e+00 6.409682486877044116e-01 2.673631953721313237e-01 5.824977495720120579e-01
1.842402470904290990e+00 2.755253637455766569e+00 1.892270324290182160e+00 5.615754344001804010e-02 6.588749959801503131e-01 5.805630127643315319e+00 6.016543701201576333e+00 1.555206076695957729e-01 2.795216633184419930e+00 3.106275329864951473e+00 2.474848712725429944e+00 3.423522744227421200e+00 6.308818526528838788e-01 2.569765536775230341e-01 5.932527842491716052e-01
1.837140740980182985e+00 2.744187893809391543e+00 1.891735627096340355e+00 4.785661076395883451e-02 6.506687692220162189e-01 5.855574694296634242e+00 6.049893612325088377e+00 1.414767056249757737e-01 2.815749328571679921e+00 3.081358483086344968e+00 2.463782969079058027e+00 3.422988047033578507e+00 6.225809199768236324e-01 2.487703269193883293e-01 6.030437894725335646e-01
1.832735174641415110e+00 2.735328923063941264e+00 1.890865453506933136e+00 4.095666618516487223e-02 6.440933547960274730e-01 5.898442486106785232e+00 6.078033974612766066e+00 1.288611000773273174e-01 2.832130331987809058e+00 3.059434072612401412e+00 2.454923998333607749e+00 3.422117873444171288e+00 6.156809753980296840e-01 2.421949124933997499e-01 6.119152368674593001e-01
