4.946910389754200388e+00 6.261246358382916988e+00 5.972919592090325303e+00 1.550417842486498943e+00 2.245724590643468854e+00 6.252466292444352369e+00 2.338960154067745378e+00 3.192240380133112954e+00 1.495139717089970954e+00 3.572030758910313963e+00 9.069771009440140697e-01 5.835102097516855935e+00 2.975428677390727028e+00 5.795330176603192385e+00 4.891506044516865437e+00
5.060193164316016734e+00 6.374331153655924176e+00 5.909036266515342639e+00 1.617943715672520488e+00 2.297839404104705885e+00 6.272162420331304666e+00 2.345099839761404681e+00 3.131005447252577234e+00 1.575517582243112447e+00 3.619738397121509355e+00 1.020061896217021369e+00 5.771218771941873271e+00 3.042954550576748129e+00 5.847444990064429859e+00 4.806242131194182754e+00
5.063824518518621254e+00 6.378036089678315257e+00 5.892502174539156812e+00 1.634568725178293214e+00 2.291104485448420380e+00 6.253694173172205772e+00 2.342872224062654940e+00 3.138108823306883455e+00 1.566663607479402476e+00 3.638175588062293020e+00 1.023766832239515479e+00 5.754684679965627936e+00 3.059579560082566818e+00 5.840710071408137694e+00 4.813931275793924769e+00
5.067258456245281373e+00 6.381592176469143674e+00 5.881370900775966248e+00 1.645715994876272292e+00 2.287362405783111452e+00 6.242258035135201943e+00 2.341554464414048020e+00 3.141981041026522092e+00 1.562021669032399585e+00 3.650183501760205562e+00 1.027322919030343451e+00 5.743553406202437372e+00 3.070726829780546119e+00 5.836967991742828765e+00 4.817889448025644228e+00
5.069545093585587026e+00 6.383992582348168909e+00 5.873914596056028614e+00 1.653171151264863026e+00 2.284749535959386346e+00 6.234628031083941480e+00 2.340734942849547640e+00 3.144647459782397014e+00 1.559074390235892560e+00 3.658177364509885177e+00 1.029723324909368243e+00 5.736097101482499738e+00 3.078181986169136852e+00 5.834355121919103659e+00 4.820582105768893122e+00
5.071170654517004550e+00 6.385708855361876601e+00 5.868839318719525799e+00 1.658240634676426239e+00 2.283009398173551308e+00 6.229513986108059953e+00 2.340208398279862045e+00 3.146411347914602086e+00 1.557203776456473898e+00 3.663579896858359053e+00 1.031439597923076157e+00 5.731021824145997812e+00 3.083251469580700732e+00 5.832614984133269509e+00 4.822328041313894254e+00
5.072288109293037195e+00 6.386894508383133662e+00 5.865379308396456715e+00 1.661694581109398605e+00 2.281816738018999313e+00 6.226044049862064611e+00 2.339863425022106647e+00 3.147614717901495940e+00 1.555972593744556765e+00 3.667250728920434355e+00 1.032625250944333439e+00 5.727561813822928727e+00 3.086705416013673542e+00 5.831422323978717515e+00 4.823507258054260838e+00
5.073059172435223196e+00 6.387715026275954777e+00 5.863015675170587748e+00 1.664053149860049263e+00 2.281003295971125500e+00 6.223684181865316134e+00 2.339634336865898945e+00 3.148433211232077866e+00 1.555154518590736945e+00 3.669752106464384322e+00 1.033445768837153889e+00 5.725198180597059761e+00 3.089063984764323756e+00 5.830608881930842813e+00 4.824302670611210431e+00
5.073588214436727917e+00 6.388279209262138103e+00 5.861400843170586406e+00 1.665664103703736298e+00 2.280446747555847420e+00 6.222075652284290825e+00 2.339480873928686755e+00 3.148992183178444204e+00 1.554605302861143956e+00 3.671458437112662399e+00 1.034009951823336548e+00 5.723583348597056641e+00 3.090674938608009903e+00 5.830052333515564733e+00 4.824843031555416495e+00
5.073950859804786440e+00 6.388666489564210238e+00 5.860297561387603160e+00 1.666764546413452841e+00 2.280066331553577630e+00 6.220978532675992767e+00 2.339377450023106597e+00 3.149373799912864147e+00 1.554234686140073318e+00 3.672623000998686216e+00 1.034397232125407795e+00 5.722480066814073396e+00 3.091775381317726890e+00 5.829671917513295831e+00 4.825210550545587118e+00
5.074199046530962320e+00 6.388931797197040297e+00 5.859543926507532419e+00 1.667516154677698870e+00 2.279806304651540216e+00 6.220229894483916055e+00 2.339307466829818161e+00 3.149634438130786140e+00 1.553983612087945998e+00 3.673417943666268393e+00 1.034662539758238076e+00 5.721726431934003543e+00 3.092526989581973140e+00 5.829411890611257974e+00 4.825460925528793688e+00
5.074368773616753536e+00 6.389113353770678572e+00 5.859029216268599072e+00 1.668029440588352896e+00 2.279628642903180236e+00 6.219718966800972915e+00 2.339259980190153243e+00 3.149812422065547679e+00 1.553813112235033600e+00 3.673960608477069734e+00 1.034844096331876351e+00 5.721211721695070196e+00 3.093040275492627611e+00 5.829234228862897993e+00 4.825631601271497040e+00
5.074484771963060581e+00 6.389237493748882279e+00 5.858677738414780123e+00 1.668379927181446565e+00 2.279507284435729364e+00 6.219370238700683728e+00 2.339227697640033909e+00 3.149933956493901288e+00 1.553697134308694494e+00 3.674331057137763423e+00 1.034968236310112699e+00 5.720860243841218384e+00 3.093390762085727719e+00 5.829112870395458224e+00 4.825748006498166376e+00
5.074564019430630957e+00 6.389322329886988783e+00 5.858437753948383175e+00 1.668619226186408788e+00 2.279424404274233762e+00 6.219132209254127908e+00 2.339205722877199634e+00 3.150016936454044458e+00 1.553618155955338143e+00 3.674583939584994852e+00 1.035053072448217426e+00 5.720620259374821437e+00 3.093630061090689942e+00 5.829029990233962621e+00 4.825827419439012722e+00
5.074618144518184160e+00 6.389380284351343420e+00 5.858273909834045057e+00 1.668782598300918352e+00 2.279367810720725807e+00 6.218969735565860191e+00 2.339190751478259500e+00 3.150073588703985905e+00 1.553564332669332027e+00 3.674756563993871072e+00 1.035111026912572285e+00 5.720456415260484206e+00 3.093793433205199506e+00 5.828973396680455110e+00 4.825881606177442329e+00
5.074655104520743976e+00 6.389419865063025838e+00 5.858162055743289187e+00 1.668894128296651624e+00 2.279329170899637269e+00 6.218858833622961768e+00 2.339180545341528639e+00 3.150112264215118252e+00 1.553527633637746597e+00 3.674874400398775887e+00 1.035150607624255148e+00 5.720344561169728337e+00 3.093904963200933445e+00 5.828934756859366573e+00 4.825918584425436642e+00
5.074680339914080740e+00 6.389446892504840214e+00 5.858085697838121497e+00 1.668970264087318300e+00 2.279302791189330435e+00 6.218783133393863238e+00 2.339173584874620015e+00 3.150138666252465303e+00 1.553502601925083271e+00 3.674954836648903544e+00 1.035177635066069746e+00 5.720268203264560647e+00 3.093981098991600120e+00 5.828908377149059739e+00 4.825943821248834809e+00
5.074697568542915427e+00 6.389465345850030786e+00 5.858033573208643929e+00 1.669022236689011951e+00 2.279284782525820674e+00 6.218731461292376750e+00 2.339168836588399802e+00 3.150156689209718586e+00 1.553485524218774394e+00 3.675009742732578299e+00 1.035196088411260762e+00 5.720216078635082191e+00 3.094033071593293993e+00 5.828890368485549978e+00 4.825961045728524468e+00
5.074709330123496009e+00 6.389477944100571349e+00 5.857997991824890782e+00 1.669057714106995771e+00 2.279272488990315981e+00 6.218696190476138419e+00 2.339165596787235568e+00 3.150168992061426199e+00 1.553473871191564770e+00 3.675047221600082903e+00 1.035208686661800659e+00 5.720180497251329932e+00 3.094068549011278701e+00 5.828878074950045729e+00 4.825972802096094583e+00
5.074717359155371810e+00 6.389486544556954861e+00 5.857973703565047430e+00 1.669081931310890443e+00 2.279264097077705387e+00 6.218672114986980581e+00 2.339163385951624985e+00 3.150177390128060750e+00 1.553465918834946446e+00 3.675072804546961613e+00 1.035217287118183060e+00 5.720156208991486579e+00 3.094092766215172929e+00 5.828869683037436467e+00 4.825980826461714557e+00
5.074722840015661873e+00 6.389492415615928067e+00 5.857957124285804618e+00 1.669098462046151976e+00 2.279258368623481079e+00 6.218655681306192839e+00 2.339161877146333168e+00 3.150183122687432391e+00 1.553460491512968833e+00 3.675090267326134974e+00 1.035223158177158931e+00 5.720139629712243767e+00 3.094109296950434018e+00 5.828863954583211715e+00 4.825986303621316864e+00
5.074726581346669541e+00 6.389496423362562183e+00 5.857945807269802074e+00 1.669109745906996789e+00 2.279254458336016143e+00 6.218644463843438608e+00 2.339160847385591158e+00 3.150187035732535445e+00 1.553456787285915519e+00 3.675102187298322498e+00 1.035227165923793713e+00 5.720128312696240336e+00 3.094120580811278387e+00 5.828860044295746334e+00 4.825990042186219853e+00
5.074729135211875963e+00 6.389499159112982163e+00 5.857938082310767847e+00 1.669117448225558409e+00 2.279251789165445352e+00 6.218636806917259285e+00 2.339160144543967146e+00 3.150189706764715769e+00 1.553454259008010263e+00 3.675110323777019961e+00 1.035229901674209918e+00 5.720120587737205220e+00 3.094128283129839563e+00 5.828857375125175544e+00 4.825992594051529139e+00
5.074730878487319963e+00 6.389501026556624552e+00 5.857932809295210319e+00 1.669122705782718485e+00 2.279249967194239890e+00 6.218631580376957402e+00 2.339159664820558149e+00 3.150191529996980488e+00 1.553452533319569007e+00 3.675115877667457287e+00 1.035231769117853196e+00 5.720115314721647692e+00 3.094133540686999861e+00 5.828855553153970526e+00 4.825994335909795652e+00
5.074732068444849808e+00 6.389502301277192764e+00 5.857929209970965445e+00 1.669126294553241685e+00 2.279248723524669007e+00 6.218628012793356419e+00 2.339159337379797865e+00 3.150192774522839745e+00 1.553451355423292268e+00 3.675119668702746090e+00 1.035233043838421185e+00 5.720111715397404595e+00 3.094137129457523283e+00 5.828854309484400531e+00 4.825995524875723142e+00
5.074732880704990734e+00 6.389503171399026016e+00 5.857926753100595185e+00 1.669128744218828286e+00 2.279247874603509416e+00 6.218625577596798237e+00 2.339159113878372498e+00 3.150193624026397021e+00 1.553450551422386638e+00 3.675122256427870493e+00 1.035233913960254437e+00 5.720109258527035223e+00 3.094139579123109662e+00 5.828853460563241384e+00 4.825996336447706980e+00
5.074733435148896632e+00 6.389503765340275088e+00 5.857925076061947678e+00 1.669130416339134504e+00 2.279247295136222373e+00 6.218623915356189080e+00 2.339158961321504471e+00 3.150194203890245959e+00 1.553450002628425031e+00 3.675124022784198363e+00 1.035234507901505285e+00 5.720107581488388604e+00 3.094141251243415880e+00 5.828852881095955674e+00 4.825996890416621277e+00
5.074733813608268029e+00 6.389504170760851309e+00 5.857923931330544676e+00 1.669131557713128711e+00 2.279246899596638620e+00 6.218622780727506516e+00 2.339158857189099106e+00 3.150194599700064213e+00 1.553449628031368324e+00 3.675125228481806783e+00 1.035234913322081951e+00 5.720106436756983825e+00 3.094142392617410309e+00 5.828852485556371477e+00 4.825997268549313546e+00
5.074734071941543689e+00 6.389504447497907691e+00 5.857923149947620978e+00 1.669132336804226791e+00 2.279246629604812835e+00 6.218622006241402822e+00 2.339158786110009380e+00 3.150194869876137282e+00 1.553449372337134982e+00 3.675126051479114864e+00 1.035235190059137000e+00 5.720105655374056575e+00 3.094143171708505058e+00 5.828852215564547912e+00 4.825997526658459158e+00
5.074734248277568582e+00 6.389504636396325488e+00 5.857922616583135067e+00 1.669132868604292108e+00 2.279246445310882940e+00 6.218621477584991730e+00 2.339158737592437198e+00 3.150195054295733765e+00 1.553449197803732584e+00 3.675126613248912655e+00 1.035235378957553465e+00 5.720105122009570664e+00 3.094143703508569931e+00 5.828852031270617573e+00 4.825997702840966852e+00
