4.394578397275657800e+00 4.312154756900757668e+00 2.790460571432268999e+00 4.883896829992147026e+00 3.831019703858451031e+00 1.567123383724619456e+00 4.537995961682090851e+00 4.714379649380394388e-02 6.272226073799526347e+00 5.144560943826716581e+00 4.356386177477224564e+00 2.333843805941558269e+00 5.551423344230620671e+00 2.304921272101486451e+00 1.159595923535480244e+00
4.368840789116324785e+00 4.324078616866564140e+00 2.831550709827875600e+00 4.924922648618274224e+00 3.872227087500821785e+00 1.530588772070306636e+00 4.546881052338862972e+00 6.842969965003307953e-02 6.258939167751313981e+00 5.129020256116060494e+00 4.368310037443031035e+00 2.374933944337165315e+00 5.592449162856748757e+00 2.346128655743858094e+00 1.189764024850767044e+00
4.372494595880231927e+00 4.325216303203260892e+00 2.830543028614424639e+00 4.923679843927170730e+00 3.871011112162757506e+00 1.527816834041643146e+00 4.551356691566656565e+00 7.141951341683809573e-02 6.254548139104443294e+00 5.124565803280722420e+00 4.369447723779727788e+00 2.373926263123714353e+00 5.591206358165645263e+00 2.344912680405794259e+00 1.190035117159802258e+00
4.375367875242035964e+00 4.326194243082303714e+00 2.829894283075062411e+00 4.922830391676832562e+00 3.870189270752505184e+00 1.525398191584462548e+00 4.555048885982757589e+00 7.394425736610596434e-02 6.250913728108051792e+00 5.120874008562706692e+00 4.370425663658770610e+00 2.373277517584352125e+00 5.590356905915307095e+00 2.344090838995541937e+00 1.190374364126840501e+00
4.377685910841710104e+00 4.326983228252080593e+00 2.829370504762603211e+00 4.922138897854521744e+00 3.869522710393337839e+00 1.523444669790586348e+00 4.558027378424331921e+00 7.597933991443614477e-02 6.247981172179049025e+00 5.117894466858661673e+00 4.371214648828547489e+00 2.372753739271893370e+00 5.589665412092996277e+00 2.343424278636374591e+00 1.190641631231932118e+00
4.379532273161865774e+00 4.327614299901212824e+00 2.828957668766856060e+00 4.921588486252007399e+00 3.868993956142609214e+00 1.521879676994161823e+00 4.560405214004537022e+00 7.760476404473799772e-02 6.245639215384171550e+00 5.115514447819737853e+00 4.371845720477680608e+00 2.372340903276145774e+00 5.589115000490481933e+00 2.342895524385645079e+00 1.190854573641474401e+00
4.380990905287261761e+00 4.328114361078307937e+00 2.828634040599590893e+00 4.921153661186691508e+00 3.868577366980791687e+00 1.520638059908871131e+00 4.562286838472229711e+00 7.889135823366967559e-02 6.243785499903895975e+00 5.113630277735629726e+00 4.372345781654774832e+00 2.372017275108880607e+00 5.588680175425165153e+00 2.342478935223827108e+00 1.191022589024912648e+00
4.382135584604789358e+00 4.328507736257012795e+00 2.828381651799377394e+00 4.920812443070652797e+00 3.868251158883106555e+00 1.519660381288441275e+00 4.563765435121589498e+00 7.990260496606234331e-02 6.242328532543607977e+00 5.112149173518512946e+00 4.372739156833479690e+00 2.371764886308667108e+00 5.588338957309126442e+00 2.342152727126141531e+00 1.191154314651077684e+00
4.383029203527808448e+00 4.328815412066125745e+00 2.828185591466781279e+00 4.920546072762442158e+00 3.867996934978093826e+00 1.518895105731983275e+00 4.564920944735399111e+00 8.069302393270703921e-02 6.241189740534743180e+00 5.110991394373481711e+00 4.373046832642592641e+00 2.371568825976070993e+00 5.588072587000915803e+00 2.341898503221128802e+00 1.191257065776876400e+00
4.383723981060366093e+00 4.329054977463125731e+00 2.828033749276190445e+00 4.920338978776373828e+00 3.867799544841891368e+00 1.518298878609207758e+00 4.565820076748700274e+00 8.130815309578440231e-02 6.240303504033780868e+00 5.110090308640493184e+00 4.373286398039592626e+00 2.371416983785480159e+00 5.587865493014847473e+00 2.341701113084926789e+00 1.191336900558236822e+00
4.384262446200590801e+00 4.329240856606331178e+00 2.827916426601719380e+00 4.920178480558640821e+00 3.867646724093458666e+00 1.517836046249999127e+00 4.566517366114094756e+00 8.178524436357194338e-02 6.239616147156014314e+00 5.109391391188156994e+00 4.373472277182798074e+00 2.371299661111008650e+00 5.587704994797114466e+00 2.341548292336494530e+00 1.191398740917389620e+00
4.384678738047641744e+00 4.329384688086659771e+00 2.827825938248921034e+00 4.920054400069042266e+00 3.867528673092729186e+00 1.517477779343513911e+00 4.567056713990491623e+00 8.215430056160841210e-02 6.239084441077811682e+00 5.108850716405302528e+00 4.373616108663127555e+00 2.371209172758209860e+00 5.587580914307515023e+00 2.341430241335765050e+00 1.191446529880195282e+00
4.384999963119012634e+00 4.329495749010391137e+00 2.827756242645995233e+00 4.919958656498865324e+00 3.867437638151682400e+00 1.517201061110648785e+00 4.567473053291720930e+00 8.243920417044335591e-02 6.238673976287079093e+00 5.108433312539199633e+00 4.373727169586858921e+00 2.371139477155283615e+00 5.587485170737337192e+00 2.341339206394718264e+00 1.191483393107461763e+00
4.385247466562138818e+00 4.329581366240938145e+00 2.827702618661562806e+00 4.919884886925322220e+00 3.867367529908703361e+00 1.516987691121782778e+00 4.567793937345656197e+00 8.265879765146576241e-02 6.238357605341057877e+00 5.108111584063130373e+00 4.373812786817405041e+00 2.371085853170851188e+00 5.587411401163794089e+00 2.341269098151739225e+00 1.191511788697036556e+00
4.385437951240749754e+00 4.329647286001050865e+00 2.827661393665946932e+00 4.919828112481523519e+00 3.867313593085390355e+00 1.516823382031919909e+00 4.568040954061774350e+00 8.282784704065726533e-02 6.238114054191272295e+00 5.107863903126635741e+00 4.373878706577517761e+00 2.371044628175234870e+00 5.587354626719995387e+00 2.341215161328426220e+00 1.191533638150662044e+00
4.385584424845381690e+00 4.329697990915471806e+00 2.827629720460327789e+00 4.919784455896335729e+00 3.867272130196055979e+00 1.516696980337661316e+00 4.568230931580395726e+00 8.295786451483448676e-02 6.237926736889212620e+00 5.107673406374105163e+00 4.373929411491937813e+00 2.371012954969615727e+00 5.587310970134808485e+00 2.341173698439091400e+00 1.191550436657622170e+00
4.385696980379804266e+00 4.329736963696856122e+00 2.827605397510863039e+00 4.919750908766326702e+00 3.867240275694667773e+00 1.516599815750795166e+00 4.568376936867514004e+00 8.305779028441710732e-02 6.237782773065040587e+00 5.107526997079125941e+00 4.373968384273322130e+00 2.370988632020150533e+00 5.587277423004799459e+00 2.341141843937702749e+00 1.191563343635560157e+00
4.385783427407780266e+00 4.329766901808564938e+00 2.827586725909509546e+00 4.919725143351055152e+00 3.867215814365069892e+00 1.516525170073265594e+00 4.568489086295080881e+00 8.313454643706556790e-02 6.237672189941289247e+00 5.107414534401331530e+00 4.373998322385030946e+00 2.370969960418797040e+00 5.587251657589527909e+00 2.341117382608104869e+00 1.191573255751402716e+00
4.385849795757800429e+00 4.329789889567192240e+00 2.827572396606949479e+00 4.919705362407749583e+00 3.867197037019552308e+00 1.516467850526554972e+00 4.568575194153892127e+00 8.319348023973115180e-02 6.237587283632630708e+00 5.107328184306460628e+00 4.374021310143657360e+00 2.370955631116236972e+00 5.587231876646223228e+00 2.341098605262587284e+00 1.191580865063303518e+00
4.385900733503492965e+00 4.329807534595530250e+00 2.827561402116434586e+00 4.919690180552256820e+00 3.867182626843927107e+00 1.516423850965950670e+00 4.568641286047233407e+00 8.323871518988953944e-02 6.237522113366814835e+00 5.107261905469783869e+00 4.374038955171996257e+00 2.370944636625722080e+00 5.587216694790731353e+00 2.341084195086962527e+00 1.191586704883682124e+00
4.385939819115204585e+00 4.329821075124954177e+00 2.827552967729440425e+00 4.919678531210187167e+00 3.867171570463277419e+00 1.516390085179323277e+00 4.568692002151217402e+00 8.327342682445591782e-02 6.237472104115600935e+00 5.107211045315417586e+00 4.374052495701420185e+00 2.370936202238727475e+00 5.587205045448662588e+00 2.341073138706313284e+00 1.191591185706363021e+00
4.385969804954922502e+00 4.329831463859260765e+00 2.827546498135754316e+00 4.919669594036393256e+00 3.867163088691363715e+00 1.516364178272217922e+00 4.568730912122996202e+00 8.330005813853175178e-02 6.237433736234452297e+00 5.107172024474536443e+00 4.374062884435726772e+00 2.370929732645041366e+00 5.587196108274868678e+00 2.341064656934399135e+00 1.191594623204823566e+00
4.385992806433807623e+00 4.329839433218926281e+00 2.827541536117376353e+00 4.919662738532727175e+00 3.867156582805786780e+00 1.516344304269943599e+00 4.568760759936991711e+00 8.332048709236535011e-02 6.237404304131376698e+00 5.107142091405784790e+00 4.374070853795392289e+00 2.370924770626663403e+00 5.587189252771202597e+00 2.341058151048822200e+00 1.191597259966516553e+00
4.386010448500753611e+00 4.329845545923793004e+00 2.827537730654979153e+00 4.919657480385025039e+00 3.867151592984351183e+00 1.516329060154673725e+00 4.568783653610974937e+00 8.333615642720704209e-02 6.237381729238848926e+00 5.107119132218397084e+00 4.374076966500259012e+00 2.370920965164266647e+00 5.587183994623500460e+00 2.341053161227387047e+00 1.191599282315047192e+00
4.386023978819036273e+00 4.329850234105891538e+00 2.827534812342860082e+00 4.919653447729693596e+00 3.867147766217948313e+00 1.516317368430728951e+00 4.568801211857515199e+00 8.334817401593143382e-02 6.237364415437187226e+00 5.107101523654832498e+00 4.374081654682357545e+00 2.370918046852147576e+00 5.587179961968170794e+00 2.341049334460983289e+00 1.191600833301350360e+00
4.386034355049174494e+00 4.329853829492853912e+00 2.827532574461516290e+00 4.919650355138490028e+00 3.867144831579258479e+00 1.516308401913808668e+00 4.568814677223816290e+00 8.335739028681080076e-02 6.237351137509184795e+00 5.107088019658398537e+00 4.374085250069317254e+00 2.370915808970803784e+00 5.587176869376971666e+00 2.341046399822293012e+00 1.191602022719303600e+00
4.386042312070082438e+00 4.329856586665065343e+00 2.827530858419904369e+00 4.919647983583016249e+00 3.867142581184432881e+00 1.516301525767099090e+00 4.568825003250737815e+00 8.336445787073770708e-02 6.237340955205724846e+00 5.107077663982850346e+00 4.374088007241528686e+00 2.370914092929191419e+00 5.587174497821496999e+00 2.341044149427467413e+00 1.191602934817324710e+00
4.386048413695537995e+00 4.329858700955158568e+00 2.827529542566792120e+00 4.919646165020508555e+00 3.867140855551045586e+00 1.516296252883306828e+00 4.568832921542543168e+00 8.336987750190864854e-02 6.237333147116264520e+00 5.107069722941053769e+00 4.374090121531621911e+00 2.370912777076079170e+00 5.587172679258990193e+00 2.341042423794080118e+00 1.191603634230136821e+00
4.386053092430359790e+00 4.329860322211853685e+00 2.827528533596333382e+00 4.919644770544516099e+00 3.867139532345204689e+00 1.516292209571482807e+00 4.568838993333971032e+00 8.337403330980516780e-02 6.237327159823388811e+00 5.107063633696228955e+00 4.374091742788317916e+00 2.370911768105619988e+00 5.587171284782999514e+00 2.341041100588240109e+00 1.191604170538027807e+00
4.386056680013652453e+00 4.329861565376521781e+00 2.827527759949187924e+00 4.919643701281503745e+00 3.867138517738111236e+00 1.516289109187295203e+00 4.568843649112252159e+00 8.337721993663266273e-02 6.237322568834526848e+00 5.107058964529850087e+00 4.374092985952986012e+00 2.370910994458474530e+00 5.587170215519987160e+00 2.341040085981146657e+00 1.191604581769171611e+00
