5.824823805190330717e+00 4.696680335362055203e+00 1.120032964898039829e+00 4.795893110590188968e+00 3.158084117497307997e+00 3.072837050223561572e+00 9.111882053840231199e-01 2.279285370302512881e+00 2.852572935949162947e+00 5.630261146135729255e+00 4.284208951585251945e+00 2.773202729609165029e+00 8.117582942245458177e-01 5.846262411374345547e+00 4.726823593975663762e+00
5.802925904077760322e+00 4.718733856876997201e+00 1.135128194479573471e+00 4.795420598732507145e+00 3.156086451619494415e+00 3.074326292853797327e+00 9.104903547498852667e-01 2.268732074102716822e+00 2.832159838172427335e+00 5.645477747082111364e+00 4.306262473100193944e+00 2.788297959190698894e+00 8.112857823668641055e-01 5.844264745496531965e+00 4.734943909916358606e+00
5.776337836551680205e+00 4.745340897489523257e+00 1.151190377800471953e+00 4.797066134008008298e+00 3.151954123193644097e+00 3.074939362053101810e+00 9.096870597290774851e-01 2.254354892764512286e+00 2.806959993176829649e+00 5.665344258597708738e+00 4.332869513712720000e+00 2.804360142511597598e+00 8.129313176423648146e-01 5.840132417070681647e+00 4.741882723545972844e+00
5.745467435810037493e+00 4.776068989072379978e+00 1.167545609456308364e+00 4.800968157016433757e+00 3.145867699677991070e+00 3.074324470549416599e+00 9.091916600062532883e-01 2.235641725409292846e+00 2.777195568678846538e+00 5.690007700743670682e+00 4.363597605295576720e+00 2.820715374167433787e+00 8.168333406507899408e-01 5.834045993555029064e+00 4.747108467667292331e+00
5.712032110181135103e+00 4.809184873602858623e+00 1.182969508951773552e+00 4.806822877513739378e+00 3.138616154687511539e+00 3.072161359671766512e+00 9.096173827556591762e-01 2.212916354169086830e+00 2.744385523538448002e+00 5.718512595810431698e+00 4.396713489826055365e+00 2.836139273662899196e+00 8.226880611480958949e-01 5.826794448564549533e+00 4.750291944114108489e+00
5.679078531040812727e+00 4.841642622876062063e+00 1.195864243852129194e+00 4.813799879928585490e+00 3.131556803445792347e+00 3.068304122199411843e+00 9.115859451936894065e-01 2.187743961102053714e+00 2.711437773611501623e+00 5.748580303116325396e+00 4.429171239099257917e+00 2.849034008563254616e+00 8.296650635629423398e-01 5.819735097322830342e+00 4.751566625681512335e+00
5.649867233670745392e+00 4.870205017609771758e+00 1.204966373175477390e+00 4.820786152741278308e+00 3.126086039826529106e+00 3.062926834639740470e+00 9.153799946540169818e-01 2.162556246094865742e+00 2.681610525782599286e+00 5.777328215919872001e+00 4.457733633832967612e+00 2.858136137886602590e+00 8.366513363756353794e-01 5.814264333703566656e+00 4.751599057701191064e+00
5.626268226063438682e+00 4.893045243130298871e+00 1.210067811217903300e+00 4.826888118070843170e+00 3.122927491531329647e+00 3.056519467125609513e+00 9.207368549417977999e-01 2.139493825535093041e+00 2.656915686758761108e+00 5.802613863339026068e+00 4.480573859353494726e+00 2.863237575929028278e+00 8.427533017052005748e-01 5.811105785408367197e+00 4.751248476443951319e+00
5.608297656504198869e+00 4.910198766886780142e+00 1.211946942007924743e+00 4.831735549567794052e+00 3.121946794392319813e+00 3.049693965723827560e+00 9.270243818718135742e-01 2.119594669004296161e+00 2.637578015823128563e+00 5.823694814277938114e+00 4.497727383109975996e+00 2.865116706719049500e+00 8.476007332021511242e-01 5.810125088269357363e+00 4.751109295130553356e+00
5.594927414631008844e+00 4.922741777093208704e+00 1.211714725132672088e+00 4.835380622853750587e+00 3.122544264726245800e+00 3.042972378634851705e+00 9.335833966232943704e-01 2.102939966185257248e+00 2.622757604916638563e+00 5.840834945164384173e+00 4.510270393316404558e+00 2.864884489843796622e+00 8.512458064881077702e-01 5.810722558603283794e+00 4.751381326735113042e+00
