5.891653965214094235e+00 4.074847603357652837e+00 3.426453612165166085e+00 5.839384141704262454e+00 4.213835734838496272e+00 2.269022696208700562e+00 3.858186756601176270e+00 5.118998023712896028e+00 6.020987134580113143e+00 2.631712518131511525e-01 3.976491429191039817e+00 4.274398689962079168e+00 5.629462193588240737e+00 1.881563779065971165e+00 4.503943478977092241e+00
6.009436418797250212e+00 1.438753235481576631e+00 7.674230490297993867e+00 9.028040369147683819e+00 7.072389228423896057e+00 1.953730103038986421e-01 9.490240633096775902e-01 5.377409626595092362e+00 8.191425189781449845e+00 2.754068968322136435e+00 1.340397061314964500e+00 8.522175568094903397e+00 8.818118421031666543e+00 4.740117272651374947e+00 7.681778561379342563e+00
6.138149430850743826e+00 1.573029940291545969e+00 7.723628873966259079e+00 8.964769439572199516e+00 7.169575122870823769e+00 1.912345584690663403e-01 9.681468199543250552e-01 5.296909474916106753e+00 8.315349518902703352e+00 2.828791492363569304e+00 1.474673766124934060e+00 8.571573951763168608e+00 8.754847491456182240e+00 4.837303167098301770e+00 7.563731532692314019e+00
6.028464576883993509e+00 1.467616772572443828e+00 7.637405904375446752e+00 8.962417348770136627e+00 7.099976165446772569e+00 1.948668306411886764e-01 9.604222333418118707e-01 5.337070958899638562e+00 8.240620886573681858e+00 2.788020722863850942e+00 1.369260598405831919e+00 8.485350982172356282e+00 8.752495400654119351e+00 4.767704209674250571e+00 7.654268143557509063e+00
6.270905367872471992e+00 1.720772130965169788e+00 7.752193446322442227e+00 8.837487751410934678e+00 7.259330658912193535e+00 1.809818180006724231e-01 9.994617811037740385e-01 5.224852221232220373e+00 8.467517497181152208e+00 2.951706333073057742e+00 1.622415956798557213e+00 8.600138524119351757e+00 8.627565803294919178e+00 4.927058703139671536e+00 7.457242020631427160e+00
6.328693553708124142e+00 1.782143841075482849e+00 7.772015008761933075e+00 8.796294123846106316e+00 7.308356982773955401e+00 1.806987871182971772e-01 9.898112411789095066e-01 5.205211733043218381e+00 8.496929431212828732e+00 2.974840522638709572e+00 1.683787666908870939e+00 8.619960086558840828e+00 8.586372175730090817e+00 4.976085027001435179e+00 7.402951153501183157e+00
6.391021751494679215e+00 1.830669710602429667e+00 7.826355046981690933e+00 8.762029123589499591e+00 7.295828797097548168e+00 1.850885831445795715e-01 9.118964178046891078e-01 5.240914091798180685e+00 8.571277703800110004e+00 3.040646421406494326e+00 1.732313536435817758e+00 8.674300124778598686e+00 8.552107175473484091e+00 4.963556841325028834e+00 7.410371556104885293e+00
5.417483123594243999e+00 8.910282109455234245e-01 6.612834419732880775e+00 8.503866675091549254e+00 7.241293613836089271e+00 1.374288783228149458e-01 8.309371501768181290e-01 5.374649755258881001e+00 7.556276571784890095e+00 2.204494035756122461e+00 7.926720367789086286e-01 7.460779497529788529e+00 8.293944726975544413e+00 4.909021658063569049e+00 7.567917747636424330e+00
5.426963038681788198e+00 9.064021394296916112e-01 6.635583046515438177e+00 8.562141563101105746e+00 7.270200530309508302e+00 1.784400587296548490e-01 8.003040114623102275e-01 5.344622665585562871e+00 7.562970697430079881e+00 2.199883864181076731e+00 8.080459652630768153e-01 7.483528124312345930e+00 8.352219614985100904e+00 4.937928574536988080e+00 7.510624230736318907e+00
5.437414476694106824e+00 9.168418285875529206e-01 6.631856139563373276e+00 8.560874685753839586e+00 7.261972111437645871e+00 1.719924407409792466e-01 8.129480755879047171e-01 5.349168007900490629e+00 7.560638938883452731e+00 2.203458158021366131e+00 8.184856544209379026e-01 7.479801217360280141e+00 8.350952737637834744e+00 4.929700155665124761e+00 7.515370022070535505e+00
