1.000000000000000000e+00 1.000000000000000000e+00 1.000000000000000000e+00 1.000000000000000000e+00 1.000000000000000000e+00 1.000000000000000000e+00 1.000000000000000000e+00 1.000000000000000000e+00 1.000000000000000000e+00 1.000000000000000000e+00 1.000000000000000000e+00 1.000000000000000000e+00 1.000000000000000000e+00 1.000000000000000000e+00 1.000000000000000000e+00
1.000000000000000000e+00 9.755963826581340870e-01 1.001025819715051224e+00 9.998807427069746900e-01 9.737599923106159405e-01 1.022190717548395966e+00 9.918959551008198483e-01 9.867987875406772913e-01 1.014655668875186434e+00 9.875150616704407858e-01 9.755963826581340870e-01 1.001025819715051224e+00 9.998807427069746900e-01 9.737599923106159405e-01 1.000000000000000000e+00
1.000000000000000000e+00 9.508174093918754233e-01 1.000361981478478324e+00 9.992902666648848520e-01 9.467512550770222912e-01 1.041290730098220818e+00 9.803491647894403416e-01 9.713280784144819879e-01 1.028282389505550842e+00 9.744121205041744727e-01 9.508174093918754233e-01 1.000361981478478324e+00 9.992902666648848520e-01 9.467512550770222912e-01 1.000000000000000000e+00
1.000000000000000000e+00 9.263045986864061332e-01 9.979642452412798015e-01 9.988994777488858778e-01 9.196719821983861953e-01 1.055899355178063326e+00 9.658129805660233824e-01 9.543595634202296507e-01 1.040111069502733576e+00 9.613851932608983297e-01 9.263045986864061332e-01 9.979642452412798015e-01 9.988994777488858778e-01 9.196719821983861953e-01 1.000000000000000000e+00
1.000000000000000000e+00 9.026777797091366518e-01 9.940555044082460823e-01 9.993275693158639728e-01 8.932321640024413201e-01 1.065139179351139109e+00 9.489671447803316173e-01 9.367737924688809281e-01 1.049422752228728495e+00 9.491200766802192490e-01 9.026777797091366518e-01 9.940555044082460823e-01 9.993275693158639728e-01 8.932321640024413201e-01 1.000000000000000000e+00
1.000000000000000000e+00 8.804089033509955309e-01 9.890874182680248206e-01 1.001003446539098229e+00 8.680059758264453418e-01 1.068857304685956855e+00 9.305719151914163545e-01 9.193766828640970168e-01 1.055708079488381079e+00 9.381540767277166681e-01 8.804089033509955309e-01 9.890874182680248206e-01 1.001003446539098229e+00 8.680059758264453418e-01 1.000000000000000000e+00
1.000000000000000000e+00 8.597570259525342262e-01 9.836227755352444646e-01 1.004111959466605031e+00 8.443478052287839430e-01 1.067566070450396420e+00 9.113221280744918662e-01 9.027725804465027704e-01 1.058743833163746428e+00 9.288022804187953119e-01 8.597570259525342262e-01 9.836227755352444646e-01 1.004111959466605031e+00 8.443478052287840541e-01 1.000000000000000000e+00
1.000000000000000000e+00 8.407790625262319129e-01 9.782035084131989189e-01 1.008628528598570773e+00 8.223940753463697684e-01 1.062192913698908336e+00 8.917612631109895771e-01 8.873333632190517628e-01 1.058568501713676335e+00 9.211677106857399933e-01 8.407790625262319129e-01 9.782035084131989189e-01 1.008628528598570773e+00 8.223940753463698794e-01 1.000000000000000000e+00
1.000000000000000000e+00 8.233860168767541676e-01 9.732607429238897545e-01 1.014395878460447209e+00 8.021192254284765788e-01 1.053797727987338284e+00 8.722642824206311429e-01 8.732377321337557730e-01 1.055400169182538317e+00 9.152011602168532711e-01 8.233860168767541676e-01 9.732607429238897545e-01 1.014395878460447209e+00 8.021192254284766898e-01 1.000000000000000000e+00
1.000000000000000000e+00 8.074062413979558039e-01 9.690816896723404295e-01 1.021196797096206810e+00 7.834021934362297435e-01 1.043370084386870289e+00 8.530625478216389279e-01 8.605335977022944283e-01 1.049549424584268253e+00 9.107676485641565955e-01 8.074062413979558039e-01 9.690816896723404295e-01 1.021196797096206810e+00 7.834021934362298545e-01 1.000000000000000000e+00
1.000000000000000000e+00 7.926345629382605118e-01 9.658180586201312590e-01 1.028803002831622626e+00 7.660785011894296614e-01 1.031730685879569620e+00 8.342819629123898739e-01 8.491928302156203090e-01 1.041354919070751395e+00 9.076965867502052587e-01 7.926345629382605118e-01 9.658180586201312590e-01 1.028803002831622626e+00 7.660785011894297725e-01 1.000000000000000000e+00
1.000000000000000000e+00 7.788634494567691080e-01 9.635142528715848753e-01 1.037000731921024599e+00 7.499729825589322996e-01 1.019509989401450989e+00 8.159783304229896173e-01 8.391490188594583621e-01 1.031145239270542691e+00 9.058122917689581666e-01 7.788634494567691080e-01 9.635142528715848753e-01 1.037000731921024599e+00 7.499729825589324106e-01 1.000000000000000000e+00
1.000000000000000000e+00 7.659001981781105028e-01 9.621396867411825538e-01 1.045600793226384662e+00 7.349174536489395670e-01 1.007167887548910734e+00 7.981648433035786194e-01 8.303201531920477718e-01 1.019220430216294382e+00 9.049498725254929710e-01 7.659001981781105028e-01 9.621396867411825538e-01 1.045600793226384662e+00 7.349174536489396781e-01 1.000000000000000000e+00
1.000000000000000000e+00 7.535751824436887070e-01 9.616172741217269282e-01 1.054440285321304405e+00 7.207590108108088423e-01 9.950282414974804812e-01 7.808317616035188591e-01 8.226209239987055666e-01 1.005845453991616623e+00 9.049622863894779545e-01 7.535751824436887070e-01 9.616172741217269282e-01 1.054440285321304405e+00 7.207590108108088423e-01 1.000000000000000000e+00
1.000000000000000000e+00 7.417448996657993732e-01 9.618454070251911681e-01 1.063380618439845771e+00 7.073631773252304633e-01 9.833139921426856667e-01 7.639597890891991483e-01 8.159686381988088266e-01 9.912499764623529108e-01 9.057226547487607915e-01 7.417448996657993732e-01 9.618454070251911681e-01 1.063380618439845771e+00 7.073631773252304633e-01 1.000000000000000000e+00
1.000000000000000000e+00 7.302921417589895992e-01 9.627134759264570629e-01 1.072304327923198519e+00 6.946144372606715134e-01 9.721768580842274909e-01 7.475287042212669375e-01 8.102854212367978093e-01 9.756310940697187073e-01 9.071242116371980302e-01 7.302921417589895992e-01 9.627134759264570629e-01 1.072304327923198519e+00 6.946144372606715134e-01 1.000000000000000000e+00
1.000000000000000000e+00 7.191246359796017451e-01 9.641120670885383603e-01 1.081111835978513236e+00 6.824155243187588482e-01 9.617201334033542715e-01 7.315225052444136455e-01 8.054983529355506100e-01 9.591571501424619450e-01 9.090791356283441926e-01 7.191246359796017451e-01 9.641120670885383603e-01 1.081111835978513236e+00 6.824155243187588482e-01 1.000000000000000000e+00
1.000000000000000000e+00 7.081729307614761382e-01 9.659391939910673130e-01 1.089718613725124463e+00 6.706861524324929658e-01 9.520151126875459058e-01 7.159320400759501268e-01 8.015385347773652525e-01 9.419716986891368826e-01 9.115168904291954810e-01 7.081729307614761382e-01 9.659391939910673130e-01 1.089718613725124463e+00 6.706861524324929658e-01 1.000000000000000000e+00
1.000000000000000000e+00 6.973879745088357174e-01 9.681037680833272097e-01 1.098052857642654034e+00 6.593615113467168332e-01 9.431123444013940205e-01 7.007558668053655015e-01 7.983397033542183330e-01 9.241971702644853348e-01 9.143823775591899405e-01 6.973879745088357174e-01 9.681037680833272097e-01 1.098052857642654034e+00 6.593615113467169442e-01 1.000000000000000000e+00
1.000000000000000000e+00 6.867386432218738346e-01 9.705272451764482833e-01 1.106053647538246087e+00 6.483906661529377224e-01 9.350489697086168395e-01 6.859999185631295848e-01 7.958367768263266973e-01 9.059380553460931740e-01 9.176340434852402472e-01 6.867386432218739456e-01 9.705272451764482833e-01 1.106053647538246087e+00 6.483906661529378335e-01 1.000000000000000000e+00
