4.869595016393209796e+00 3.540293034460760602e+00 4.098418381859799453e+00 3.231270936767776103e+00 2.037209795897608089e+00 3.083607528589329405e+00 8.282679288128373951e-01 2.630180763364069474e+00 2.742038055365938032e+00 3.719300294860307332e+00 2.982549256077309807e-01 8.029171196141461353e-01 3.776199186222486848e+00 3.295852323811874207e+00 3.445686941993171715e+00
4.858318119788266998e+00 3.551595371041614158e+00 4.103837950616058272e+00 3.227407394486363046e+00 2.036740986262975284e+00 3.088440012986568117e+00 8.244909995896583244e-01 2.619289036518582137e+00 2.736656363705937789e+00 3.725152917776473949e+00 3.095572621885846476e-01 8.083366883704050654e-01 3.772335643941073346e+00 3.295383514177241402e+00 3.440181861106485162e+00
4.845026774093290634e+00 3.564921349225731451e+00 4.109740348308212887e+00 3.223646317103114889e+00 2.035131159524700362e+00 3.095279266501242965e+00 8.191510684691204469e-01 2.605789514698162890e+00 2.729956086256746239e+00 3.732090044839029730e+00 3.228832403727019962e-01 8.142390860625595694e-01 3.768574566557825190e+00 3.293773687438966480e+00 3.434262735383895038e+00
4.829669529848442444e+00 3.580320317106099104e+00 4.115875345228118043e+00 3.220363152276641827e+00 2.031863229065170362e+00 3.104699863346198185e+00 8.118641612362308413e-01 2.589257453379078200e+00 2.721632264980168969e+00 3.740079487595122210e+00 3.382822082530695385e-01 8.203740829824650582e-01 3.765291401731351684e+00 3.290505756979436480e+00 3.428144701880593281e+00
4.812323087839851965e+00 3.597709799331666236e+00 4.121859324797761737e+00 3.218045351984221369e+00 2.026341526712770680e+00 3.117319911575763047e+00 8.022726669658319931e-01 2.569293318553656835e+00 2.711333729520378100e+00 3.748975359786035799e+00 3.556716904786365596e-01 8.263580625521089740e-01 3.762973601438931226e+00 3.284984054627036798e+00 3.422125230862207879e+00
4.793223091406666470e+00 3.616844090644598886e+00 4.127186658878711611e+00 3.217246859927716862e+00 2.017965373037053922e+00 3.133724444114084573e+00 7.901263440793041548e-01 2.545585285594189617e+00 2.698692134657592057e+00 3.758504021381107396e+00 3.748059817915688208e-01 8.316853966330591819e-01 3.762175109382426719e+00 3.276607900951320040e+00 3.416555951748490472e+00
4.772792722942121202e+00 3.637286966075265582e+00 4.131277939687227452e+00 3.218497859206872036e+00 2.006254173447881595e+00 3.154338390576774565e+00 7.753885252907880554e-01 2.518014433948629449e+00 2.683395222931871160e+00 3.768277530110482498e+00 3.952488572222351282e-01 8.357766774415752442e-01 3.763426108661581893e+00 3.264896701362147713e+00 3.411791397528233016e+00
4.751673438139118133e+00 3.658385336063206594e+00 4.133567618839603774e+00 3.222178225894381409e+00 1.991015080059331588e+00 3.179246548783242421e+00 7.583486037696653970e-01 2.486813655702016401e+00 2.665319598732862616e+00 3.777838863697161376e+00 4.163472272101761407e-01 8.380663565939519000e-01 3.767106475349091266e+00 3.249657607973597706e+00 3.408126728630508140e+00
4.730741884692198695e+00 3.679259523691861045e+00 4.133623606995413979e+00 3.228383444708030403e+00 1.972515752792951771e+00 3.207989669455363568e+00 7.396971995909079611e-01 2.452751160872918668e+00 2.644705388027197568e+00 3.786729682214083237e+00 4.372214148388304800e-01 8.381223447497615497e-01 3.773311694162740260e+00 3.231158280707217667e+00 3.405741308122857358e+00
4.711055854585136871e+00 3.698863886351170471e+00 4.131276276879327192e+00 3.236833918913711194e+00 1.951582927799286882e+00 3.239430965701309617e+00 7.204928528146801181e-01 2.417228630867061412e+00 2.622289383501986038e+00 3.794560821075114276e+00 4.568257774981398511e-01 8.357750146336749841e-01 3.781762168368421051e+00 3.210225455713552556e+00 3.404660586325509719e+00
