2.706420813269595715e+00 2.715557065214204702e+00 4.418841586398834842e+00 3.596501512225285691e+00 2.312801575906799023e+00 4.197479640831723202e+00 4.025667935866853675e+00 3.985364896105101806e+00 1.868363909345640117e+00 1.564724961439925899e+00 6.281887433460410897e+00 3.667314026275526828e+00 1.663454509451774532e+00 5.115094848591783538e+00 3.140854234037082193e+00
2.694660621976106007e+00 2.732799318646373710e+00 4.407226737451704679e+00 3.601237965770652583e+00 2.317257603049780901e+00 4.191363090183039652e+00 4.032791181009835135e+00 3.971294782482506225e+00 1.851363654356015687e+00 1.563454189423988616e+00 6.299129686892579016e+00 3.655699177328396221e+00 1.668190962997141424e+00 5.119550875734765860e+00 3.122788934574049158e+00
2.692989978421616026e+00 2.738624415837902948e+00 4.405405614388340219e+00 3.601939962842839016e+00 2.321276361034042779e+00 4.188603671019459185e+00 4.034797961816312117e+00 3.964991909381701429e+00 1.846481395404498294e+00 1.563202676553098192e+00 6.304954784084108255e+00 3.653878054265031761e+00 1.668892960069327858e+00 5.123569633719028182e+00 3.117589798932561163e+00
2.693817827148841548e+00 2.741098171467036160e+00 4.406044673939797818e+00 3.601624440483139011e+00 2.324705238624492853e+00 4.186998464832262457e+00 4.035400697843985363e+00 3.961257067292649037e+00 1.844993365828492493e+00 1.563199804610064358e+00 6.307428539713241022e+00 3.654517113816488472e+00 1.668577437709628297e+00 5.126998511309478701e+00 3.115995235959761356e+00
2.695094301640884371e+00 2.742520056905144887e+00 4.407149043342779571e+00 3.601120091633771114e+00 2.327576225783644759e+00 4.185853598806054343e+00 4.035620448036573826e+00 3.958557891379477667e+00 1.844446974396063199e+00 1.563246877546437430e+00 6.308850425151351082e+00 3.655621483219468004e+00 1.668073088860261066e+00 5.129869498468631051e+00 3.115403241339854912e+00
2.696309156811326879e+00 2.743533422103343167e+00 4.408217688467039430e+00 3.600636535852486553e+00 2.329966141884358688e+00 4.184954380686728648e+00 4.035730227543860238e+00 3.956423682755958016e+00 1.844178070291975668e+00 1.563298525699330810e+00 6.309863790349550250e+00 3.656690128343726531e+00 1.667589533078976949e+00 5.132259414569345424e+00 3.115108141581051981e+00
2.697357704727518346e+00 2.744331465372662482e+00 4.409144457030442332e+00 3.600217964061602771e+00 2.331952269205768147e+00 4.184222130772512926e+00 4.035803500182652215e+00 3.954679622672917283e+00 1.844004557106354136e+00 1.563345217534838127e+00 6.310661833618870453e+00 3.657616896907129433e+00 1.667170961288092723e+00 5.134245541890755327e+00 3.114916013950095763e+00
2.698238029451391462e+00 2.744983472698952820e+00 4.409923898092523054e+00 3.599866032750129730e+00 2.333602178273304961e+00 4.183618368081230443e+00 4.035860605411256685e+00 3.953238411341430059e+00 1.843874079604783445e+00 1.563385530871558515e+00 6.311313840945160791e+00 3.658396337969209267e+00 1.666819029976619904e+00 5.135895450958291697e+00 3.114770902626435856e+00
2.698971029711437541e+00 2.745522727755421055e+00 4.410573413574211621e+00 3.599572736326886790e+00 2.334972755328187155e+00 4.183118399961389677e+00 4.035907738575392756e+00 3.952043052369066611e+00 1.843769588176901619e+00 1.563419831019907669e+00 6.311853096001630803e+00 3.659045853450898278e+00 1.666525733553376298e+00 5.137266028013175223e+00 3.114654463553769403e+00
2.699579912158033501e+00 2.745970461825072206e+00 4.411113194550695837e+00 3.599328948643853998e+00 2.336111372785417029e+00 4.182703725704580044e+00 4.035947294334126134e+00 3.951050376088466987e+00 1.843684000202305162e+00 1.563448831560023011e+00 6.312300830071282398e+00 3.659585634427382050e+00 1.666281945870343284e+00 5.138404645470404652e+00 3.114558996723333362e+00
