5.551236311525759248e+00 3.659252680158106674e+00 1.911876885197916209e+00 3.528427416157861707e+00 5.327352776998396378e-01 5.058340569457378422e+00 4.538139635608256839e+00 3.195377331744297500e+00 2.999418328609791295e+00 2.540861689578685301e+00 8.644290294071554914e-01 5.996203021768882202e-01 8.573847554980543739e-01 3.986565831378714453e+00 3.202523337174240314e+00
5.571030568748551737e+00 3.692035327479918472e+00 1.883812136396184167e+00 3.557247871730725652e+00 5.073323622336427530e-01 5.033442777781592881e+00 4.551870878888475858e+00 3.167580596083405808e+00 3.020915717850196192e+00 2.511290664169430809e+00 8.972116767289675110e-01 5.715555533751561779e-01 8.862052110709183195e-01 3.961162915912517679e+00 3.214365541530418646e+00
5.581385133069365345e+00 3.716094811629988115e+00 1.861788402401806986e+00 3.579596634022131241e+00 4.867533825711854445e-01 5.014526939712020237e+00 4.557083218611803765e+00 3.150364399033082297e+00 3.037268859212313377e+00 2.491869203270154820e+00 9.212711608790368212e-01 5.495318193807788854e-01 9.085539733623236858e-01 3.940583936250060315e+00 3.223906463476426065e+00
5.584025160823533618e+00 3.731466572982253815e+00 1.846536213366643864e+00 3.594940462125542080e+00 4.720650740672215351e-01 5.001611154632892742e+00 4.556031201871047820e+00 3.142362102107955746e+00 3.049168317684606944e+00 2.481746167518475765e+00 9.366429222313019665e-01 5.342796303456154305e-01 9.238978014657345250e-01 3.925895627746096128e+00 3.229895123021475634e+00
5.582189294874766894e+00 3.740801393757543725e+00 1.836342546743472193e+00 3.605140781076108247e+00 4.619622053142598550e-01 4.992962448460756875e+00 4.551725491805170165e+00 3.140073018131796179e+00 3.058088903624102795e+00 2.477538855754696900e+00 9.459777430065920978e-01 5.240859637224436485e-01 9.340981204163005813e-01 3.915792758993134282e+00 3.232965824980578162e+00
5.578246960585055092e+00 3.746505126738133740e+00 1.829394995410423608e+00 3.612077321192407098e+00 4.548885364226544215e-01 4.986993795608279711e+00 4.546133775098901708e+00 3.140768002144999738e+00 3.065111972013096597e+00 2.476506096048905814e+00 9.516814759871820018e-01 5.171384123893951745e-01 9.410346605325993208e-01 3.908719090101528959e+00 3.234175048667877306e+00
5.573526724740516691e+00 3.750113370071065599e+00 1.824454341436160476e+00 3.617012890444753825e+00 4.497355621605466647e-01 4.982673189243056022e+00 4.540275235532972964e+00 3.142850313574390597e+00 3.070871575880967264e+00 2.477026523491551391e+00 9.552897193201137505e-01 5.121977584151320428e-01 9.459702297849461594e-01 3.903566115839421258e+00 3.234330811530044425e+00
5.568701068443851376e+00 3.752511678522507665e+00 1.820767179464492180e+00 3.620706733552627732e+00 4.458118252916413171e-01 4.979387182034370696e+00 4.534626392597680855e+00 3.145473224448756877e+00 3.075732032024580676e+00 2.478234424403828573e+00 9.576880277715564826e-01 5.085105964434640802e-01 9.496640728928208430e-01 3.899642378970521683e+00 3.233938154040044033e+00
5.564086007678846535e+00 3.754197342848300867e+00 1.817888260556047575e+00 3.623603581547270469e+00 4.426999939924520788e-01 4.976776492838434152e+00 4.529386450321527313e+00 3.148209621639287192e+00 3.079912870301526606e+00 2.479687962860768202e+00 9.593736920973496840e-01 5.056316775350193637e-01 9.525609208874641354e-01 3.896530547671332112e+00 3.233288038005753151e+00
5.559813056107627105e+00 3.755449323409532969e+00 1.815553553947963916e+00 3.625965068940986136e+00 4.401476033298847845e-01 4.974628211792279764e+00 4.524618202037629544e+00 3.150855438618211490e+00 3.083555642232878924e+00 2.481170536064633225e+00 9.606256726585816752e-01 5.032969709269357050e-01 9.549224082811800240e-01 3.893978157008764818e+00 3.232540287922912814e+00
