3.996591346303943193e-01 1.040466978410594434e+00 8.515358831937348827e-02 6.034698771984241539e+00 1.243113280966576251e-01 2.574578279084762222e+00 1.471686269139969472e+00 5.357308904060333887e+00 3.457432560478858274e+00 2.664524760927086788e+00 5.224872454350875550e+00 5.584978857013149778e+00 6.254123103613535406e+00 1.809740540292193112e+00 2.829424245133284277e+00
1.106728635095058366e-01 -2.655977795383830387e-01 3.788440236437540243e-01 1.118797826840773446e+00 9.147140353094489473e-01 4.182441125459535058e+00 3.157066851891577652e+00 8.916631832125883506e+00 7.719927464062484646e+00 2.204589880511277133e+00 3.918807696401898522e+00 5.878669292337530550e+00 1.338222158470071754e+00 2.600143247504984600e+00 3.599581721570140225e+00
1.247376712932525555e-01 -3.127252885999868282e-01 4.271361812602819663e-01 1.165743473310782541e+00 1.002777598452055718e+00 4.189635995118176304e+00 3.212669613127682400e+00 8.977737353626457306e+00 7.694884981440824667e+00 2.196676170116729221e+00 3.871680187340294843e+00 5.926961449954058381e+00 1.385167804940080849e+00 2.688206810647591372e+00 3.581117422322915189e+00
3.415683237301471442e-02 -6.393609918250922064e-01 7.881553177745638239e-01 1.111318879525819980e+00 1.715361262296888345e+00 4.129216590940650633e+00 3.497691336262790607e+00 9.171879621282002404e+00 7.377377626081499606e+00 2.004592857315402377e+00 3.545044484115189132e+00 6.287980586468340682e+00 1.330743211155119399e+00 3.400790474492424664e+00 3.631073656750812617e+00
-4.122356327677080934e+00 -1.118217711220684141e+00 2.387308061414819438e+00 7.928291216668745811e+00 1.495175719727814645e+01 5.093157910128603305e+00 1.822537328968400150e+00 -2.008395924587119907e+00 -5.104893154028672164e+00 3.841279794738754028e+00 3.066187764719600750e+00 7.887133330108596851e+00 8.147715548298045007e+00 1.663718640947368499e+01 8.749477183818285653e+00
-4.203229397943652579e+00 -1.203600159297416816e+00 2.431079538711443888e+00 7.790344886631697108e+00 1.490481604647561475e+01 5.121474295489874429e+00 1.874652712482159478e+00 -1.822489627912843080e+00 -5.187962864129676888e+00 3.811264870683156225e+00 2.980805316642868519e+00 7.930904807405220858e+00 8.009769218260997192e+00 1.659024525867115329e+01 8.832030849345555268e+00
-4.189914221097511771e+00 -1.234954389233391847e+00 2.443320398822788064e+00 7.814920062572007886e+00 1.488017809596974672e+01 5.177278418695032691e+00 1.852924864691999129e+00 -1.834314209090386560e+00 -5.182039659351051597e+00 3.814216818463182168e+00 2.949451086706893044e+00 7.943145667516564146e+00 8.034344394201308859e+00 1.656560730816528348e+01 8.807903782089834266e+00
-4.194523146912239930e+00 -1.248015567723550934e+00 2.457440713037751578e+00 7.818493998394504985e+00 1.486690317042643628e+01 5.194751476469056328e+00 1.851279616847141929e+00 -1.832270850330770529e+00 -5.183060580773059201e+00 3.813336295702010936e+00 2.936389908216733957e+00 7.957265981731527660e+00 8.037918330023805069e+00 1.655233238262197304e+01 8.817071880922062732e+00
-4.222110103462575204e+00 -1.207932541791546743e+00 2.449822406228026939e+00 7.806475035896315084e+00 1.487219790544978437e+01 5.134054445714837378e+00 1.891566887661206176e+00 -1.828660770454350715e+00 -5.180200745839290910e+00 3.816240697101991319e+00 2.976472934148738148e+00 7.949647674921802576e+00 8.025899367525616057e+00 1.655762711764532114e+01 8.864616478378563258e+00
-4.219053093619499428e+00 -1.239830882695667880e+00 2.467169045758802248e+00 7.827372721084837615e+00 1.485408723290015232e+01 5.183282872360110538e+00 1.875666605731462599e+00 -1.834784577923582960e+00 -5.176697798254204841e+00 3.819597872162110441e+00 2.944574593244615457e+00 7.966994314452580106e+00 8.046797052714138587e+00 1.653951644509568908e+01 8.856562198781704254e+00
-4.069901320084103880e+00 -1.656358953953215973e+00 2.640101994572845445e+00 7.969283990859733713e+00 1.476922815550994450e+01 5.800055138895918283e+00 1.537192756096328772e+00 -1.857972552283284839e+00 -5.176833700038443453e+00 3.819911972005816558e+00 2.528046521987066697e+00 8.139927263266622859e+00 8.188708322489034686e+00 1.645465736770547949e+01 8.622342482494108395e+00
-3.228889524210957518e+01 2.947484734035857628e+02 -8.050255350849793956e+01 2.138443825440308217e+02 -2.180431824814395725e+02 -1.998005350588495901e+02 2.821653541852417675e+02 -3.316351305983520774e+02 -8.484243103335670355e+01 3.959808306725228988e+01 2.989328788795254468e+02 -7.500272823980482428e+01 2.140638068756608732e+02 -2.163577532692447107e+02 -4.259464517006915685e+01
-3.230741241469144143e+01 2.948794644630579569e+02 -8.045281593968796585e+01 2.137803754120657516e+02 -2.179780327037697987e+02 -1.997470874100799847e+02 2.821059846220421718e+02 -3.316278290795302155e+02 -8.484721727936511115e+01 3.964112316242814416e+01 2.990638699389976409e+02 -7.495299067099485057e+01 2.139997997436958030e+02 -2.162926034915749369e+02 -4.260959059411970173e+01
-3.230281456511279714e+01 2.948970059342311743e+02 -8.043461659038557343e+01 2.137603059639989169e+02 -2.179586331265789170e+02 -1.997221594793850556e+02 2.820817772054176089e+02 -3.316343428016617736e+02 -8.484022272845058410e+01 3.966264492609826675e+01 2.990814114101708583e+02 -7.493479132169245815e+01 2.139797302956289684e+02 -2.162732039143840552e+02 -4.260466928161512357e+01
-3.224919289347037221e+01 2.947433473608484746e+02 -8.056661751635273561e+01 2.138048874732755849e+02 -2.180060747766676457e+02 -1.997324489023817193e+02 2.820987596282305390e+02 -3.317501318530811432e+02 -8.493064897322804541e+01 3.960664307292976360e+01 2.989277528367881587e+02 -7.506679224765962033e+01 2.140243118049056363e+02 -2.163206455644727555e+02 -4.258048479369925587e+01
-3.216321426711702713e+01 2.943808454423495391e+02 -8.077714595510926188e+01 2.138965383700100347e+02 -2.181183765704129200e+02 -1.996911336245600239e+02 2.820692513987701204e+02 -3.318714001406837042e+02 -8.493997722368840186e+01 3.954207504847708066e+01 2.985652509182892231e+02 -7.527732068641614660e+01 2.141159627016400862e+02 -2.164329473582180299e+02 -4.250674733311988973e+01
-3.214419530044801832e+01 2.943991704027087621e+02 -8.078013963937625874e+01 2.139069112943586219e+02 -2.181287681814363282e+02 -1.996952118035520130e+02 2.820858324151956822e+02 -3.318727856349854051e+02 -8.496861469750668050e+01 3.953013175834567505e+01 2.985835758786484462e+02 -7.528031437068314347e+01 2.141263356259886734e+02 -2.164433389692414380e+02 -4.249624996178429370e+01
-3.213138478804405196e+01 2.945903135856285076e+02 -8.079824491499832106e+01 2.138430867591573019e+02 -2.180756821914347086e+02 -1.998849254919053351e+02 2.822198800615296364e+02 -3.317046577061579455e+02 -8.526620715867665012e+01 3.946830197611561175e+01 2.987747190615682484e+02 -7.529841964630520579e+01 2.140625110907873818e+02 -2.163902529792398184e+02 -4.255226205006132290e+01
-3.210291470184464657e+01 2.945967334007772251e+02 -8.080433728664013415e+01 2.138657133981836012e+02 -2.180957543915460803e+02 -1.998853973897787171e+02 2.822305448122227176e+02 -3.317183509089511517e+02 -8.528025066838371515e+01 3.944980659086534303e+01 2.987811388767169660e+02 -7.530451201794701888e+01 2.140851377298136811e+02 -2.164103251793511902e+02 -4.254017113099252612e+01
-3.207476142530589414e+01 2.946093354267470090e+02 -8.081021468754801163e+01 2.138878720213925817e+02 -2.181139374157511952e+02 -1.999058394231489899e+02 2.822607008131687394e+02 -3.317248633716355926e+02 -8.531884017572394896e+01 3.942275500660222320e+01 2.987937409026867499e+02 -7.531038941885489635e+01 2.141072963530226616e+02 -2.164285082035563050e+02 -4.253383102811088179e+01
-3.204257815242607421e+01 2.946838152733355969e+02 -8.081445056023149220e+01 2.138962611389912922e+02 -2.181352702488398450e+02 -2.000621453448229090e+02 2.824052771030542317e+02 -3.316779599413374626e+02 -8.553374383089155231e+01 3.934606249123867627e+01 2.988682207492753378e+02 -7.531462529153837693e+01 2.141156854706213721e+02 -2.164498410366449548e+02 -4.254774295819519381e+01
-3.203215041311780453e+01 2.946737542524868445e+02 -8.082676891204822311e+01 2.139131464024682430e+02 -2.181391563071306905e+02 -2.000660222998063205e+02 2.824141070340821784e+02 -3.316817583103955940e+02 -8.553568292140820972e+01 3.932806514568513023e+01 2.988581597284265854e+02 -7.532694364335510784e+01 2.141325707340983229e+02 -2.164537270949358003e+02 -4.254618183407855270e+01
-3.203184273729746678e+01 2.946250320352559129e+02 -8.084677039221112693e+01 2.139535374104624736e+02 -2.181339850562080471e+02 -1.999672846485388789e+02 2.823460347065831684e+02 -3.317384723350108970e+02 -8.540703572468660809e+01 3.936787663717547758e+01 2.988094375111956538e+02 -7.534694512351801166e+01 2.141729617420925535e+02 -2.164485558440131854e+02 -4.254050869710637528e+01
-3.201833882433764700e+01 2.946187617172540740e+02 -8.085912132393210072e+01 2.139674679012029230e+02 -2.181392280123476439e+02 -1.999805457024966415e+02 2.823638870929919449e+02 -3.317343910216006861e+02 -8.542212954487887089e+01 3.934460187025604228e+01 2.988031671931938149e+02 -7.535929605523898545e+01 2.141868922328330029e+02 -2.164537988001527822e+02 -4.253935193509803270e+01
-3.203118698457404889e+01 2.945418883510603223e+02 -8.086460614148296600e+01 2.140256735045582559e+02 -2.181302568510124900e+02 -1.998003909443268640e+02 2.822568176521282339e+02 -3.318937077280160111e+02 -8.520404368399455564e+01 3.942338300498092707e+01 2.987262938270000632e+02 -7.536478087278985072e+01 2.142450978361883358e+02 -2.164448276388176566e+02 -4.253071202707374709e+01
-3.201415487492869971e+01 2.945365530679939639e+02 -8.088291279937124045e+01 2.140328832208906533e+02 -2.181337238090121105e+02 -1.998252393001177438e+02 2.822826211767632003e+02 -3.318719172886034130e+02 -8.523396792235064368e+01 3.939453791837365770e+01 2.987209585439337047e+02 -7.538308753067812518e+01 2.142523075525207332e+02 -2.164482945968172771e+02 -4.252969847942088677e+01
-3.200389985661068692e+01 2.945191588425385589e+02 -8.089185012813645415e+01 2.140462297513144563e+02 -2.181334746608692399e+02 -1.998136211405891913e+02 2.822893994617735416e+02 -3.318866855336440267e+02 -8.522009239418363791e+01 3.937984540738379735e+01 2.987035643184782998e+02 -7.539202485944333887e+01 2.142656540829445362e+02 -2.164480454486744065e+02 -4.252821414361142160e+01
-3.197060011064111151e+01 2.945456705937513107e+02 -8.092827694354120638e+01 2.140339871432964571e+02 -2.181429826811603050e+02 -1.999368865326216849e+02 2.823595711304540146e+02 -3.317514597404276628e+02 -8.536464254970296395e+01 3.931234245709386954e+01 2.987300760696910515e+02 -7.542845167484809110e+01 2.142534114749265086e+02 -2.164575534689655001e+02 -4.253009352320613345e+01
-3.195932359979541104e+01 2.945470754821989772e+02 -8.093277966242419552e+01 2.140393982813034199e+02 -2.181452828974011027e+02 -1.999538061094521595e+02 2.823747565449156127e+02 -3.317324476062771623e+02 -8.538231248587915445e+01 3.929085577488604741e+01 2.987314809581387181e+02 -7.543295439373108024e+01 2.142588226129334714e+02 -2.164598536852062978e+02 -4.253051074416292465e+01
-3.194816499302779889e+01 2.945532651269024882e+02 -8.093287324621046253e+01 2.140411030678369855e+02 -2.181457148433102873e+02 -1.999765313874311232e+02 2.823889908601143475e+02 -3.317029904759511396e+02 -8.540368856695437216e+01 3.926477102583571366e+01 2.987376706028422291e+02 -7.543304797751734725e+01 2.142605273994670370e+02 -2.164602856311154824e+02 -4.253110028866974801e+01
