6.216762704826893859e+00 3.373050212453990948e+00 5.194077492357108028e+00 2.834650803532904995e+00 1.049771864400141919e+00 2.639490529130847918e-01 5.045209242148433582e+00 6.250259606182634542e+00 1.129256342902474675e+00 8.598269611432173276e-01 5.621565984374825575e+00 1.019458779214706068e+00 2.910637572290564190e+00 2.666147602133815742e+00 3.342801791086732255e+00
6.221065276026540580e+00 3.378122058738316280e+00 5.197596796131088936e+00 2.838029260137701293e+00 1.054983716576105790e+00 2.641831884009462894e-01 5.044047581942213476e+00 6.249389556667134471e+00 1.130729661189818325e+00 8.578982310649356791e-01 5.626637830659150019e+00 1.022978082988686976e+00 2.914016028895360488e+00 2.671359454309778947e+00 3.346406465009387876e+00
6.226820718482208861e+00 3.384475492993018531e+00 5.200840606020966206e+00 2.841080669645980716e+00 1.060954086715747646e+00 2.643731967665522986e-01 5.043284465738357092e+00 6.248978483352213509e+00 1.133285506787238051e+00 8.554570775782074366e-01 5.632991264913852270e+00 1.026221892878564468e+00 2.917067438403639912e+00 2.677329824449421025e+00 3.349598234102551864e+00
6.234366093615385296e+00 3.392421586058087524e+00 5.203782805096500041e+00 2.843768152139305450e+00 1.067923375656212759e+00 2.645163327973926726e-01 5.042964079282266532e+00 6.249073196206917480e+00 1.137123688292871471e+00 8.524467172280022487e-01 5.640937357978922151e+00 1.029164091954097859e+00 2.919754920896964201e+00 2.684299113389886138e+00 3.352358278411065928e+00
6.244102616712713605e+00 3.402326972868065180e+00 5.206376314309519415e+00 2.846034041279198235e+00 1.076179316635302197e+00 2.646111754529933968e-01 5.043132727802672299e+00 6.249722833926292687e+00 1.142477012555142446e+00 8.488211518323666160e-01 5.650842744788899807e+00 1.031757601167117677e+00 2.922020810036856542e+00 2.692555054368975576e+00 3.354662893275980551e+00
6.256492042665957598e+00 3.414607866258110302e+00 5.208541931814170134e+00 2.847790375468477908e+00 1.086056136069908362e+00 2.646594217189504605e-01 5.043831927755146438e+00 6.250972615121354714e+00 1.149605848880206116e+00 8.445622539512915861e-01 5.663123638178940489e+00 1.033923218671768396e+00 2.923777144226140212e+00 2.702431873803580409e+00 3.356483333818375492e+00
6.272036818408755821e+00 3.429708515391297841e+00 5.210155575789297444e+00 2.848908778106943096e+00 1.097924533914514278e+00 2.646693344702054085e-01 5.045083733078634225e+00 6.252850890587041910e+00 1.158780725492902119e+00 8.397071047290374235e-01 5.678224287312128027e+00 1.035536862646895706e+00 2.924895546864605400e+00 2.714300271648186325e+00 3.357789024438162517e+00
6.291231717475428198e+00 3.448053348122331219e+00 5.211037440551579358e+00 2.849213236837717211e+00 1.112164892009766648e+00 2.646615912078651434e-01 5.046864405919427199e+00 6.255346422973619092e+00 1.170245131458207188e+00 8.343868249627001132e-01 5.696569120043161405e+00 1.036418727409177398e+00 2.925200005595379515e+00 2.728540629743438473e+00 3.358557040793637594e+00
6.314472227417807559e+00 3.469960804581369462e+00 5.210951771366080898e+00 2.848483795569563881e+00 1.129113873557575642e+00 2.646777052523247020e-01 5.049064328786075251e+00 6.258374485563159340e+00 1.184150449510955161e+00 8.288719159676450898e-01 5.718476576502199649e+00 1.036333058223679160e+00 2.924470564327226185e+00 2.745489611291247467e+00 3.358791502766686143e+00
6.341910516842124146e+00 3.495513512016596991e+00 5.209633114687578725e+00 2.846485025895869381e+00 1.148976053694600541e+00 2.647889800826543905e-01 5.051440307821128961e+00 6.261737210220117866e+00 1.200461548029421621e+00 8.236049801289836436e-01 5.744029283937427621e+00 1.035014401545177432e+00 2.922471794653531685e+00 2.765351791428272143e+00 3.358554659972846856e+00
