2.129642397857439917e+00 4.739523666161803206e+00 3.400130105760533206e-01 4.917377183018215803e+00 3.044934921673563277e+00 3.105394314128520517e+00 1.654660348524227054e+00 3.827046099142613844e+00 4.844029935381172436e+00 4.911976493390571186e+00 2.387752007456489078e+00 6.143403646373854166e+00 4.383952779331130145e+00 1.869168753163855667e+00 5.587800452940997253e+00
2.095418222903751015e+00 4.773762152941339210e+00 3.385022415501193205e-01 4.939668937500504065e+00 3.071392249512266748e+00 3.107017351846548703e+00 1.655571081034455050e+00 3.834747294776019721e+00 4.833324464252446440e+00 4.928429945934206025e+00 2.421990494236025526e+00 6.141892877347919999e+00 4.406244533813418407e+00 1.895626081002559138e+00 5.579038044216516390e+00
2.053937626264538352e+00 4.815262226472383666e+00 3.368264497149203174e-01 4.966811494228384305e+00 3.103677509574829685e+00 3.109230191164937374e+00 1.656802822950689258e+00 3.844087841271163430e+00 4.821645252907226897e+00 4.948151691279371711e+00 2.463490567767069983e+00 6.140217085512721162e+00 4.433387090541298647e+00 1.927911341065122297e+00 5.569157231798151031e+00
2.010658021872114176e+00 4.858580603596630354e+00 3.358613685772748880e-01 4.994764960604308968e+00 3.137792953805948581e+00 3.112849383535536862e+00 1.659189012812708919e+00 3.854789388243113901e+00 4.810172119404769298e+00 4.967698796836551800e+00 2.506808944891316671e+00 6.139252004375076233e+00 4.461340556917223310e+00 1.962026785296240972e+00 5.559095204480794195e+00
1.973921791905777878e+00 4.895376410049781413e+00 3.367522689378981693e-01 5.017372399872595423e+00 3.167690900154469968e+00 3.118376217980067366e+00 1.663146686636482574e+00 3.865735833263681531e+00 4.800092236179812843e+00 4.982207324795722592e+00 2.543604751344468173e+00 6.140142904735699680e+00 4.483947996185509766e+00 1.991924731644762137e+00 5.550383531897628231e+00
1.948309868738498540e+00 4.921049900676085720e+00 3.397413392796906351e-01 5.031444858671775044e+00 3.189960313881925469e+00 3.125291983906376192e+00 1.668089324817823460e+00 3.875602632983671469e+00 4.791816046517922700e+00 4.989599994890196122e+00 2.569278241970773369e+00 6.143131975077493756e+00 4.498020454984690275e+00 2.014194145372218081e+00 5.544055223023272028e+00
1.932324295421956384e+00 4.937080100719526854e+00 3.439892594811118087e-01 5.038471882440433092e+00 3.205379656460320970e+00 3.132525024777585543e+00 1.673098742939663985e+00 3.883789665275002800e+00 4.785150434973133748e+00 4.991584661909245213e+00 2.585308442014214503e+00 6.147379895278914930e+00 4.505047478753348322e+00 2.029613487950613582e+00 5.539979604799113666e+00
1.922568133179644700e+00 4.946859077192954146e+00 3.485583972937509323e-01 5.041281262445783895e+00 3.216088608586709086e+00 3.139295585056918636e+00 1.677639957307638374e+00 3.890361548444997819e+00 4.779788513143301110e+00 4.990672782276827313e+00 2.595087418487641351e+00 6.151949033091554497e+00 4.507856858758699126e+00 2.040322440077001698e+00 5.537487477379521295e+00
1.916458516873696283e+00 4.952973712380186910e+00 3.528926871802955390e-01 5.041929820110221172e+00 3.223775303366307465e+00 3.145267522461654863e+00 1.681546036663766897e+00 3.895601953031111897e+00 4.775464914396202687e+00 4.988547198959961904e+00 2.601202053674874115e+00 6.156283322978099548e+00 4.508505416423136403e+00 2.048009134856600078e+00 5.535976684730369080e+00
1.912455238165999161e+00 4.956970205937198060e+00 3.567558534511757751e-01 5.041580110931009884e+00 3.229496611232657521e+00 3.150374185719892584e+00 1.684825237563373435e+00 3.899795056569328899e+00 4.771965449784283386e+00 4.986086851814145682e+00 2.605198547231885708e+00 6.160146489248980117e+00 4.508155707243926003e+00 2.053730442722950578e+00 5.535046388400876261e+00
1.909696985845293682e+00 4.959714933202755027e+00 3.600886291370222758e-01 5.040829991771136775e+00 3.233888115177897760e+00 3.154671317340655534e+00 1.687548093718640896e+00 3.903172102161205359e+00 4.769120093825008233e+00 4.983696681839099085e+00 2.607943274497442232e+00 6.163479264934826674e+00 4.507405588084052894e+00 2.058121946668190816e+00 5.534455472996159031e+00
1.907704731439819890e+00 4.961690480447972895e+00 3.629141554771096456e-01 5.039970466805421268e+00 3.237339786894585458e+00 3.158258389434001057e+00 1.689799038809979725e+00 3.905910772412350074e+00 4.766795480024809351e+00 4.981539166552218845e+00 2.609918821742661432e+00 6.166304791274909824e+00 4.506546063118338274e+00 2.061573618384878959e+00 5.534064416730632985e+00
1.906207117841635323e+00 4.963170469764213166e+00 3.652877375816024341e-01 5.039134704163882539e+00 3.240100717076802805e+00 3.161242111816560563e+00 1.691657934481453518e+00 3.908145844604724140e+00 4.764887593872979998e+00 4.979660865850523699e+00 2.611398811058902147e+00 6.168678373379402835e+00 4.505710300476800434e+00 2.064334548567095862e+00 5.533793571673546907e+00
1.905045479905456363e+00 4.964314903487991870e+00 3.672726087083668656e-01 5.038377202892228901e+00 3.242337428029532287e+00 3.163721300027605210e+00 1.693194134535016770e+00 3.909979904800225725e+00 4.763315261659048616e+00 4.978056439417682277e+00 2.612543244782680851e+00 6.170663244506167544e+00 4.504952799205146796e+00 2.066571259519825343e+00 5.533597437839561373e+00
1.904123169612569777e+00 4.965221154493936417e+00 3.689292389656740889e-01 5.037714496345492954e+00 3.244166251141258339e+00 3.165781824645847564e+00 1.694465610250280641e+00 3.911491800518718698e+00 4.762014817155763247e+00 4.976699810053266226e+00 2.613449495788625399e+00 6.172319874763474878e+00 4.504290092658410849e+00 2.068400082631551395e+00 5.533449713339546605e+00
1.903378488090222254e+00 4.965951262404786348e+00 3.703112956225616537e-01 5.037145683876172342e+00 3.245671675032773873e+00 3.167496028339944480e+00 1.695519960606653331e+00 3.912742844661224240e+00 4.760935961711208364e+00 4.975558799432027612e+00 2.614179603699475329e+00 6.173701931420362499e+00 4.503721280189090237e+00 2.069905506523066929e+00 5.533334851782325536e+00
1.902770068903118617e+00 4.966546703021651687e+00 3.714646992696494787e-01 5.036662597771673688e+00 3.246917074301061579e+00 3.168923924842153461e+00 1.696395968354563522e+00 3.913781269120800044e+00 4.760038638968793201e+00 4.974601638394048564e+00 2.614775044316340669e+00 6.174855335067450213e+00 4.503238194084591584e+00 2.071150905791354635e+00 5.533243362757510830e+00
1.902268844280402327e+00 4.967036520101621555e+00 3.724280117280353575e-01 5.036254708216141296e+00 3.247951222549746664e+00 3.170114945676745233e+00 1.697125161710680175e+00 3.914645417935364691e+00 4.759290699821005610e+00 4.973799565972552017e+00 2.615264861396310980e+00 6.175818647525836091e+00 4.502830304529059191e+00 2.072185054040039720e+00 5.533169211106241825e+00
1.901853522549461273e+00 4.967441909161671276e+00 3.732333111037970386e-01 5.035911386439548387e+00 3.248812410309501519e+00 3.171109701944425652e+00 1.697733189443204393e+00 3.915366056810857920e+00 4.758666156912776835e+00 4.973127601170535428e+00 2.615670250456360257e+00 6.176623946901597328e+00 4.502486982752466282e+00 2.073046241799794576e+00 5.533108376625515135e+00
1.901507963896353015e+00 4.967778879168704087e+00 3.739071683857306261e-01 5.035622861122983629e+00 3.249531158163073474e+00 3.171941557955586521e+00 1.698240964629361249e+00 3.915968066077306631e+00 4.758143871080653398e+00 4.972564504897234450e+00 2.616007220463392624e+00 6.177297804183530694e+00 4.502198457435900636e+00 2.073764989653366531e+00 5.533058050941131789e+00
1.901219601177129404e+00 4.968059854106390283e+00 3.744715634371834634e-01 5.035380543695654687e+00 3.250132076053303898e+00 3.172637961998812095e+00 1.698665590386179813e+00 3.916471700586097171e+00 4.757706553095509605e+00 4.972092420048230821e+00 2.616288195401080152e+00 6.177862199234983365e+00 4.501956140008572582e+00 2.074365907543596954e+00 5.533016183626295437e+00
1.900978449451151686e+00 4.968294676392990716e+00 3.749446836470859967e-01 5.035177061418289135e+00 3.250635183702259567e+00 3.173221541780435917e+00 1.699021099678132973e+00 3.916893541636441434e+00 4.757339996647574232e+00 4.971696416966339349e+00 2.616523017687680142e+00 6.178335319444886231e+00 4.501752657731207030e+00 2.074869015192553068e+00 5.532981220296171898e+00
1.900776456738421105e+00 4.968491263239505074e+00 3.753415958368266359e-01 5.035006165895363317e+00 3.251056877736098638e+00 3.173710994401565344e+00 1.699319043752345326e+00 3.917247226541074046e+00 4.757032482493300130e+00 4.971364044479483546e+00 2.616719604534194943e+00 6.178732231634627148e+00 4.501581762208281212e+00 2.075290709226392138e+00 5.532951947036457874e+00
1.900607059367562801e+00 4.968656054845597581e+00 3.756748013916779150e-01 5.034862598031214276e+00 3.251410658591354252e+00 3.174121805444352962e+00 1.699568960098664538e+00 3.917544015052600415e+00 4.756774310742298617e+00 4.971084925910782104e+00 2.616884396140287450e+00 6.179065437189477983e+00 4.501438194344132171e+00 2.075644490081648197e+00 5.532927394505802177e+00
1.900464864809583654e+00 4.968794332958661464e+00 3.759546909297221684e-01 5.034741946993499973e+00 3.251707688533943763e+00 3.174466829324511075e+00 1.699778745521342671e+00 3.917793234204700603e+00 4.756557430239443995e+00 4.970850411258204815e+00 2.617022674253350889e+00 6.179345326727522014e+00 4.501317543306417868e+00 2.075941520024238152e+00 5.532906776188791120e+00
1.900345417306885443e+00 4.968910455374771828e+00 3.761899154231501119e-01 5.034640519256027069e+00 3.251957227385860794e+00 3.174756758323386219e+00 1.699954954732659784e+00 3.918002631190205864e+00 4.756375142396530364e+00 4.970653284411959305e+00 2.617138796669461698e+00 6.179580551220950291e+00 4.501216115568944964e+00 2.076191058876155182e+00 5.532889446727662808e+00
1.900245019563332471e+00 4.969008033668754543e+00 3.763876890215381854e-01 5.034555223412842118e+00 3.252166977434715722e+00 3.175000502704460548e+00 1.700103040447539904e+00 3.918178655735167215e+00 4.756221862752030738e+00 4.970487519522428954e+00 2.617236374963444412e+00 6.179778324819338309e+00 4.501130819725760013e+00 2.076400808925010111e+00 5.532874872476279293e+00
1.900160593919254071e+00 4.969090071071373238e+00 3.765540364923083971e-01 5.034483471647956065e+00 3.252343359458179428e+00 3.175205499838495982e+00 1.700227547383210025e+00 3.918326687759768667e+00 4.756092927756180977e+00 4.970348079366933902e+00 2.617318412366063551e+00 6.179944672290108798e+00 4.501059067960873961e+00 2.076577190948473817e+00 5.532862609808884002e+00
1.900089572328728549e+00 4.969159071385066184e+00 3.766939958782813958e-01 5.034423096691262423e+00 3.252491735576366949e+00 3.175377966531022000e+00 1.700332269769617266e+00 3.918451222118567223e+00 4.755984437317773761e+00 4.970230748805792409e+00 2.617387412679756942e+00 6.180084631676082019e+00 4.500998693004180318e+00 2.076725567066661338e+00 5.532852288578752997e+00
1.900029807978385499e+00 4.969217126223768766e+00 3.768117849344178039e-01 5.034372282364571127e+00 3.252616590465863933e+00 3.175523105750044817e+00 1.700420379819332029e+00 3.918556019347489983e+00 4.755893125865812365e+00 4.970131997223981912e+00 2.617445467518459967e+00 6.180202420732218371e+00 4.500947878677489022e+00 2.076850421956158321e+00 5.532843599157908798e+00
