3.127680585694739612e+00 9.282686186300179720e-01 5.236831396388416771e+00 5.413825553892885445e+00 4.805901427292004202e-01 2.177433676959100062e+00 4.337889887124523725e+00 2.594921586771031574e+00 5.106100930253763437e+00 5.240653810463725470e+00 4.803269109692925198e+00 6.076678567347320481e+00 1.927157078267081713e+00 1.546003545419536718e-01 4.704391889755456191e+00
3.124350581995264164e+00 9.337327420570523673e-01 5.234654742409109218e+00 5.416406963486541493e+00 4.777245834124085322e-01 2.177494060057721281e+00 4.338078377328595359e+00 2.599744656110816621e+00 5.108515890607949750e+00 5.240232958151973541e+00 4.808733233119959039e+00 6.074501913368012929e+00 1.929738487860737539e+00 1.517347952251618948e-01 4.698939076420100669e+00
3.121102212944075305e+00 9.384359666138125666e-01 5.232413234184402739e+00 5.418791788594165659e+00 4.751715786581601764e-01 2.177553904678012575e+00 4.338484820187620272e+00 2.603839122792237060e+00 5.110171006937640037e+00 5.239420457298806788e+00 4.813436457676719016e+00 6.072260405143306450e+00 1.932123312968361706e+00 1.491817904709135112e-01 4.694260621679316792e+00
3.117858018046503865e+00 9.424574699047956194e-01 5.230040726081524483e+00 5.421048502105684896e+00 4.729056397850711080e-01 2.177608078812022452e+00 4.339118126427119471e+00 2.607260255220834377e+00 5.111077527427147160e+00 5.238168442861319107e+00 4.817457960967701958e+00 6.069887897040428193e+00 1.934380026479881387e+00 1.469158515978244428e-01 4.690278712422070839e+00
3.114527270910155021e+00 9.458746508902957650e-01 5.227458034409274035e+00 5.423249958486970002e+00 4.708989062341874532e-01 2.177651941170812400e+00 4.339996872894702484e+00 2.610059845327380668e+00 5.111229478722534303e+00 5.236413448566944240e+00 4.820875141953202103e+00 6.067305205368177745e+00 1.936581482861166492e+00 1.449091180469407880e-01 4.686918248251547681e+00
3.111005149006812243e+00 9.487599554632869525e-01 5.224571037733914736e+00 5.425474381005603419e+00 4.691238967585479869e-01 2.177680833609348277e+00 4.341150092665581717e+00 2.612282144381508520e+00 5.110599568528459535e+00 5.234072865151206955e+00 4.823760446526192958e+00 6.064418208692818446e+00 1.938805905379799688e+00 1.431341085713010441e-01 4.684110366193201536e+00
3.107170494634281521e+00 9.511794418380320471e-01 5.221267691799018174e+00 5.427807394611795289e+00 4.675555132966217609e-01 2.177689495410659593e+00 4.342618273914402138e+00 2.613961168936977053e+00 5.109135516253473952e+00 5.231040920264644178e+00 4.826179932900938496e+00 6.061114862757921884e+00 1.941138918985991557e+00 1.415657251093748459e-01 4.681794373260405706e+00
3.102882302216544819e+00 9.531926386618380098e-01 5.217413975553105487e+00 5.430344985178048312e+00 4.661726024879520591e-01 2.177671366757712335e+00 4.344454612549074390e+00 2.615118907116239733e+00 5.106756416307622892e+00 5.227184053237296624e+00 4.828193129724744459e+00 6.057261146512009198e+00 1.943676509552244802e+00 1.401828143007050609e-01 4.679918608293694327e+00
3.097975080548096116e+00 9.548534166110584920e-01 5.212848815419796722e+00 5.433197328926695491e+00 4.649593780555437150e-01 2.177617719505658300e+00 4.346726464333666939e+00 2.615764090652305640e+00 5.103348958425403481e+00 5.222335677167589729e+00 4.829853907673965274e+00 6.052695986378700432e+00 1.946528853300892203e+00 1.389695898682966890e-01 4.678440606069988128e+00
3.092253336647070583e+00 9.562117695534013695e-01 5.207378156989314277e+00 5.436493437024429554e+00 4.639069943865576362e-01 2.177516530202732170e+00 4.349516799232168829e+00 2.615891367828276692e+00 5.098763635794566262e+00 5.216290556926000299e+00 4.831212260616307930e+00 6.047225327948217988e+00 1.949824961398626488e+00 1.379172061993104714e-01 4.677326778719859135e+00
3.085485719708478403e+00 9.573165600707337353e-01 5.200768674903844868e+00 5.440386435451951996e+00 4.630155457250630935e-01 2.177350998484391287e+00 4.352925217962283710e+00 2.615480923535914659e+00 5.092811559123536114e+00 5.208799497524889688e+00 4.832317051133640184e+00 6.040615845862748579e+00 1.953717959826149153e+00 1.370257575378159287e-01 4.676551669257739796e+00
3.077400030444061851e+00 9.582193998952215352e-01 5.192742322824992485e+00 5.445058929071542764e+00 4.622967245963236493e-01 2.177097633251742881e+00 4.357067663137655700e+00 2.614498885349390012e+00 5.085263333101340599e+00 5.199565932849491645e+00 4.833219890958128317e+00 6.032589493783896195e+00 1.958390453445739254e+00 1.363069364090764846e-01 4.676096655778682276e+00
3.067681643710109096e+00 9.589798440068327823e-01 5.182974347361467338e+00 5.450727059046032608e+00 4.617772385261614820e-01 2.176723928665611041e+00 4.362073228545902737e+00 2.612899295422425272e+00 5.075852899503063398e+00 5.188247648998785877e+00 4.833980335069739454e+00 6.022821518320371048e+00 1.964058583420228876e+00 1.357874503389143173e-01 4.675947772121994639e+00
3.055980342677889983e+00 9.596718218616585583e-01 5.171099990079764730e+00 5.457640192815605751e+00 4.615027041381687400e-01 2.176185934733514848e+00 4.368075330001500056e+00 2.610629087787617930e+00 5.064291611460937759e+00 5.174469682651760216e+00 4.834672312924565674e+00 6.010947161038668440e+00 1.970971717189802019e+00 1.355129159509216030e-01 4.676092058909529392e+00
3.041934500055674562e+00 9.603903984886604794e-01 5.156739306093458097e+00 5.466070254483284430e+00 4.615408357705403364e-01 2.175426671778755594e+00 4.375193013990287483e+00 2.607638377057811319e+00 5.050301153592461567e+00 5.157858637965333060e+00 4.835390889551566040e+00 5.996586477052362696e+00 1.979401778857482919e+00 1.355510475832934492e-01 4.676511644506965659e+00
3.025226473779666136e+00 9.612560909319719515e-01 5.139554864034020731e+00 5.476280501852847316e+00 4.619809577185694516e-01 2.174377556131591671e+00 4.383497071549595780e+00 2.603899087710169091e+00 5.033677224665561667e+00 5.138113325361500117e+00 4.836256581994877735e+00 5.979402034992925330e+00 1.989612026227045583e+00 1.359911695313225644e-01 4.677174872064460587e+00
3.005685381095388298e+00 9.624108411890783810e-01 5.119359788827106073e+00 5.488460097230726475e+00 4.629241488808119032e-01 2.172966736200938165e+00 4.392957282602950819e+00 2.599434301516372781e+00 5.014394932482773015e+00 5.115127137034752636e+00 4.837411332251984497e+00 5.959206959786010671e+00 2.001791621604925187e+00 1.369343606935649882e-01 4.678024951019283506e+00
2.983442430083421026e+00 9.639967949932201075e-01 5.096282420077309361e+00 5.502615369868353312e+00 4.644562843805723484e-01 2.171139239725278447e+00 4.403376545083363958e+00 2.594355964398112224e+00 4.992751502345533332e+00 5.089161952497357255e+00 4.838997286056126335e+00 5.936129591036214848e+00 2.015946894242552023e+00 1.384664961933256278e-01 4.678969908990086246e+00
2.959102025655801604e+00 9.661117822496766427e-01 5.070949794511024677e+00 5.518435467986519072e+00 4.666003317053140087e-01 2.168890344277884186e+00 4.414339851343072496e+00 2.588896701739331618e+00 4.969498964287780929e+00 5.061024023638077907e+00 4.841112273312583092e+00 5.910796965469930164e+00 2.031766992360717339e+00 1.406105435180672880e-01 4.679883112141990154e+00
2.933816900587535859e+00 9.687524166428450600e-01 5.044572212132949929e+00 5.535206487740370385e+00 4.692624628433256229e-01 2.166300729567281369e+00 4.425232722990724454e+00 2.583405829108338381e+00 4.945856997333471838e+00 5.032113176073982785e+00 4.843752907705751731e+00 5.884419383091855416e+00 2.048538012114568652e+00 1.432726746560789022e-01 4.680626414249061895e+00
2.909117325354280581e+00 9.717833305898188057e-01 5.018768215941147304e+00 5.551891146682975453e+00 4.722139622690588734e-01 2.163544437246608609e+00 4.435374907289721058e+00 2.578280840140543706e+00 4.923288159773751005e+00 5.004190804271344106e+00 4.846783821652725699e+00 5.858615386900052791e+00 2.065222671057173720e+00 1.462241740818121527e-01 4.681096624758718683e+00
2.886476884172987756e+00 9.749730938607987785e-01 4.995106650847589869e+00 5.567416104245160646e+00 4.751493343207265352e-01 2.160844594891212722e+00 4.444229910459519317e+00 2.573849126683638744e+00 4.903069595150615356e+00 4.978876602896175285e+00 4.849973584923706227e+00 5.834953821806494467e+00 2.080747628619358913e+00 1.491595461334797590e-01 4.681268624156646574e+00
2.866863997468276359e+00 9.780831179511054740e-01 4.974626660094706665e+00 5.581011381218472955e+00 4.777980367691818664e-01 2.158395595035750514e+00 4.451553989283597801e+00 2.570273106290792420e+00 4.885923006899315801e+00 4.957169645544056813e+00 4.853083609014012367e+00 5.814473831053611264e+00 2.094342905592671666e+00 1.518082485819348126e-01 4.681197523793371396e+00
2.850585170457394124e+00 9.809425296580700504e-01 4.957663652933942622e+00 5.592367049357537923e+00 4.800071991561433160e-01 2.156307774842787239e+00 4.457387179374812547e+00 2.567542375402631638e+00 4.871951103670462579e+00 4.939316275108232013e+00 4.855943020720976833e+00 5.797510823892847220e+00 2.105698573731737078e+00 1.540174109688962623e-01 4.680977854243236536e+00
2.837442547091004297e+00 9.834669354348937187e-01 4.944011972056157056e+00 5.601554618650310680e+00 4.817467961467184479e-01 2.154604879447449939e+00 4.461935114429977922e+00 2.565536960654713816e+00 4.860839727788575537e+00 4.925017568627121811e+00 4.858467426497800723e+00 5.783859143015061655e+00 2.114886143024509391e+00 1.557570079594715329e-01 4.680697543692220464e+00
2.826993257335862264e+00 9.856374587937181131e-01 4.933200733504293112e+00 5.608850237977856423e+00 4.830648688299661875e-01 2.153254630119855406e+00 4.465450271971390883e+00 2.564100489020624707e+00 4.852108705090792284e+00 4.913728202213402341e+00 4.860637949856625006e+00 5.773047904463197710e+00 2.122181762352055134e+00 1.570750806427192448e-01 4.680415787091578572e+00
2.818743054151873206e+00 9.874722584740421860e-01 4.924702227686434952e+00 5.614589259914336772e+00 4.840399291271959004e-01 2.152201211916511259e+00 4.468164694756966426e+00 2.563086309827097065e+00 4.845275889748417164e+00 4.904868413208490097e+00 4.862472749536949301e+00 5.764549398645339551e+00 2.127920784288537259e+00 1.580501409399481527e-01 4.680163220071588803e+00
2.812242457587564637e+00 9.890059285068790729e-01 4.918036387992062330e+00 5.619087616680722874e+00 4.847514391713437232e-01 2.151385954827205627e+00 4.470267237490996415e+00 2.562375483154409661e+00 4.839926889731720472e+00 4.897923752214858872e+00 4.864006419569785855e+00 5.757883558950966929e+00 2.132419141054922918e+00 1.587616509840959755e-01 4.679950876782734248e+00
2.807117672058268898e+00 9.902778992595413499e-01 4.912804769505792812e+00 5.622612550406692833e+00 4.852671472955668031e-01 2.150756813725539285e+00 4.471903443751518381e+00 2.561878556348076597e+00 4.835729561748623340e+00 4.892473286869999605e+00 4.865278390322448132e+00 5.752651940464697411e+00 2.135944074780893320e+00 1.592773591083190832e-01 4.679779002213122929e+00
2.803070547663037981e+00 9.913267581776640247e-01 4.908690717717550278e+00 5.625378725394675428e+00 4.856401640447629009e-01 2.150271161233169526e+00 4.473183059333341482e+00 2.561530969796073975e+00 4.832425764629830311e+00 4.888185367487798416e+00 4.866327249240570474e+00 5.748537888676454877e+00 2.138710249768875915e+00 1.596503758575152088e-01 4.679643014115301369e+00
