2.520809544738634167e-01 5.289884711320837596e+00 3.777165412037228887e+00 1.246560883291916610e+00 5.835106540656867402e+00 9.911475029146641358e-01 5.290161846519019662e+00 4.956672475735137695e+00 3.503272636923921435e-01 4.299103812080828924e-01 2.420720183789894175e+00 4.367443903962703544e+00 9.690901442133412758e-01 2.282406780933738055e+00 4.143154549824268784e+00
2.475057276978473997e-01 5.304338863011865079e+00 3.787601266452305548e+00 1.266422105719615443e+00 5.851037787226750275e+00 9.859264150804917248e-01 5.274637906633152795e+00 4.951108298314823131e+00 3.490328887281597403e-01 4.440251636547390968e-01 2.435174335480920771e+00 4.377879758377780206e+00 9.889513666410381099e-01 2.298338027503622261e+00 4.158664573233117778e+00
2.476565649972321814e-01 5.318764170935886604e+00 3.798039027722805550e+00 1.281078444455854504e+00 5.861413659258945863e+00 9.815799161666199923e-01 5.264831955274964947e+00 4.944144395931768798e+00 3.478776129244747772e-01 4.580858839720150510e-01 2.449599643404942295e+00 4.388317519648280651e+00 1.003607705377277393e+00 2.308713899535818292e+00 4.169353551980629291e+00
2.514456865695735566e-01 5.332949553736435533e+00 3.808240489100442883e+00 1.291519092522505519e+00 5.867351061999779738e+00 9.779060976168689745e-01 5.259611668016332509e+00 4.936040194918557056e+00 3.471240952605147978e-01 4.718668177353541604e-01 2.463785026205489448e+00 4.398518981025917540e+00 1.014048353443927963e+00 2.314651302276658384e+00 4.176321782509346825e+00
2.577988050606020431e-01 5.346831018136113833e+00 3.818108973917811344e+00 1.298871844048806956e+00 5.870075614210497505e+00 9.747059148377327231e-01 5.257739257206943684e+00 4.927075500095971172e+00 3.468658137825599286e-01 4.852814289514573720e-01 2.477666490605168192e+00 4.408387465843286002e+00 1.021401104970229401e+00 2.317375854487376152e+00 4.180699692554135538e+00
2.658228251899207306e-01 5.360346414540311244e+00 3.827586351913414120e+00 1.304065099323908239e+00 5.870603837931352764e+00 9.718349929279035404e-01 5.258181647470406617e+00 4.917546021505730280e+00 3.470858883814157969e-01 4.982635086200419838e-01 2.491181887009365603e+00 4.417864843838888333e+00 1.026594360245330684e+00 2.317904078208231411e+00 4.183373263561575683e+00
2.748067328586420999e-01 5.373385850041731082e+00 3.836606071204365698e+00 1.307772240937423280e+00 5.869697886820115507e+00 9.692062068335549618e-01 5.260151736346404761e+00 4.907756134304686491e+00 3.477098637138295034e-01 5.107184365088780487e-01 2.504221322510785441e+00 4.426884563129839911e+00 1.030301501858845503e+00 2.316998127096994153e+00 4.184962095524259240e+00
2.841875525276706393e-01 5.385798851097609585e+00 3.845086236849871941e+00 1.310455079683512158e+00 5.867908885701042188e+00 9.667768271737904318e-01 5.263065589327005078e+00 4.898003259740344895e+00 3.486398229724151365e-01 5.225217123876251257e-01 2.516634323566663944e+00 4.435364728775345711e+00 1.032984340604934381e+00 2.315209125977920390e+00 4.185876033743547886e+00
2.935247027456249214e-01 5.397423785461749723e+00 3.852941653158029833e+00 1.312423015004680504e+00 5.865629889185781209e+00 9.645332804985150554e-01 5.266492962520656462e+00 4.888557267632154257e+00 3.497746977377094169e-01 5.335395240871524392e-01 2.528259257930804083e+00 4.443220145083503603e+00 1.034952275926102727e+00 2.312930129462659412e+00 4.186377755549228752e+00
3.024861593616626210e-01 5.408119342035638155e+00 3.860100593042786521e+00 1.313882632324124389e+00 5.863137621085677154e+00 9.624775061524610820e-01 5.270120178963524360e+00 4.879640999233024523e+00 3.510220849389030784e-01 5.436542884036787981e-01 2.538954814504692958e+00 4.450379084968259846e+00 1.036411893245546612e+00 2.310437861362554912e+00 4.186632147946013127e+00
