4.890431238018126514e+00 1.457387709130026909e+00 1.112793253081998390e+00 8.417848466204830293e-01 5.574314725885781030e+00 3.688147463270778026e+00 5.130750617380857470e+00 6.140115686136708995e+00 5.098104329508183596e+00 5.792964116876746949e+00 1.352629039074590533e+00 4.958454097051027354e+00 4.110191545008810010e+00 4.994157991774472727e+00 1.492836223505709770e+00
4.849687487768404637e+00 1.495175498927101776e+00 1.123556798556248015e+00 8.484034341451751615e-01 5.608401120805757145e+00 3.656289586059948693e+00 5.166172519230134874e+00 6.182437451440303100e+00 5.136848395521492527e+00 5.770819091048048577e+00 1.390416828871665400e+00 4.969217642525276979e+00 4.116810132533501587e+00 5.028244386694448842e+00 1.538204887438320734e+00
4.793695287761616797e+00 1.547007555329897421e+00 1.137422123437495491e+00 8.581152084542399416e-01 5.654348964889270412e+00 3.610798877059773648e+00 5.215774773129320252e+00 6.240777783254388922e+00 5.191899869585509641e+00 5.742017415631388566e+00 1.442248885274461490e+00 4.983082967406524233e+00 4.126521906842566700e+00 5.074192230777961221e+00 1.601780398694884644e+00
4.725121298038056139e+00 1.610523540475140791e+00 1.153721916460902497e+00 8.722032662897947208e-01 5.713724356542392080e+00 3.546939948744083804e+00 5.282895214665682460e+00 6.317302245192261800e+00 5.263013328353268072e+00 5.708788420142654196e+00 1.505764870419704637e+00 4.999382760429931238e+00 4.140609964678121813e+00 5.133567622431082889e+00 1.685967984313144097e+00
4.664172411919771832e+00 1.666910278976109661e+00 1.166289336777926122e+00 8.864220770335764499e-01 5.776265829356493242e+00 3.471893784032291208e+00 5.358503245275885618e+00 6.399915930465107650e+00 5.333473954799647920e+00 5.676903495757414042e+00 1.562151608920673729e+00 5.011950180746954864e+00 4.154828775421903764e+00 5.196109095245183163e+00 1.774593015747623292e+00
4.637932820985406934e+00 1.690849888990725081e+00 1.167960062893102613e+00 8.907355164946413328e-01 5.817410140794894602e+00 3.415562382459164326e+00 5.413651236391085142e+00 6.457769390756562977e+00 5.373395046499226169e+00 5.651847159376226060e+00 1.586091218935288705e+00 5.013620906862131577e+00 4.159142214882968425e+00 5.237253406683584522e+00 1.830826781756765165e+00
4.636887748511008489e+00 1.691299003861850281e+00 1.163690183391070221e+00 8.867787965936065886e-01 5.834773038348219920e+00 3.387964213005884240e+00 5.440691424044516111e+00 6.485095471432971159e+00 5.384471144065344106e+00 5.634017658342957979e+00 1.586540333806413239e+00 5.009351027360099629e+00 4.155185494981934013e+00 5.254616304236909841e+00 1.852014150490523869e+00
4.642298512122728482e+00 1.685798824569954668e+00 1.158872664047320145e+00 8.811463519570718050e-01 5.841922907533068532e+00 3.374261406097409211e+00 5.454309942551752499e+00 6.498293643516294793e+00 5.385437544493197670e+00 5.621278306320646401e+00 1.581040154514525620e+00 5.004533508016356436e+00 4.149553050345392791e+00 5.261766173421751347e+00 1.859021056558545881e+00
4.647855964803684792e+00 1.680258340314773502e+00 1.154900967557217051e+00 8.762350399429413850e-01 5.845531860004204106e+00 3.366058860892511717e+00 5.462538311312651551e+00 6.505999981314301905e+00 5.384172135598961795e+00 5.612037023318114493e+00 1.575499670259344231e+00 5.000561811526253564e+00 4.144641738331262815e+00 5.265375125892886921e+00 1.861702044851741622e+00
4.652284599727787295e+00 1.675860370547976652e+00 1.151897027242891669e+00 8.724429090108059004e-01 5.847776181907405224e+00 3.360466878438274296e+00 5.468166052018490930e+00 6.511172719673187004e+00 5.382748385438161698e+00 5.605287773795400774e+00 1.571101700492547382e+00 4.997557871211927960e+00 4.140849607399127663e+00 5.267619447796088039e+00 1.863054499504933625e+00
