3.268794591917067116e+00 3.233120002705391016e+00 3.879195552029703009e+00 6.163973942138897044e+00 4.928822209705380430e+00 1.819051182916350928e+00 5.731941463375846979e+00 8.830337658280085211e-01 1.618260801573575103e+00 6.229978516900629870e+00 3.662947284998175679e+00 1.509595874813326688e+00 3.505406914112784378e+00 3.011925578914006252e+00 2.050866003789415526e+00
3.260823176400466483e+00 3.235065560312733624e+00 3.877540544739935591e+00 6.168700586711609368e+00 4.922223225061011398e+00 1.819052913980857777e+00 5.727496165793433569e+00 8.852470684483545460e-01 1.617572524996037764e+00 6.234440060502726588e+00 3.664892842605518286e+00 1.507940867523559492e+00 3.510133558685496702e+00 3.005326594269637663e+00 2.044292460573788439e+00
3.253216482021480171e+00 3.238238499750759392e+00 3.877254428990267066e+00 6.174189412153441303e+00 4.916655857581687883e+00 1.818891772315458288e+00 5.723291014325418757e+00 8.876887139153656348e-01 1.616430433580146264e+00 6.239744073516868106e+00 3.668065782043544054e+00 1.507654751773891189e+00 3.515622384127329081e+00 2.999759226790314148e+00 2.038768458950467544e+00
3.245696364391908784e+00 3.242822007114506633e+00 3.878391175323614437e+00 6.180692170408363495e+00 4.911944315714301901e+00 1.818575306381303713e+00 5.719184455851840987e+00 8.904628910870201475e-01 1.614755422995333145e+00 6.246130697386308661e+00 3.672649289407290851e+00 1.508791498107238116e+00 3.522125142382250385e+00 2.995047684922928610e+00 2.034116906900025334e+00
3.237982114856305049e+00 3.249048618239664510e+00 3.881048890012531505e+00 6.188498391176188385e+00 4.907933632346667352e+00 1.818108145430741951e+00 5.715035861563285913e+00 8.936853553016936846e-01 1.612452135464111036e+00 6.253879359540646554e+00 3.678875900532448728e+00 1.511449212796154962e+00 3.529931363150075274e+00 2.991037001555294061e+00 2.030179193244370239e+00
3.229799226872132500e+00 3.257197886018556865e+00 3.885371398906884099e+00 6.197932196406932270e+00 4.904495709705715356e+00 1.817495235286090027e+00 5.710710384880242962e+00 8.974759903832556507e-01 1.609413587751830299e+00 6.263305309520245778e+00 3.687025168311341083e+00 1.515771721690507778e+00 3.539365168380819604e+00 2.987599078914342066e+00 2.026819437551654168e+00
3.220895542501016617e+00 3.267579200458580857e+00 3.891538230447745939e+00 6.209335152545831349e+00 4.901534250419639527e+00 1.816746780500563041e+00 5.706087647824802822e+00 9.019455406875812598e-01 1.605531753453972144e+00 6.274742062203461757e+00 3.697406482751365076e+00 1.521938553231369839e+00 3.550768124519718683e+00 2.984637619628266236e+00 2.023927116171631457e+00
3.211072328415236488e+00 3.280487757662289283e+00 3.899734819002953934e+00 6.223022748804129201e+00 4.898989880449557965e+00 1.815885082040952225e+00 5.701078124324633123e+00 9.071727487833225467e-01 1.600717695156110176e+00 6.288497394087768200e+00 3.710315039955073502e+00 1.530135141786577835e+00 3.564455720778016534e+00 2.982093249658184675e+00 2.021419763941799008e+00
3.200237268359780618e+00 3.296117834235924526e+00 3.910091084012834894e+00 6.239198746745266533e+00 4.896844648482832518e+00 1.814952447200119501e+00 5.695650556137934473e+00 9.131692789871505012e-01 1.594934622776296607e+00 6.304767219830461400e+00 3.725945116528708745e+00 1.540491406796459017e+00 3.580631718719152534e+00 2.979948017691459228e+00 2.019246173774774000e+00
3.188478936164683031e+00 3.314423458122541355e+00 3.922579618607104912e+00 6.257818164328906363e+00 4.895121616402429154e+00 1.814016824140261219e+00 5.689869382628065075e+00 9.198358405317847986e-01 1.588242954173127774e+00 6.323498259971232827e+00 3.744250740415325573e+00 1.552979941390729035e+00 3.599251136302791920e+00 2.978224985611056308e+00 2.017388319861271651e+00
