9.281604874624519441e-01 9.247680966169876671e-01 5.226855458483204764e+00 5.351449060214322984e+00 2.235951723387834544e+00 5.887310109407862591e+00 3.249209335736987558e+00 5.890594739174093597e+00 1.412464293368860258e+00 2.824314214176128157e+00 6.987974154534345450e-01 5.444538405525235270e+00 5.203331726062320195e-01 3.659706052686562683e-01 5.884208850510135314e+00
8.872637162947445422e-01 8.843311221405323330e-01 5.268010134663743571e+00 5.393564935729147969e+00 2.247457547152490687e+00 5.877946519415315763e+00 3.258992828907867345e+00 5.891711135090766049e+00 1.415831966573238843e+00 2.842396656326155568e+00 6.583604409769792110e-01 5.485693081705773189e+00 5.624490481210573378e-01 3.774764290333124106e-01 5.884740275720854896e+00
8.566248634669019202e-01 8.538199199703966347e-01 5.299191264292225867e+00 5.425107062116810930e+00 2.256579228601191645e+00 5.870616308106322734e+00 3.265376205771879370e+00 5.893956092244870604e+00 1.419663620639542989e+00 2.854131311598700815e+00 6.278492388068436236e-01 5.516874211334255484e+00 5.939911745087206318e-01 3.865981104820133130e-01 5.884398177586620093e+00
8.351811944631799545e-01 8.324031275516583506e-01 5.321121303428927085e+00 5.447108521010480153e+00 2.263328170217282498e+00 5.865516796344429018e+00 3.269452981114837620e+00 5.895981147735576577e+00 1.422701341830288957e+00 2.861610540898941402e+00 6.064324463881052285e-01 5.538804250470956703e+00 6.159926334023896333e-01 3.933470520981040552e-01 5.883624030976205788e+00
8.199558935529592807e-01 8.172483336797785602e-01 5.336635541980419006e+00 5.462657010020442350e+00 2.268171620183117909e+00 5.862143853045918895e+00 3.272365227612199057e+00 5.897396266463410974e+00 1.424728026461503205e+00 2.866808596598138248e+00 5.912776525162253272e-01 5.554318489022448624e+00 6.315411224123517187e-01 3.981905020639393000e-01 5.882896955417954210e+00
8.087331730961031528e-01 8.061715288664612622e-01 5.347956633550408512e+00 5.474064272002287623e+00 2.271610598585439345e+00 5.859956535006698886e+00 3.274700043571444841e+00 5.898278314524033838e+00 1.425969929350072274e+00 2.870748324672411034e+00 5.802008477029388933e-01 5.565639580592402602e+00 6.429483843942986887e-01 4.016294804662603468e-01 5.882400978574131578e+00
8.001539678205138451e-01 7.977986500406921699e-01 5.356494725307414662e+00 5.482748542072724440e+00 2.274052088207863420e+00 5.858551749737804570e+00 3.276704532820323923e+00 5.898787695852764301e+00 1.426687812728983040e+00 2.873908706235671406e+00 5.718279688771700231e-01 5.574177672349408752e+00 6.516326544647360608e-01 4.040709700886844224e-01 5.882145349745128371e+00
7.933944741876048923e-01 7.912815079551850372e-01 5.363124229621179850e+00 5.489567527421938209e+00 2.275795983803130973e+00 5.857656858006104805e+00 3.278478647969479631e+00 5.899057435670158611e+00 1.427076393157992173e+00 2.876528372316082383e+00 5.653108267916632235e-01 5.580807176663174829e+00 6.584516398139486082e-01 4.058148656839520307e-01 5.882079876597361867e+00
7.879384684954651163e-01 7.860829426079908311e-01 5.368400035542400417e+00 5.495056715316819052e+00 2.277054285632385433e+00 5.857092868169702093e+00 3.280065549046339513e+00 5.899179626028917767e+00 1.427264581776451546e+00 2.878741114901630205e+00 5.601122614444693504e-01 5.586082982584395396e+00 6.639408277088284516e-01 4.070731675132064353e-01 5.882146626784225951e+00
7.834487236564037227e-01 7.818508833524696611e-01 5.372685936449451027e+00 5.499564368284785232e+00 2.277974121624343429e+00 5.856743293336013956e+00 3.281488015182433049e+00 5.899213967397725078e+00 1.427333882692663147e+00 2.880631828245419079e+00 5.558802021889481804e-01 5.590368883491446006e+00 6.684484806767946319e-01 4.079930035051643755e-01 5.882297078140514834e+00
