3.487922614697605894e+00 3.814121086617141110e+00 2.898486981486887437e+00 3.261277738565672379e+00 1.766687829485482364e-01 6.060118968222996116e+00 5.661400523926790385e+00 1.007552470063743710e+00 7.601807581467094899e-01 2.857264800996379139e-01 1.388375188287648498e+00 1.954062616440016775e+00 5.052985216839872784e+00 3.981031715290689554e+00 2.538923318925215611e+00
3.545873343231291663e+00 3.860673806608829306e+00 2.912418483278725212e+00 3.240354479150143963e+00 2.112205910327665248e-01 6.043867754721585328e+00 5.703808780192973771e+00 1.073363617584819130e+00 7.575468694196020314e-01 3.438173807647434410e-01 1.434927908279336473e+00 1.967994118231854550e+00 5.032061957424343923e+00 4.015583523374906427e+00 2.562803200775598089e+00
3.612530070937294280e+00 3.914076065376838720e+00 2.928943953253616339e+00 3.223558929469939383e+00 2.558358602153090189e-01 6.023372830834149205e+00 5.744554926815108153e+00 1.151440236466424683e+00 7.513367321255137732e-01 4.100522510269791754e-01 1.488330167047345887e+00 1.984519588206745677e+00 5.015266407744139343e+00 4.060198792557448755e+00 2.595391835281442017e+00
3.679608258367776497e+00 3.967854136518766506e+00 2.947245881830501624e+00 3.216440055224198513e+00 3.065572207594022824e-01 6.001475245665681690e+00 5.775962606009731992e+00 1.230429161577730302e+00 7.431971940546645561e-01 4.729051894839437775e-01 1.542108238189273894e+00 2.002821516783630962e+00 5.008147533498397586e+00 4.110920153101542240e+00 2.634939659255082667e+00
3.736718079302524753e+00 4.014270253443708469e+00 2.966009398285517129e+00 3.219474511191966482e+00 3.540289894575462393e-01 5.983353042212275597e+00 5.794456964217939543e+00 1.294837311279753767e+00 7.374221671648655274e-01 5.197202205771693784e-01 1.588524355114215414e+00 2.021585033238646467e+00 5.011181989466165554e+00 4.158391921799686308e+00 2.673473108026262146e+00
3.778279963422504384e+00 4.049309969325404879e+00 2.983796138621657601e+00 3.226843431322604872e+00 3.898323946051991395e-01 5.972653527685076291e+00 5.803361359744221737e+00 1.336889669149800230e+00 7.372037265675326356e-01 5.476520000674047761e-01 1.623564070995911379e+00 2.039371773574786495e+00 5.018550909596803500e+00 4.194195326947339098e+00 2.701848132085113097e+00
3.805577225958660215e+00 4.073728098736397740e+00 2.999439334009213809e+00 3.233121820001983782e+00 4.125802554734720462e-01 5.968845874159447895e+00 5.807831762512556395e+00 1.359998363716926839e+00 7.418699933672572300e-01 5.626390225317388083e-01 1.647982200406903797e+00 2.055014968962338706e+00 5.024829298276179301e+00 4.216943187815615168e+00 2.717812094842007919e+00
3.822948214784261278e+00 4.090416477836774867e+00 3.012501639112328267e+00 3.236779106266788553e+00 4.257193957958942954e-01 5.969272460052807538e+00 5.810776480348853745e+00 1.371431363881473908e+00 7.489392064417889072e-01 5.709462639798723593e-01 1.664670579507280923e+00 2.068077274065453164e+00 5.028486584540983628e+00 4.230082328138037973e+00 2.724773955113407808e+00
3.834256491070271000e+00 4.102069670900784892e+00 3.023133130600506036e+00 3.238382651036387117e+00 4.330949996146800651e-01 5.971629478005038294e+00 5.813178820070317165e+00 1.376778359082056813e+00 7.564464081788646599e-01 5.760916055200787644e-01 1.676323772571291837e+00 2.078708765553632265e+00 5.030090129310582192e+00 4.237457931956823742e+00 2.726758584539350050e+00
3.841980030555677939e+00 4.110506713445770899e+00 3.031696250693262762e+00 3.238799500062409908e+00 4.373151958176530463e-01 5.974567543247088608e+00 5.815265571307566717e+00 1.379209839445105557e+00 7.633801008833852597e-01 5.796627993976878335e-01 1.684760815116279398e+00 2.087271885646388103e+00 5.030506978336605428e+00 4.241678128159796834e+00 2.726435756806365962e+00
