2.552981451275142977e+00 4.649923755452651797e+00 4.361682073465200205e+00 5.917569150123844324e+00 5.204816892052281041e+00 2.683405246236139963e+00 2.894203815534591717e-01 5.105276672796164039e-01 2.835017871381701582e+00 5.382201953797458138e+00 5.588826839285363945e+00 2.603548499372513536e+00 4.017132903446672954e-01 2.014612236199967654e+00 4.612325984938517642e+00
2.524821163143882163e+00 4.672904455491799780e+00 4.381074628638231161e+00 5.933196483503295759e+00 5.186594877826409267e+00 2.679971834301748679e+00 3.041871676551138326e-01 5.316978619681729246e-01 2.856599537117972876e+00 5.390339310428614361e+00 5.611807539324511929e+00 2.622941054545605333e+00 4.173406237241094607e-01 1.996390221974072121e+00 4.584700622573007145e+00
2.523486600213930675e+00 4.671875475835111757e+00 4.379906616729005719e+00 5.934138374784704517e+00 5.186877365898429737e+00 2.676431606733177482e+00 3.103351905260505750e-01 5.365048192224716184e-01 2.861132779413062988e+00 5.396536943961315558e+00 5.610778559667818577e+00 2.621773042636375450e+00 4.182825150055192731e-01 1.996672710046088595e+00 4.584201807873523826e+00
2.522988731910797533e+00 4.670519442805377786e+00 4.378513529135070748e+00 5.934576555732769876e+00 5.187479631037741790e+00 2.673576715247368618e+00 3.150858335819294864e-01 5.400175224484874414e-01 2.864397543713736116e+00 5.401444084302554849e+00 5.609422526638084605e+00 2.620379955042440923e+00 4.187206959535846873e-01 1.997274975185400425e+00 4.584368975765356957e+00
2.522603537229421100e+00 4.669425270957518137e+00 4.377390123498173580e+00 5.934916364741055439e+00 5.187957441635156819e+00 2.671307824404853815e+00 3.188524544721811349e-01 5.428047208516717514e-01 2.866985115828069919e+00 5.405340370720949750e+00 5.608328354790224068e+00 2.619256549405543311e+00 4.190605049618674194e-01 1.997752785782813456e+00 4.584505083188587626e+00
2.522299682110848540e+00 4.668549642450443571e+00 4.376490788074581140e+00 5.935183381119788493e+00 5.188333570289896279e+00 2.669505410870248951e+00 3.218405880916722084e-01 5.450189082180216804e-01 2.869039298343326383e+00 5.408433983183548399e+00 5.607452726283148614e+00 2.618357213981950871e+00 4.193275213406006952e-01 1.998128914437552694e+00 4.584610787587046765e+00
2.522059629762823274e+00 4.667850206522142997e+00 4.375772202982470382e+00 5.935393631940972803e+00 5.188630103764385382e+00 2.668073865156450175e+00 3.242113250579810591e-01 5.467775711079317924e-01 2.870669997134982498e+00 5.410890047060321173e+00 5.606753290354848041e+00 2.617638628889840557e+00 4.195377721617848943e-01 1.998425447912041797e+00 4.584693147615618969e+00
2.521869816028680766e+00 4.667292287803734396e+00 4.375198873701639180e+00 5.935559431314846535e+00 5.188864197458797456e+00 2.666937095652934797e+00 3.260922808361753078e-01 5.481741470628230806e-01 2.871964408127908097e+00 5.412839741573424845e+00 5.606195371636439440e+00 2.617065299609009354e+00 4.197035715356583485e-01 1.998659541606454315e+00 4.584757545689770453e+00
2.521719624240002844e+00 4.666847749258256961e+00 4.374741969868995994e+00 5.935690333435556632e+00 5.189049191510281211e+00 2.666034559555907180e+00 3.275846450769208107e-01 5.492829869597544157e-01 2.872991790134036716e+00 5.414387301669124852e+00 5.605750833090957563e+00 2.616608395776364837e+00 4.198344736563742186e-01 1.998844535657938959e+00 4.584808044296448948e+00
2.521600719758321230e+00 4.666493866034887361e+00 4.374378188131773371e+00 5.935793782725246714e+00 5.189195503165633383e+00 2.665318100015930725e+00 3.287686858106753096e-01 5.501632364786110951e-01 2.873807160514104453e+00 5.415615550705395798e+00 5.605396949867588852e+00 2.616244614039142213e+00 4.199379229460644680e-01 1.998990847313291352e+00 4.584847735482498798e+00
