2.558236459998790568e+00 2.348330148928220229e+00 3.867091329706242142e+00 5.022799762060975226e+00 5.352078166425860317e+00 3.203171050469129533e+00 1.671318870527551459e+00 7.718288328100243456e-01 5.142017535776512105e+00 3.396463106261418119e+00 5.066408001403983619e+00 3.922243242079024306e+00 7.556754464155769346e-01 4.478786245983009451e+00 8.261091623500982362e-01
2.467881559638103184e+00 2.438796457868616319e+00 3.854870032695616455e+00 5.009717832653664438e+00 5.382717318766767178e+00 3.200139653561977937e+00 1.670913021339700988e+00 8.613078975681121019e-01 5.222313279129780383e+00 3.311468108946500788e+00 5.156874310344377932e+00 3.910021945068398619e+00 7.425935170082650361e-01 4.509425398323916312e+00 7.978722714339833155e-01
2.441076014425186624e+00 2.466490115402762751e+00 3.843494872879293034e+00 4.987549198749542612e+00 5.386011696637571511e+00 3.187396347106479677e+00 1.653767459024773734e+00 8.863669423547717585e-01 5.241877003696616910e+00 3.281728766548847709e+00 5.184567967878525252e+00 3.898646785252075642e+00 7.204248831041430989e-01 4.512719776194719756e+00 7.920037507787595077e-01
2.433513847025971177e+00 2.474697821971107548e+00 3.833862364324275074e+00 4.968458581491858261e+00 5.381275177951925670e+00 3.175362806193055665e+00 1.637717186777173151e+00 8.919641499370462023e-01 5.244862233053293465e+00 3.270242210707413832e+00 5.192775674446870049e+00 3.889014276697051020e+00 7.013342658464581936e-01 4.507983257509074804e+00 7.944796020484868881e-01
2.427513947147624584e+00 2.481018075036445225e+00 3.827125462310434489e+00 4.955341883557379923e+00 5.378169184860148277e+00 3.167152420048163552e+00 1.626976082392154410e+00 8.963923996287376239e-01 5.247374630371761661e+00 3.261995913695040272e+00 5.199095927512207282e+00 3.882277374683211324e+00 6.882175679119797440e-01 4.504877264417297411e+00 7.961679576624168808e-01
2.422767093434836205e+00 2.485934969421307983e+00 3.822265756043694562e+00 4.945988627524303460e+00 5.376076125385854887e+00 3.161333707999505194e+00 1.619478298666444882e+00 8.999149817245349903e-01 5.249451371942895683e+00 3.255872305310378412e+00 5.204012821897070040e+00 3.877417668416471397e+00 6.788643118789032815e-01 4.502784204943004021e+00 7.973186668307777891e-01
2.419018311674106858e+00 2.489779321139706791e+00 3.818655808509594962e+00 4.939094857664979799e+00 5.374604203546238246e+00 3.157065062170746117e+00 1.614042166688971047e+00 9.027089169561732795e-01 5.251133600683780323e+00 3.251225652317253356e+00 5.207857173615468405e+00 3.873807720882371797e+00 6.719705420195797307e-01 4.501312283103387379e+00 7.981327484219169488e-01
2.416042809651722134e+00 2.492810922178551269e+00 3.815910362609679751e+00 4.933880821612130596e+00 5.373532785773198484e+00 3.153848063396646584e+00 1.609982753469616945e+00 9.049337812123712244e-01 5.252490213427586596e+00 3.247635573005119625e+00 5.210888774654310218e+00 3.871062274982457030e+00 6.667565059667308613e-01 4.500240865330346729e+00 7.987273748715820743e-01
2.413664799111269410e+00 2.495222960591132022e+00 3.813783213668157757e+00 4.929857223479891637e+00 5.372731371579225979e+00 3.151372449541843146e+00 1.606881392929023988e+00 9.067162984259291569e-01 5.253585927809864664e+00 3.244820681499254622e+00 5.213300813066891415e+00 3.868935126040935035e+00 6.627329078344920132e-01 4.499439451136374224e+00 7.991731055716475574e-01
2.411751226693041428e+00 2.497157690697576538e+00 3.812110733439838750e+00 4.926703141775068850e+00 5.372118906036248198e+00 3.149436066221452890e+00 1.604469488031813551e+00 9.081534169137177592e-01 5.254474146336460372e+00 3.242587122212138517e+00 5.215235543173336374e+00 3.867262645812616029e+00 6.595788261296693378e-01 4.498826985593396444e+00 7.995142259999635792e-01
2.410201795989028284e+00 2.498720523828968254e+00 3.810780310053460962e+00 4.924199886676031035e+00 5.371642805821994493e+00 3.147901912389432066e+00 1.602567394812612012e+00 9.093187884457173409e-01 5.255197159264333173e+00 3.240797656337317534e+00 5.216798376304728535e+00 3.865932222426237796e+00 6.570755710306318553e-01 4.498350885379142738e+00 7.997796529581254754e-01
2.408940426933435131e+00 2.499990500467403010e+00 3.809712069369568521e+00 4.922193521398703808e+00 5.371267648715748244e+00 3.146673995529565726e+00 1.601050654909430104e+00 9.102686106986037640e-01 5.255788065455545777e+00 3.239352724307393849e+00 5.218068352943163291e+00 3.864863981742345356e+00 6.550692057533042956e-01 4.497975728272896490e+00 7.999889490586534757e-01
2.407908834817293009e+00 2.501027675374618564e+00 3.808847881323003115e+00 4.920572684401037122e+00 5.370968789940844701e+00 3.145683141097969759e+00 1.599830444766885629e+00 9.110461324064996758e-01 5.256272765615285003e+00 3.238178539639728903e+00 5.219105527850379289e+00 3.863999793695779950e+00 6.534483687556377207e-01 4.497676869497992058e+00 8.001557646818113767e-01
2.407061886230305703e+00 2.501878268438670005e+00 3.808144506395880757e+00 4.919254936079710205e+00 5.370728603314749883e+00 3.144878307517215976e+00 1.598841767168007078e+00 9.116849637463729783e-01 5.256671620830240421e+00 3.237219396573674857e+00 5.219956120914432063e+00 3.863296418768657592e+00 6.521306204343106927e-01 4.497436682871898128e+00 8.002898830871768565e-01
2.406364267471194474e+00 2.502578274540835590e+00 3.807569180489467353e+00 4.918178050540522150e+00 5.370534181652861783e+00 3.144221075066358839e+00 1.598036045928520554e+00 9.122114776705061434e-01 5.257000739640234954e+00 3.236432566864078542e+00 5.220656127016597203e+00 3.862721092862244188e+00 6.510537348951229708e-01 4.497242261210010028e+00 8.003984793212628457e-01
2.405788084188824616e+00 2.503156022461350716e+00 3.807096685064073949e+00 4.917294283689344070e+00 5.370375880976567373e+00 3.143682034709316397e+00 1.597376324751033083e+00 9.126465544844482025e-01 5.257272952900623686e+00 3.235784829086582715e+00 5.221233874937111885e+00 3.862248597436851671e+00 6.501699680439442242e-01 4.497083960533715619e+00 8.004869206839281270e-01
2.405311115075909001e+00 2.503634014381785455e+00 3.806707350374594512e+00 4.916566493136482308e+00 5.370246370330069574e+00 3.143238353385535255e+00 1.596834061196246601e+00 9.130068593572314706e-01 5.257498547825061763e+00 3.235250053414544524e+00 5.221711866857546624e+00 3.861859262747371346e+00 6.494421774910822398e-01 4.496954449887216931e+00 8.005592908671160801e-01
2.404915526123254210e+00 2.504030267879855387e+00 3.806385661636577655e+00 4.915965445126758482e+00 5.370139994421157859e+00 3.142872090212243563e+00 1.596386928801125649e+00 9.133057878687015352e-01 5.257685822073568715e+00 3.234807485171475872e+00 5.222108120355616556e+00 3.861537574009354490e+00 6.488411294813581920e-01 4.496848073978305216e+00 8.006187423888815324e-01
2.404586911939281535e+00 2.504359309327001792e+00 3.806119264877008579e+00 4.915467903058756249e+00 5.370052335469202909e+00 3.142569005225346768e+00 1.596017274519369256e+00 9.135541740954047363e-01 5.257841504713153924e+00 3.234440501377165766e+00 5.222437161802762517e+00 3.861271177249785858e+00 6.483435874133555155e-01 4.496760415026350266e+00 8.006677393311047997e-01
2.404313571950971173e+00 2.504632919523543944e+00 3.805898243983291351e+00 4.915055243278769304e+00 5.369979905254341546e+00 3.142317699239998152e+00 1.595711013060044703e+00 9.137608271572741359e-01 5.257971078685938160e+00 3.234135694126292204e+00 5.222710771999304669e+00 3.861050156356068630e+00 6.479309276333689027e-01 4.496687984811488903e+00 8.007082282012625285e-01
2.404085957385292183e+00 2.504860700671740492e+00 3.805714585728567467e+00 4.914712434516601114e+00 5.369919924300100789e+00 3.142108981345135721e+00 1.595456819262965675e+00 9.139329424277959912e-01 5.258079030031647783e+00 3.233882184167053087e+00 5.222938553147503882e+00 3.860866498101342970e+00 6.475881188712009351e-01 4.496628003857249922e+00 8.007417605987497966e-01
2.403896244011188177e+00 2.505050512671212815e+00 3.805561777657870515e+00 4.914427273212329084e+00 5.369870160638508416e+00 3.141935396112442547e+00 1.595245528079782815e+00 9.140764200646056548e-01 5.258169042215230071e+00 3.233671099521627124e+00 5.223128365146975760e+00 3.860713690030646017e+00 6.473029575669284608e-01 4.496578240195656662e+00 8.007695828725955867e-01
2.403737998658893815e+00 2.505208812517865091e+00 3.805434501579430862e+00 4.914189802262785456e+00 5.369828810132316832e+00 3.141790864977181741e+00 1.595069681962604236e+00 9.141961141840914129e-01 5.258244148940524276e+00 3.233495174395660587e+00 5.223286664993628037e+00 3.860586413952206364e+00 6.470654866173850550e-01 4.496536889689465966e+00 8.007927027266094067e-01
2.403605916518027463e+00 2.505340920917010106e+00 3.805328396996820128e+00 4.913991863485474454e+00 5.369794406315562263e+00 3.141670410645036604e+00 1.594923184772198521e+00 9.142960295273568905e-01 5.258306855270499902e+00 3.233348437103214845e+00 5.223418773392773495e+00 3.860480309369595631e+00 6.468675478400740531e-01 4.496502485872711397e+00 8.008119394322537055e-01
2.403495612471933107e+00 2.505451233553097179e+00 3.805239876489006967e+00 4.913826749092093493e+00 5.369765751557721067e+00 3.141569942832732831e+00 1.594801033912328858e+00 9.143794779301368525e-01 5.258359234321654974e+00 3.233225964795008789e+00 5.223529086028860569e+00 3.860391788861782469e+00 6.467024334466925373e-01 4.496473831114870201e+00 8.008279621889855537e-01
2.403403454130455419e+00 2.505543389800939380e+00 3.805165980214674892e+00 4.913688927523769401e+00 5.369741863873994880e+00 3.141486089975805474e+00 1.594699110770397166e+00 9.144492037011566765e-01 5.258403004960849003e+00 3.233123688970505949e+00 5.223621242276702326e+00 3.860317892587450395e+00 6.465646118783684448e-01 4.496449943431144014e+00 8.008413197808936790e-01
2.403326427360355400e+00 2.505620408368542495e+00 3.805104260259700055e+00 4.913573825867087130e+00 5.369721935382814948e+00 3.141416065843956495e+00 1.594614015211767155e+00 9.145074847191893008e-01 5.258439594598447009e+00 3.233038240052839463e+00 5.223698260844305885e+00 3.860256172632475558e+00 6.464495102216863964e-01 4.496430014939964082e+00 8.008524637496454712e-01
2.403262027372834453e+00 2.505684797001380026e+00 3.805052688012956263e+00 4.913477655833700553e+00 5.369705299550020072e+00 3.141357562985271024e+00 1.594542933774647286e+00 9.145562144000159988e-01 5.258470190195407845e+00 3.232966822333518397e+00 5.223762649477142084e+00 3.860204600385731766e+00 6.463533401882981533e-01 4.496413379107170094e+00 8.008617666731582263e-01
2.403208170075109340e+00 2.505738641666225508e+00 3.805009579498427996e+00 4.913397273641655794e+00 5.369691405143352192e+00 3.141308667015378919e+00 1.594483533937663067e+00 9.145969684712911274e-01 5.258495779881247500e+00 3.232907112756981061e+00 5.223816494141988009e+00 3.860161491871203499e+00 6.462729579962539495e-01 4.496399484700502214e+00 8.008695367045433056e-01
2.403163119607596432e+00 2.505783679376291317e+00 3.804973534840743188e+00 4.913330066534207674e+00 5.369679795369263431e+00 3.141267787261329936e+00 1.594433878765029400e+00 9.146310595962565682e-01 5.258517187042650143e+00 3.232857178581267199e+00 5.223861531852053375e+00 3.860125447213518690e+00 6.462057508888054969e-01 4.496387874926414341e+00 8.008760292215238996e-01
