1.514893663422941239e-01 1.552495569108848450e+00 1.906157088979765657e+00 4.598810063547017712e+00 2.034787743679574490e+00 6.248281166382637863e+00 6.206734843391225276e+00 6.222390469263059387e+00 2.479156537799843463e+00 7.928908251611468394e-01 4.713236405345940128e+00 2.345113856008147202e-01 2.091532708362090709e+00 1.713925765042693117e+00 2.316747567152834364e+00
8.627253094908898801e-02 1.486097837912272901e+00 1.837450554861599805e+00 4.531379187220172966e+00 2.069907495172920608e+00 6.242941507962105341e+00 6.201966353208478999e+00 6.201723281978197555e+00 2.469305235085729855e+00 8.378432607751634675e-01 4.646838674149364579e+00 1.658048514826489517e-01 2.024101832035246851e+00 1.749045516536039679e+00 2.307594808404010323e+00
2.186346554307323775e-02 1.420143637908518386e+00 1.768697882295950263e+00 4.463776388130097139e+00 2.107699033133140887e+00 6.239507885653133634e+00 6.204121315095477485e+00 6.172038251323191282e+00 2.445255330796936022e+00 8.948603055178758758e-01 4.580884474145610064e+00 9.705217891699931265e-02 1.956499032945171690e+00 1.786837054496259736e+00 2.308713401751257610e+00
-1.964397993334668358e-02 1.377133418918362162e+00 1.723265471371207447e+00 4.418644709604695464e+00 2.136365845792041362e+00 6.238735463162501382e+00 6.212700569442693777e+00 6.141920256119333565e+00 2.416133552199260848e+00 9.407772077966506385e-01 4.537874255155453618e+00 5.161976799225685697e-02 1.911367354419769793e+00 1.815503867155160433e+00 2.321647866539672478e+00
-4.433800628094489160e-02 1.351305179146044422e+00 1.695874900376197481e+00 4.390828427918200383e+00 2.157172609287076437e+00 6.239247726576734543e+00 6.222158755604001001e+00 6.119225498075604897e+00 2.393414259342169448e+00 9.698124638745598824e-01 4.512046015383136321e+00 2.422919699724718906e-02 1.883551072733275600e+00 1.836310630650195730e+00 2.336923689214309263e+00
-6.047988505699457285e-02 1.334387849830949602e+00 1.678046404790104473e+00 4.372333723057714394e+00 2.172562939884863820e+00 6.240046745246639048e+00 6.229933041725677079e+00 6.103833457727256828e+00 2.378045375149034690e+00 9.879144208676965411e-01 4.495128686068041723e+00 6.400701411153907755e-03 1.865056367872788723e+00 1.851700961247982891e+00 2.349404866531779490e+00
-7.183288165958820470e-02 1.322521070096289941e+00 1.665655880533881472e+00 4.359311485190829671e+00 2.183927131973477209e+00 6.240782998426304573e+00 6.235704022324434881e+00 6.093730523338181548e+00 2.368061540367734974e+00 9.996313662334461725e-01 4.483261906333382285e+00 -5.989822845069235624e-03 1.852034130005904000e+00 1.863065153336596724e+00 2.358408134081467544e+00
-8.015240854811764293e-02 1.313864616846837086e+00 1.656694596457477742e+00 4.349847699545308366e+00 2.192259181856297090e+00 6.241367627479904812e+00 6.239790991398473707e+00 6.087182651720262072e+00 2.361657541742206323e+00 1.007528849992106235e+00 4.474605453083928985e+00 -1.495110692147398786e-02 1.842570344360384915e+00 1.871397203219416383e+00 2.364546937945087191e+00
-8.638109037777846888e-02 1.307415752866219583e+00 1.650064796215788165e+00 4.342852990718012229e+00 2.198331541573411041e+00 6.241801144959748804e+00 6.242609091834115276e+00 6.082965991072497580e+00 2.357565744336055147e+00 1.013034968114265189e+00 4.468156589103311482e+00 -2.158090716316356586e-02 1.835575635533088557e+00 1.877469562936530334e+00 2.368601140145947692e+00
-9.109469709289129413e-02 1.302558467246600404e+00 1.645098056668537589e+00 4.337636128812316194e+00 2.202740267760212145e+00 6.242110327025009120e+00 6.244518539603969742e+00 6.080262770953279272e+00 2.354954054045867107e+00 1.016973399723506644e+00 4.463299303483692526e+00 -2.654764671041411062e-02 1.830358773627392299e+00 1.881878289123331660e+00 2.371220001038998770e+00
