1.711409737166494915e+00 2.075854634220211548e+00 5.882414489510380262e-01 2.807736403934260050e+00 6.174109554062612304e+00 3.011062501922190382e+00 1.449922506989993032e+00 6.588593352639550149e-01 1.467194713032534459e+00 5.397612248164234128e-01 3.908785551045564688e+00 2.598955636594476815e+00 5.188883411951771052e+00 5.011086086881068269e+00 3.438019824966093818e+00
1.749438661941672413e+00 2.039955054579897453e+00 6.197495518817153215e-01 2.808934435514441219e+00 6.235423055013654903e+00 2.949713588372119055e+00 1.396106691041876458e+00 7.140583419455962533e-01 1.470029325324899050e+00 5.567112334672951190e-01 3.872885971405250594e+00 2.630463739525154221e+00 5.190081443531951777e+00 5.072399587832111756e+00 3.479250874562548557e+00
1.790607487169030509e+00 2.000827850484330650e+00 5.954865922120337052e-01 2.766068817748656983e+00 6.214129488671114032e+00 2.978597824759130042e+00 1.418156454763841445e+00 6.955216028130533079e-01 1.473322266667413505e+00 6.019852163928540723e-01 3.833758767309683790e+00 2.606200779855472938e+00 5.147215825766167541e+00 5.051106021489570885e+00 3.462132462090143026e+00
1.825619260360995533e+00 1.968263864222509651e+00 5.612441741461755562e-01 2.721264733622458021e+00 6.178499277084418928e+00 3.022111452925873021e+00 1.451217615164106078e+00 6.642344040748620060e-01 1.468054331247915067e+00 6.439012428426384993e-01 3.801194781047863458e+00 2.571958361789614234e+00 5.102411741639968135e+00 5.015475809902876669e+00 3.439382031677958196e+00
1.841519150360586776e+00 1.949959975687230118e+00 7.061023521334122144e-01 2.823071127617467813e+00 6.303790316088413448e+00 2.838229118325739542e+00 1.325793076405537896e+00 7.889719708497606732e-01 1.540084785945214474e+00 5.901400341250422343e-01 3.782890892512583925e+00 2.716816539776850892e+00 5.204218135634977926e+00 5.140766848906870301e+00 3.480596000173063587e+00
1.938050158578503490e+00 1.925187382182854012e+00 1.652517394263187667e-01 2.469905998279187553e+00 5.766311766181378751e+00 3.477149231555333397e+00 1.819258846384928852e+00 3.027716110975307018e-01 1.335748069723928122e+00 7.723089895278102412e-01 3.758118299008208041e+00 2.175965927069756667e+00 4.851053006296698555e+00 4.603288298999834716e+00 3.284722726435059137e+00
1.499238597184942012e-01 3.719268898408646606e+00 2.344702108329435042e-01 2.578051061081389150e+00 7.851611625203059219e+00 2.377609291586696649e+00 9.651287541512560963e-01 2.506423202970381681e+00 1.638816450210951903e+00 5.094835316159584959e-01 5.552199815234001079e+00 2.245184398476381737e+00 4.959198069098897932e+00 6.688588158021518737e+00 4.339513726908048596e+00
-9.228571822392098056e+01 4.328813023911435209e+01 -5.162643484180178888e+01 8.289513675954032124e+01 5.629308707883855334e+01 3.067883794834060929e+00 -1.187099163886882636e+01 7.043156485436439596e+01 2.966423067762798027e+01 5.747252762246653646e+01 4.512106115593969946e+01 -4.961572065415829513e+01 8.527628376755775719e+01 5.513006361165700042e+01 8.213857956067921862e+01
-9.232436236571750499e+01 4.333046767940621180e+01 -5.169282851692226899e+01 8.306857216164900137e+01 5.612674500463406702e+01 2.909015759899667763e+00 -1.210972681930318373e+01 7.028325856748401179e+01 2.971745034159415155e+01 5.759339618989192644e+01 4.516339859623155206e+01 -4.968211432927878235e+01 8.544971916966643732e+01 5.496372153745249989e+01 8.200513994511399574e+01
-9.238686074741195853e+01 4.342241265556507557e+01 -5.161948018350408773e+01 8.301789655259069889e+01 5.631216291711531596e+01 3.088076721935938629e+00 -1.196622838531582822e+01 7.040243304223342591e+01 2.962367115543642271e+01 5.756831570234632522e+01 4.525534357239043004e+01 -4.960876599586059399e+01 8.539904356060816326e+01 5.514913944993378436e+01 8.215293810615776238e+01
