5.207899051208838559e-01 4.521045977717917275e+00 3.013655747913535521e+00 2.525861670907239453e+00 6.193400531001354459e+00 5.153272471712916136e+00 5.400043157566269514e+00 3.191351378457196186e-01 2.755738253016173811e+00 4.227559866894130991e+00 5.646680218938375795e+00 6.191667245600713798e+00 1.444731651167256326e+00 3.300941661542148076e+00 4.149773261543109548e+00
5.944038944366278887e-01 4.504796660064003255e+00 3.038226521340149144e+00 2.567447178406132124e+00 6.162641451855160213e+00 5.123041457947880239e+00 5.482556749200609758e+00 2.475720049105861742e-01 2.839135232681355703e+00 4.141947387726995444e+00 5.630430901284461775e+00 6.216238019027327866e+00 1.486317158666148996e+00 3.270182582395953386e+00 4.138543790541051592e+00
6.607482926959296066e-01 4.487190541328260451e+00 3.054296379357977820e+00 2.595906416194476485e+00 6.143138138870899212e+00 5.090535269989371336e+00 5.559389755614388307e+00 1.786499124826299856e-01 2.918500653207794393e+00 4.062318704752959420e+00 5.612824782548718971e+00 6.232307877045156097e+00 1.514776396454493357e+00 3.250679269411692385e+00 4.121806314256048154e+00
7.133681460436787081e-01 4.474165559464003294e+00 3.065243264611162921e+00 2.613784842110726814e+00 6.131018287494950592e+00 5.063392443335428261e+00 5.619202921481741164e+00 1.238218017166621970e-01 2.980372090957576159e+00 4.001324652274597327e+00 5.599799800684461815e+00 6.243254762298342087e+00 1.532654822370742576e+00 3.238559418035736215e+00 4.105827607496151721e+00
7.536831676516552170e-01 4.466630568967507209e+00 3.074392574424476887e+00 2.626419201782562940e+00 6.121641696074229699e+00 5.043673184024320300e+00 5.662533265174038988e+00 8.355913761299157971e-02 3.025118568985583511e+00 3.957807826284301722e+00 5.592264810187964841e+00 6.252404072111657385e+00 1.545289182042578924e+00 3.229182826615014879e+00 4.094150375452151103e+00
7.844473728356566866e-01 4.462295950627583885e+00 3.081902835386063799e+00 2.635653143569296919e+00 6.114218764105321391e+00 5.029440334869571316e+00 5.694157335584039359e+00 5.384355747933192160e-02 3.057789233579850663e+00 3.926409863837995395e+00 5.587930191848041517e+00 6.259914333073243853e+00 1.554523123829312903e+00 3.221759894646107458e+00 4.085839156227293323e+00
8.081690369829584997e-01 4.459616484565943395e+00 3.087872945744226882e+00 2.642458240314959017e+00 6.108429012671529712e+00 5.018856904713229206e+00 5.717868670566513600e+00 3.135386800007685520e-02 3.082295485311514316e+00 3.903097415178346630e+00 5.585250725786401027e+00 6.265884443431405160e+00 1.561328220574975445e+00 3.215970143212315779e+00 4.079690350156579548e+00
8.267016443892906130e-01 4.457858714925501786e+00 3.092594055668147046e+00 2.647552800401795636e+00 6.103901420055202642e+00 5.010789536362443286e+00 5.736053103236483430e+00 1.397622096890151211e-02 3.101092810550824641e+00 3.885366884989023717e+00 5.583492956145959418e+00 6.270605553355324879e+00 1.566422780661812064e+00 3.211442550595988710e+00 4.075007310536855165e+00
8.413325545621025414e-01 4.456653685306672941e+00 3.096336933188554408e+00 2.651425519053621116e+00 6.100337081189395327e+00 5.004531853462753865e+00 5.750224234276673840e+00 3.526070855461218428e-04 3.115741762675945381e+00 3.871645279190237154e+00 5.582287926527130573e+00 6.274348430875732241e+00 1.570295499313636878e+00 3.207878211730181839e+00 4.071372539460936579e+00
8.529688269528818978e-01 4.455799647432132637e+00 3.099315261876542493e+00 2.654406429895255215e+00 6.097513856520951236e+00 4.999619498696696418e+00 5.761389294979594844e+00 -1.043227092540748892e-02 3.127282347092428250e+00 3.860896733421883109e+00 5.581433888652591158e+00 6.277326759563720771e+00 1.573276410155270977e+00 3.205054987061737304e+00 4.068516086476275717e+00
