1.399070033283224213e+00 2.827245066263698092e+00 1.958865889807957394e+00 4.226853117304336105e-01 4.448308659330621140e+00 2.827573994245430988e+00 4.417443538065515263e+00 1.024806358761117142e+00 1.158894592552962788e+00 3.458786470790044199e+00 3.200209474250783170e+00 5.390567929132421554e+00 3.330503058897666069e+00 5.375382915765310798e+00 4.481181721780146399e-01
1.369591047342186618e+00 2.850223956952785187e+00 1.952192548034031638e+00 5.013208542590767980e-01 4.423389098800178054e+00 2.922001386193260331e+00 4.515043325978995270e+00 1.052738614295274377e+00 1.167942566687578232e+00 3.412888925491317504e+00 3.223188364939870265e+00 5.383894587358496686e+00 3.409138601426310533e+00 5.350463355234867713e+00 4.450979808840468399e-01
1.352450284988120144e+00 2.863233289948339255e+00 1.947171956577756768e+00 5.691290930690262595e-01 4.400137637544830227e+00 3.005724797523748659e+00 4.601179500784740029e+00 1.084725632809022455e+00 1.175845680119492309e+00 3.376862797441759767e+00 3.236197697935425222e+00 5.378873995902222482e+00 3.476946840236258662e+00 5.327211893979520774e+00 4.471668659853889616e-01
1.343807780774125327e+00 2.869818709836888804e+00 1.943112274221083791e+00 6.215724850972904614e-01 4.381068941772419123e+00 3.071520569786001076e+00 4.668724448570939600e+00 1.113418932822154650e+00 1.183501831467847154e+00 3.350255636245087487e+00 3.242783117823975214e+00 5.374814313545549282e+00 3.529390232264522975e+00 5.308143198207109670e+00 4.518304687962541033e-01
1.338655558407058743e+00 2.874156214555871447e+00 1.939728443199527197e+00 6.612469460855305847e-01 4.367025461250002571e+00 3.121119353652375139e+00 4.719604518322750408e+00 1.135800313070667089e+00 1.191308411795009237e+00 3.330024351250842063e+00 3.247120622542958746e+00 5.371430482523992467e+00 3.569064693252763210e+00 5.294099717684693118e+00 4.562790826793587384e-01
1.334971360108331062e+00 2.877658574745945774e+00 1.936983344347864566e+00 6.915284925669258342e-01 4.357053637935496937e+00 3.158532748307886440e+00 4.757966230090179494e+00 1.152600298695177550e+00 1.198669243842518162e+00 3.314303325405171474e+00 3.250622982733032185e+00 5.368685383672334055e+00 3.599346239734158903e+00 5.284127894370188372e+00 4.597360085051740430e-01
1.332159128129787984e+00 2.880586700115963517e+00 1.934791987194566909e+00 7.149172446347937804e-01 4.349907516878795732e+00 3.187103802037542177e+00 4.787246929146569130e+00 1.165276041586424727e+00 1.205155578487027146e+00 3.301978404458361549e+00 3.253551108103049927e+00 5.366494026519036176e+00 3.622734991802027071e+00 5.276981773313488056e+00 4.623328872335356610e-01
1.329969443758769687e+00 2.883018485366292794e+00 1.933050236145355427e+00 7.331574927479929116e-01 4.344686100318669197e+00 3.209183001492165843e+00 4.809863329858734993e+00 1.174962562258914378e+00 1.210661380754973315e+00 3.292262695724260002e+00 3.255982893353378760e+00 5.364752275469824916e+00 3.640975239915226425e+00 5.271760356753362409e+00 4.642953948295357458e-01
1.328249263586450013e+00 2.885020251620396436e+00 1.931666816989872304e+00 7.474798315834662032e-01 4.340804301402867438e+00 3.226396009480710259e+00 4.827487060135818631e+00 1.182443870770576666e+00 1.215239181418211523e+00 3.284574883456180316e+00 3.257984659607483735e+00 5.363368856314342459e+00 3.655297578750699383e+00 5.267878557837560649e+00 4.657936351255860252e-01
1.326891308992464102e+00 2.886656219821657210e+00 1.930568022635099190e+00 7.587751007154690530e-01 4.337878660010781040e+00 3.239894944693469281e+00 4.841302487520229292e+00 1.188266159177434389e+00 1.218997453299277556e+00 3.278477934539748784e+00 3.259620627808745397e+00 5.362270061959569567e+00 3.666592847882701900e+00 5.264952916445475140e+00 4.669471962885259342e-01
