3.053102098229144357e+00 4.336799493324719812e+00 3.614389331617962497e+00 5.075313533646072628e+00 4.345701256466546702e+00 3.429402671782443068e+00 2.848029836951367244e+00 1.404704455065458157e+00 1.642098292601860576e+00 5.849060884390337556e+00 5.316017363238022320e+00 1.638064737419536732e+00 2.666206465693174543e+00 1.651108029868097127e+00 2.052346046658059642e+00
3.056607335805309411e+00 4.335075603830959245e+00 3.614233609200154351e+00 5.076900701896795098e+00 4.352143837973319052e+00 3.428890951224456973e+00 2.850003492398944349e+00 1.411270709630182418e+00 1.642413904748223352e+00 5.848784179376498749e+00 5.314293473744261753e+00 1.637909015001728585e+00 2.667793633943897014e+00 1.657550611374869254e+00 2.059056200488039501e+00
3.058837984165723611e+00 4.334088463144728287e+00 3.613931369010218386e+00 5.077965300111483060e+00 4.356582911887561416e+00 3.428544587988461956e+00 2.851350287444980758e+00 1.415772351672335949e+00 1.642430333198118264e+00 5.848425702160994888e+00 5.313306333058030795e+00 1.637606774811792620e+00 2.668858232158584975e+00 1.661989685289111396e+00 2.063646409651837210e+00
3.060205720766251858e+00 4.333600118339095530e+00 3.613527594253149289e+00 5.078659884498646804e+00 4.359668117143495891e+00 3.428303264964285280e+00 2.852287216776034473e+00 1.418877824876149774e+00 1.642248216216044776e+00 5.848009898546434826e+00 5.312817988252398038e+00 1.637203000054723523e+00 2.669552816545748275e+00 1.665074890545046093e+00 2.066797637865791959e+00
3.060986120278635703e+00 4.333453666416076544e+00 3.613049086755161898e+00 5.079096437875845638e+00 4.361840240755831211e+00 3.428129604895616467e+00 2.852954067061979071e+00 1.421040676054078800e+00 1.641928712702651616e+00 5.847549415020456998e+00 5.312671536329379052e+00 1.636724492556735910e+00 2.669989369922946665e+00 1.667247014157380969e+00 2.068974631186457191e+00
3.061363648730059062e+00 4.333545328022970544e+00 3.612511987555085291e+00 5.079354269019579426e+00 4.363397577673740813e+00 3.427999900994681326e+00 2.853442163062462900e+00 1.422567780096596346e+00 1.641509723749047911e+00 5.847051010271235860e+00 5.312763197936273052e+00 1.636187393356659525e+00 2.670247201066680010e+00 1.668804351075290571e+00 2.070492967879301816e+00
3.061462015714953022e+00 4.333806198182232450e+00 3.611926081513309406e+00 5.079488439081870865e+00 4.364542087530330683e+00 3.427898802604866901e+00 2.853811926089877105e+00 1.423666832410514616e+00 1.641015131139152983e+00 5.846518374782973204e+00 5.313024068095534957e+00 1.635601487314883418e+00 2.670381371128971448e+00 1.669948860931880885e+00 2.071566664805843061e+00
3.061364323915555907e+00 4.334190416685523850e+00 3.611297268057937604e+00 5.079536709547156192e+00 4.365410703926923652e+00 3.427816198883816501e+00 2.854103746844688594e+00 1.424478579234445430e+00 1.640460136694001037e+00 5.845953506862612947e+00 5.313408286598826358e+00 1.634972673859511616e+00 2.670429641594256776e+00 1.670817477328473633e+00 2.072340880622363990e+00
3.061126435220579367e+00 4.334667458878253221e+00 3.610629009558918856e+00 5.079524758548502383e+00 4.366096427893129572e+00 3.427745337905305334e+00 2.854344851698712215e+00 1.425098536929630511e+00 1.639854431815329194e+00 5.845357410636498052e+00 5.313885328791555729e+00 1.634304415360492868e+00 2.670417690595602522e+00 1.671503201294679553e+00 2.072914126764116016e+00
3.060785873651465483e+00 4.335217066430725907e+00 3.609923204760011384e+00 5.079469927989778810e+00 4.366662535175512616e+00 3.427681658855056934e+00 2.854553722005753080e+00 1.425591622144568582e+00 1.639204135999915435e+00 5.844730469465350353e+00 5.314434936344029303e+00 1.633598610561585618e+00 2.670362860036878061e+00 1.672069308577062374e+00 2.073353304607949088e+00
