4.307729080204707017e+00 8.308620404048302488e-01 5.693111895618318208e+00 1.188246289082540985e-01 6.242913245722080617e+00 5.416803280214595340e+00 8.200142859263663819e-01 8.840095916422288091e-01 4.409408872716779726e+00 5.241349379969459932e+00 5.404422639304457654e+00 2.124810489950416326e+00 2.852788602350411651e+00 2.455492451830869172e+00 2.766383031783001378e+00
4.335488397736655841e+00 8.023893832063473397e-01 5.726321818924970053e+00 1.009185228185017213e-01 6.150416187239292398e+00 5.341863474157584335e+00 7.498638048320938054e-01 8.000353289292704284e-01 4.497851651996486844e+00 5.241465236112013315e+00 5.375949982105974634e+00 2.158020413257068171e+00 2.834882496260659135e+00 2.362995393348080952e+00 2.668622018304587229e+00
4.357202326111328183e+00 7.895424459741152701e-01 5.751084831147907472e+00 9.789559138028355867e-02 6.102676213217945289e+00 5.311836505430098221e+00 7.245480481641654036e-01 7.770816339295851805e-01 4.522982374078178047e+00 5.239841517953748529e+00 5.363103044873741787e+00 2.182783425480005146e+00 2.831859564822440944e+00 2.315255419326734732e+00 2.628448999116416829e+00
4.376465623534278926e+00 7.881149354763263837e-01 5.771870193593403364e+00 1.094836866829022315e-01 6.080298274090051969e+00 5.309530637532299480e+00 7.256776299471280334e-01 7.728930732022979422e-01 4.527660043731281725e+00 5.230514619154540412e+00 5.361675534375951457e+00 2.203568787925500594e+00 2.843447660125059784e+00 2.292877480198840967e+00 2.617016691505085646e+00
4.399058500028519170e+00 7.919578466676941986e-01 5.794889992697656034e+00 1.309015968958917864e-01 6.064871458573129814e+00 5.318006262833948838e+00 7.369961308048740278e-01 7.729441370578175041e-01 4.527476006335836800e+00 5.213970374395403340e+00 5.365518445567319716e+00 2.226588587029753263e+00 2.864865570338049228e+00 2.277450664681919257e+00 2.615205017876265359e+00
4.410399047461257105e+00 8.113377696411792073e-01 5.805389826852784374e+00 1.757569634271864134e-01 6.085298003695196911e+00 5.369654789126397709e+00 7.882150560883959267e-01 7.829444438663658579e-01 4.512987355622593455e+00 5.177131920106714524e+00 5.384898368540804725e+00 2.237088421184881604e+00 2.909720936869344410e+00 2.297877209803985465e+00 2.656344795121896585e+00
4.420551454331628882e+00 8.361527861318618360e-01 5.814131950120156489e+00 2.290578731937845391e-01 6.114825120463547314e+00 5.434396791409896288e+00 8.524083451219520713e-01 7.928761213557333765e-01 4.500867280978368079e+00 5.130478948664466188e+00 5.409713385031487576e+00 2.245830544452253275e+00 2.963021846635942591e+00 2.327404326572336313e+00 2.706399463754920021e+00
4.504104218561539419e+00 8.134142021084684870e-01 5.899483121324794688e+00 2.414629528611756393e-01 6.004390409176995291e+00 5.349210388204591382e+00 7.691440539375916652e-01 7.800364278342539759e-01 4.510658450135809794e+00 5.162682532856640805e+00 5.386974801008094893e+00 2.331181715656891029e+00 2.975426926303334163e+00 2.216969615285783846e+00 2.652852660922660366e+00
-4.727745285261279129e+00 2.820918008629798468e+00 -2.633075637232198396e+00 4.314265964323810820e+00 2.228745486245795959e+01 2.145841005660857093e+01 1.645651733956415441e+01 -1.814681415331726777e+00 8.369596817000566347e+00 -3.248007940800874849e+00 7.394478607529435976e+00 -6.201377042900109160e+00 7.048229937765970732e+00 1.850003406856674815e+01 1.098746806493683081e+01
-4.809936756380544409e+00 2.840369381129069115e+00 -2.570894731717700665e+00 4.399693673807800742e+00 2.218635491616664979e+01 2.153906172633745442e+01 1.641150393041928268e+01 -1.694073108824636353e+00 8.421160830300699729e+00 -3.300962767699051170e+00 7.413929980028705735e+00 -6.139196137385610541e+00 7.133657647249959766e+00 1.839893412227543834e+01 1.108636946857403238e+01
-4.813935576019054530e+00 2.649200762309678048e+00 -2.240121037088725675e+00 4.542346851848479083e+00 2.210249629833918661e+01 2.177627890832614099e+01 1.629082423428658544e+01 -1.278130161263059117e+00 8.555609596573424014e+00 -3.480103350156321440e+00 7.222761361209316000e+00 -5.808422442756636883e+00 7.276310825290637219e+00 1.831507550444797516e+01 1.115779117603972459e+01
-4.846780958366220915e+00 2.677325147723501164e+00 -2.243078256207919896e+00 4.487960048770567312e+00 2.210419351203641014e+01 2.185106550848974649e+01 1.622303366597214236e+01 -1.205863578345593545e+00 8.608269366704355718e+00 -3.553865012264369572e+00 7.250885746623138672e+00 -5.811379661875831992e+00 7.221924022212726335e+00 1.831677271814519870e+01 1.114443651622258891e+01
-4.890861789742753096e+00 2.714990848054068984e+00 -2.237611525498198084e+00 4.379965862694377599e+00 2.210958910789851828e+01 2.202232278729180237e+01 1.607223304017783505e+01 -1.045649902424431232e+00 8.721519689839489331e+00 -3.715718552781108297e+00 7.288551446953706936e+00 -5.805912931166109736e+00 7.113929836136536622e+00 1.832216831400730683e+01 1.110917602907381685e+01
-4.895072609611624159e+00 2.719379540691177155e+00 -2.231876527970141133e+00 4.362526612322070285e+00 2.210949004150535657e+01 2.206998882133004969e+01 1.604023897751057959e+01 -1.003720765621521016e+00 8.758152686573714263e+00 -3.762825428948203488e+00 7.292940139590815107e+00 -5.800177933638052785e+00 7.096490585764229309e+00 1.832206924761414157e+01 1.110086336286807374e+01
-4.906395864193395795e+00 2.731179374239539825e+00 -2.247859531885109785e+00 4.360462136795593580e+00 2.210928224082458016e+01 2.202117336349368060e+01 1.605763542970094093e+01 -1.052715193658354087e+00 8.707669785797936157e+00 -3.707447741484888759e+00 7.304739973139177778e+00 -5.816160937553020993e+00 7.094426110237751715e+00 1.832186144693336516e+01 1.110219744904963868e+01
-4.966500122535336459e+00 2.791135463689580209e+00 -2.357470488926749486e+00 4.386538731863931950e+00 2.212527948078997042e+01 2.168730610408561432e+01 1.622847903674355763e+01 -1.368253777367266499e+00 8.390790586787300498e+00 -3.344472699999680110e+00 7.364696062589218606e+00 -5.925771894594660694e+00 7.120502705306090085e+00 1.833785868689875542e+01 1.110206376050647847e+01
-4.978600224063176150e+00 2.977194804430313813e+00 -2.167379799576230504e+00 3.816799197660028398e+00 2.167680197061574887e+01 2.266901618756230263e+01 1.523329819828997245e+01 -4.064348619608003643e-01 9.403840603362803918e+00 -4.495325917483613765e+00 7.550755403329948656e+00 -5.735681205244141267e+00 6.550763171102190086e+00 1.788938117672452677e+01 1.153609400320393341e+01
-1.809379538112916741e+00 1.619525227447478066e+00 -3.907868338693547994e+00 3.584697818132897673e+00 2.187028550153066675e+01 2.600958168150258132e+01 1.503754564445598341e+01 4.468690226394960163e+00 6.277545965391123417e+00 -7.111193084888681959e+00 6.193085826347115130e+00 -7.476169744361457425e+00 6.318661791575058473e+00 1.808286470763943754e+01 7.307307114587898056e+00
-1.816307181751263933e+00 1.601259586702636684e+00 -3.806964459932513645e+00 3.558663575700058423e+00 2.184489314014775019e+01 2.613156676345684915e+01 1.506640186232016632e+01 4.559902165769691429e+00 6.240606780434418965e+00 -6.995274506442168416e+00 6.174820185602273526e+00 -7.375265865600423965e+00 6.292627549142219223e+00 1.805747234625652098e+01 7.258461564950254186e+00
-1.827028470060070742e+00 1.583152533970391129e+00 -3.754691082209139275e+00 3.548032777382283509e+00 2.183666778341590842e+01 2.619696860059673682e+01 1.507527992304793329e+01 4.603926796470595662e+00 6.223947618280203820e+00 -6.932013074762076954e+00 6.156713132870027749e+00 -7.322992487877050038e+00 6.281996750824443865e+00 1.804924698952467921e+01 7.238885281490852641e+00
4.921144942092658958e-01 3.362506956277910852e+00 -7.160374589997109851e+00 3.593527979420874097e+00 2.173255888742438202e+01 2.194342218865280358e+01 1.536615742561263431e+01 2.018398909636475835e+00 6.651830224534112546e+00 -1.119804412561985174e+01 7.936067555177546140e+00 -1.072867599566499486e+01 6.327491952863049107e+00 1.794513809353305334e+01 7.821380956245161720e+00
-1.811185150746494887e+00 5.666102198837485560e+00 -9.614814011643270319e+00 4.518924979770333472e+00 2.197457916316860960e+01 2.257811263448494898e+01 1.611605140529666969e+01 3.581870023210987242e+00 6.069421067488288024e+00 -9.087745795584691422e+00 1.023966279773714305e+01 -1.318311541731118197e+01 7.252888953212507595e+00 1.818715836927728802e+01 8.881360087663681568e+00
-1.869837391887472666e+00 5.716315201385054223e+00 -9.671929162321758255e+00 4.573827880260887824e+00 2.203309253028453796e+01 2.258806411005812365e+01 1.610034919942006582e+01 3.596854674482392600e+00 6.067337959894417487e+00 -9.079320701170399133e+00 1.028987580028471172e+01 -1.324023056798966991e+01 7.307791853703061058e+00 1.824567173639321638e+01 8.823765442579075469e+00
-1.917948174010621232e+00 5.756877252330375505e+00 -9.718395738215418689e+00 4.617895703329938151e+00 2.208034024510433468e+01 2.259189321045638721e+01 1.608910689976905672e+01 3.608934680703058895e+00 6.066587111308360925e+00 -9.073409239514457880e+00 1.033043785123003211e+01 -1.328669714388333389e+01 7.351859676772112273e+00 1.829291945121301310e+01 8.776588392072749656e+00
-1.914164532306954936e+00 5.732028648811314575e+00 -9.715233700209376266e+00 4.596080423095786571e+00 2.206893189708641145e+01 2.257811979999345553e+01 1.608386775743746711e+01 3.598603154197427045e+00 6.065443066040796971e+00 -9.058278445826076108e+00 1.030558924771097118e+01 -1.328353510587729147e+01 7.330044396537960694e+00 1.828151110319509343e+01 8.780193537848617780e+00
-1.831779464025076187e+00 5.589232890422350053e+00 -9.636560434369295436e+00 4.453390049431358300e+00 2.196055501313891511e+01 2.251836511008819031e+01 1.610014649511384022e+01 3.548472927608525840e+00 6.052342303193648299e+00 -8.996764835671037019e+00 1.016279348932200577e+01 -1.320486184003721242e+01 7.187354022873532422e+00 1.817313421924759709e+01 8.862743896732895976e+00
-1.783006965510951725e+00 5.541756753727529627e+00 -9.590781031101590415e+00 4.388081052203670396e+00 2.189599613015279544e+01 2.247314211431635655e+01 1.614374199818772837e+01 3.538087900780606976e+00 6.021670294289983794e+00 -8.968561805760275618e+00 1.011531735262718534e+01 -1.315908243676950740e+01 7.122045025645844518e+00 1.810857533626147742e+01 8.930166551322875179e+00
-1.403127852297502809e+00 5.273001563660163704e+00 -9.212961771773670705e+00 4.005960620482887258e+00 2.143710098307532164e+01 2.224957166246738893e+01 1.637529363253621639e+01 3.536822509242473433e+00 5.874994386553529679e+00 -8.931660711682940956e+00 9.846562162559820308e+00 -1.278126317744158591e+01 6.739924593925062268e+00 1.764968018918400361e+01 9.392502971138680934e+00
-1.033563029770478758e+00 4.989544257096169666e+00 -8.521993614943534467e+00 3.593029760075211243e+00 2.117617265931868076e+01 2.169191188751156218e+01 1.675445835642527825e+01 3.155730285488918430e+00 5.979990838189831237e+00 -8.890614621931534955e+00 9.563104855995828046e+00 -1.209029502061144434e+01 6.326993733517386254e+00 1.738875186542735918e+01 9.641604298073444212e+00
-9.762014917638304201e-01 4.945610006090558564e+00 -8.852628396830205304e+00 3.919434425503404817e+00 2.134313280987965911e+01 2.195251937773748452e+01 1.682780686893911337e+01 2.990356923540491874e+00 6.254565753977890274e+00 -8.898162727277917128e+00 9.519170604990216944e+00 -1.242092980249811518e+01 6.653398398945579828e+00 1.755571201598833397e+01 9.260939027684326419e+00
