1.590644622516149478e-02 1.291239675308647028e+00 5.322703141768805324e+00 2.945785171391660739e+00 5.816417132664262191e+00 6.108955985039639991e+00 4.483474754948511887e+00 1.176987465823400525e+00 2.712197473844978557e+00 3.312627328500786561e+00 7.467801172166750080e-03 8.873352100848079793e-01 3.943896643487112996e+00 6.010638199038298435e-01 1.319200831130938445e+00
1.185082614034629195e-02 1.289517302903766538e+00 5.325201231164570004e+00 2.939677174500995527e+00 5.815709037913904922e+00 6.108711382122542943e+00 4.494247111281193696e+00 1.189270228659866868e+00 2.729540451510226173e+00 3.328097649461042362e+00 5.745428767286150755e-03 8.898332994805725482e-01 3.937788646596447784e+00 6.003557251534729078e-01 1.317614796321270765e+00
1.739182604092612619e-02 1.288687686613559036e+00 5.319092613825283422e+00 2.943991733308344294e+00 5.818341193212699380e+00 6.108813836231743011e+00 4.462694769055942423e+00 1.155088159387988922e+00 2.689314723023152887e+00 3.289814489773973616e+00 4.915812477078540174e-03 8.837246821412861886e-01 3.942103205403796107e+00 6.029878804522675884e-01 1.317632837779840305e+00
2.788967436933140892e-02 1.285216373010392932e+00 5.302425971385556380e+00 2.957839908464053202e+00 5.821563889323364549e+00 6.109142817060802422e+00 4.394281578927980547e+00 1.080133072688641338e+00 2.600756302859070335e+00 3.205254529579488754e+00 1.444498873913343390e-03 8.670580397015584806e-01 3.955951380559505015e+00 6.062105765629322018e-01 1.319007721174491721e+00
-5.559967482721209220e-03 1.276546030043242519e+00 5.362586802724429447e+00 2.913645899382750315e+00 5.837095457584496216e+00 6.110193790282866466e+00 4.523109119213844842e+00 1.218301032047247601e+00 2.759365186809681347e+00 3.359360845130309414e+00 -7.225844093237327945e-03 9.272188710404314360e-01 3.911757371478203016e+00 6.217421448240634252e-01 1.300413176853308928e+00
4.514301184210549669e-03 1.278642275342806833e+00 5.359322106575786115e+00 2.917715451623523748e+00 5.843003554815655143e+00 6.110107614358919470e+00 4.483242077178042351e+00 1.178899480129111721e+00 2.708123117827403448e+00 3.311892998378691999e+00 -5.129598793672944176e-03 9.239541748917885489e-01 3.915826923718976005e+00 6.276502420552226846e-01 1.298408396395829723e+00
1.428503232798470669e-02 1.283313538407749865e+00 5.354564503128060871e+00 2.923462887987855030e+00 5.843363054069170559e+00 6.110124281751613040e+00 4.457564362856750506e+00 1.153224412002170185e+00 2.674767826294214945e+00 3.280709202095446475e+00 -4.583357287299798244e-04 9.191965714440635260e-01 3.921574360083307287e+00 6.280097413087383229e-01 1.299902060259036762e+00
4.108767150806755947e-02 1.257596915664075166e+00 5.316947050870608926e+00 2.952526616035425544e+00 5.874601692721602930e+00 6.111020193332287853e+00 4.201674943760481895e+00 8.938364672902572305e-01 2.351642024529231989e+00 2.971412223810397268e+00 -2.617495847240676118e-02 8.815791191866103604e-01 3.950638088130876913e+00 6.592483799611695838e-01 1.279009497047394195e+00
2.161595678634950501e-02 1.245765661577487915e+00 5.345813908886690058e+00 2.953824417984197037e+00 5.878011912087330870e+00 6.113254443908482827e+00 4.247154106791432682e+00 9.390777964799859046e-01 2.397145409040683184e+00 3.018939510711597052e+00 -3.800621255899407080e-02 9.104459772026910480e-01 3.951935890079648406e+00 6.626585993268976349e-01 1.275726559786346748e+00
1.416544856312190043e-02 1.235864771651373317e+00 5.322203508548398077e+00 2.957882112503421812e+00 5.875516156552291314e+00 6.112439860836145655e+00 4.231014932766409942e+00 9.221475123786022632e-01 2.391016695808850567e+00 3.007681051057808919e+00 -4.790710248510848118e-02 8.868355768643993997e-01 3.955993584598873181e+00 6.601628437918580783e-01 1.279988531825729803e+00
2.562340707127470640e-01 1.085297852961343512e+00 3.156196127664559814e+00 2.875317586497525557e+00 5.706277435128159325e+00 6.058119400637179019e+00 1.844627496493483676e+00 -1.571639470692522744e+00 5.451059898396937164e-01 7.987705251843197907e-01 -1.984740211751391259e-01 -1.279171804019437531e+00 3.873429058592975149e+00 4.909241223677273114e-01 1.571828797902298680e+00
-9.765886900558605532e+00 -8.050708770839213102e+00 -5.105214264860403972e+00 3.853464348098093684e+00 3.046288633120936673e+00 9.170008833752861577e+00 7.496766393440918996e+00 -1.105670070718658948e+01 -8.367596308703340924e+00 -8.746621106674284718e+00 -9.334480644975702290e+00 -9.540582196544406202e+00 4.851575820193536615e+00 -2.169064679639505222e+00 -2.034757055464231357e+00
-9.787982667204365939e+00 -8.033680298650947904e+00 -5.105092173097728114e+00 3.878512771278704196e+00 3.043453679460772499e+00 9.165975979636899140e+00 7.481843182759084776e+00 -1.106454648802489515e+01 -8.362790124459259289e+00 -8.764412599051627950e+00 -9.317452172787437092e+00 -9.540460104781731232e+00 4.876624243374147127e+00 -2.171899633299669841e+00 -2.039545285366415328e+00
-9.943766498000591980e+00 -7.937340224345502904e+00 -5.070991347749256306e+00 4.233379805393482798e+00 2.704456557772486391e+00 9.010555555943817296e+00 6.988971466171369329e+00 -1.091478092803874311e+01 -8.467388562072097002e+00 -8.985354633266002367e+00 -9.221112098481992092e+00 -9.506359279433258536e+00 5.231491277488925284e+00 -2.510896754987955060e+00 -1.970620348715107939e+00
-9.980347269718837566e+00 -7.870791511708418398e+00 -5.023864257373673148e+00 4.210036060631152210e+00 2.629547255826089724e+00 8.992007487424350742e+00 6.965664387874848096e+00 -1.097988931692874992e+01 -8.406480911888651875e+00 -8.917172343375783683e+00 -9.154563385844909362e+00 -9.459232189057676266e+00 5.208147532726594697e+00 -2.585806056934352171e+00 -1.910557511739051195e+00
-1.001634535188365227e+01 -7.824247989815106052e+00 -4.952369394758809662e+00 4.194352358712784223e+00 2.545712189329286446e+00 8.974798084495903439e+00 6.966389226612556662e+00 -1.101215485815061790e+01 -8.374283208283351598e+00 -8.885355598154715651e+00 -9.108019863951597017e+00 -9.387737326442813668e+00 5.192463830808226710e+00 -2.669641123431155449e+00 -1.838967922367684027e+00
-1.001453217651155647e+01 -7.823764545945455673e+00 -4.940904355900518574e+00 4.184351618137842621e+00 2.537026854411001064e+00 8.974791011045681444e+00 6.974795004679139154e+00 -1.100670811294555129e+01 -8.380131180598825225e+00 -8.891320684723744705e+00 -9.107536420081945749e+00 -9.376272287584523468e+00 5.182463090233285108e+00 -2.678326458349440831e+00 -1.827283927530192198e+00
-9.978618476516194491e+00 -7.847788464917622164e+00 -4.974876089376181199e+00 4.172991925049957196e+00 2.583207028812372297e+00 9.000656606571991958e+00 6.984577623131064783e+00 -1.098877305204785060e+01 -8.395163853239470342e+00 -8.912226053459967545e+00 -9.131560339054113129e+00 -9.410244021060186981e+00 5.171103397145399683e+00 -2.632146283948069598e+00 -1.861475411963606552e+00
-8.448464861863622843e+01 6.380642077718477623e+01 9.502520974370668227e+01 1.075093519408792098e+01 -1.184919401219000434e+02 -3.255567497068616944e+01 -8.355527732384352646e+00 -6.455778391720222942e+01 3.989338726032090676e+01 4.229601129931344161e+01 6.252264890304834211e+01 9.058984181202271202e+01 1.174904666618328086e+01 -1.237072934346603290e+02 9.473086365527940700e+01
-8.457330059226528363e+01 6.389222263786042078e+01 9.521835471303309362e+01 1.081310889564207400e+01 -1.185387644871712780e+02 -3.255496823566512177e+01 -8.121281259819394194e+00 -6.474224967339776526e+01 4.002202263799583193e+01 4.225678781406030993e+01 6.260845076372398665e+01 9.078298678134912336e+01 1.181122036773743389e+01 -1.237541177999315778e+02 9.462325212710186406e+01
-8.470128697310111932e+01 6.393023151264512194e+01 9.541257452082014368e+01 1.096612323571728886e+01 -1.186084893187570799e+02 -3.254853686926951895e+01 -7.969297045934784052e+00 -6.487783805458354891e+01 4.013438339968229229e+01 4.214794153933268461e+01 6.264645963850868782e+01 9.097720658913617342e+01 1.196423470781264875e+01 -1.238238426315173797e+02 9.454311767257127030e+01
-8.469382102103320165e+01 6.393254817442239357e+01 9.540872747385215291e+01 1.096516600946726783e+01 -1.186091804599512756e+02 -3.254902060469513714e+01 -7.979571862188891807e+00 -6.487448677874517955e+01 4.012802230667458048e+01 4.215208430289114716e+01 6.264877630028595945e+01 9.097335954216818266e+01 1.196327748156262771e+01 -1.238245337727115754e+02 9.454773748958518809e+01
-8.466681638434516799e+01 6.390597119616192856e+01 9.537957531971301250e+01 1.092355078321928730e+01 -1.185439221190833621e+02 -3.254876149580822897e+01 -7.955208895043196726e+00 -6.486310098854416140e+01 4.008783130857629828e+01 4.219778992264086526e+01 6.262219932202549444e+01 9.094420738802904225e+01 1.192166225531464718e+01 -1.237592754318436761e+02 9.454578645106663259e+01
-8.455726979008258581e+01 6.375947497659989693e+01 9.524275176399682152e+01 1.069532609111281118e+01 -1.182541757630114176e+02 -3.255790102167583910e+01 -7.891583388008346134e+00 -6.483629927517905855e+01 3.995974532002773572e+01 4.237997673479572569e+01 6.247570310246346281e+01 9.080738383231285127e+01 1.169343756320817107e+01 -1.234695290757717316e+02 9.453493650018378958e+01
-8.458075413383988916e+01 6.379409340147568486e+01 9.531286029518314251e+01 1.079235282085322289e+01 -1.183227478577530292e+02 -3.252010181883224504e+01 -7.855289368238217662e+00 -6.483512192431261667e+01 3.996275010480480461e+01 4.237623404485083256e+01 6.251032152733925074e+01 9.087749236349917226e+01 1.179046429294858278e+01 -1.235381011705133432e+02 9.453557834176760366e+01
-8.457702468769173265e+01 6.378952298840980006e+01 9.527428453982618350e+01 1.074375864424734317e+01 -1.183053270108998447e+02 -3.253570924342098891e+01 -7.857913138637138140e+00 -6.483132525086108444e+01 3.996751348080591981e+01 4.237058483971792100e+01 6.250575111427336594e+01 9.083891660814221325e+01 1.174187011634270306e+01 -1.235206803236601445e+02 9.453689406831195186e+01
-8.457826845579033659e+01 6.379818269734062852e+01 9.525252571992248818e+01 1.071853583277639821e+01 -1.183084590455593883e+02 -3.254445648112055522e+01 -7.852056142644997294e+00 -6.482921050641897409e+01 3.997652708166615554e+01 4.236080957202511144e+01 6.251441082320420151e+01 9.081715778823851792e+01 1.171664730487175810e+01 -1.235238123583197023e+02 9.453744205239401310e+01
-8.458274276294584126e+01 6.381247238869983818e+01 9.524320277039910820e+01 1.071049517448080124e+01 -1.183221015925245325e+02 -3.254740762749667482e+01 -7.840684145244768644e+00 -6.482854960504164410e+01 3.998625988232181783e+01 4.235062914692495895e+01 6.252870051456341116e+01 9.080783483871513795e+01 1.170860664657616113e+01 -1.235374549052848465e+02 9.453776003860869537e+01
-8.456388513400324314e+01 6.378733314858170189e+01 9.514472766618432331e+01 1.058112261214098027e+01 -1.182617823317021220e+02 -3.259152454237649010e+01 -7.860511656445301476e+00 -6.482765257727612607e+01 3.999283793127333553e+01 4.234283524966011214e+01 6.250356127444527488e+01 9.070935973450035306e+01 1.157923408423634015e+01 -1.234771356444624217e+02 9.453964231201936741e+01
-8.459057212196158559e+01 6.382149775562449889e+01 9.524119816795416682e+01 1.071230973053811297e+01 -1.183458586306295501e+02 -3.253887227936275650e+01 -7.837508670608025696e+00 -6.482311716449997618e+01 3.998494387678765349e+01 4.234655006711880532e+01 6.253772588148807898e+01 9.080583023627019656e+01 1.171042120263347286e+01 -1.235612119433898499e+02 9.454289645884011861e+01
