1.780310446141696090e+00 4.342134328299640522e+00 1.713138388476077134e+00 5.995460762029842350e+00 5.302204729654789617e+00 3.940943285703427890e+00 4.752715876615572377e+00 5.215638320735989986e+00 3.520351615665332723e+00 5.795105773221265189e+00 1.957970487958620387e+00 5.315544931502510728e+00 2.349696626168166436e+00 6.010079511508593875e+00 4.717641560156256020e-01
1.052819480193827761e+00 4.796861523807589123e+00 2.239238883977065164e+00 5.896481697450211001e+00 5.602468928123099268e+00 3.989450667257078642e+00 4.810685547740988000e+00 4.978832402653521783e+00 3.132478219461083846e+00 6.133399340753269868e+00 2.412697683466569210e+00 5.841645427003498980e+00 2.250717561588535087e+00 6.310343709976902637e+00 4.446239850033675278e-01
9.524079724942907665e-01 4.864570271827274084e+00 2.286839112426391818e+00 5.864436158644164898e+00 5.633669721672855069e+00 3.993514010659882540e+00 4.873319280687437249e+00 4.903522395677486934e+00 3.099646381501357961e+00 6.160851483597403977e+00 2.480406431486253283e+00 5.889245655452826078e+00 2.218672022782489428e+00 6.341544503526658438e+00 4.612911874909078613e-01
5.630175217071768934e-01 5.135226907310809885e+00 2.417060291798112548e+00 5.728994919670792108e+00 5.753852531752746913e+00 4.060111679302115029e+00 5.130725925359681305e+00 4.571745255224695548e+00 3.038852334568113989e+00 6.316129182941466524e+00 2.751063066969788640e+00 6.019466834824545920e+00 2.083230783809116637e+00 6.461727313606550283e+00 5.378985751984806107e-01
5.724588058985861094e-01 5.150857710619989760e+00 2.411416757477735207e+00 5.751888561302773262e+00 5.730419779520690149e+00 4.065109209622869813e+00 5.118846823376112631e+00 4.572135291285091441e+00 3.041506185325387523e+00 6.317076478890085056e+00 2.766693870278968959e+00 6.013823300504169467e+00 2.106124425441097348e+00 6.438294561374493519e+00 5.145488798327562119e-01
5.779219374417247090e-01 5.164675146271910045e+00 2.406424416134799404e+00 5.772093327742700453e+00 5.709723039424738467e+00 4.073176898983432714e+00 5.106929425923731891e+00 4.569373357901092447e+00 3.043619659274582112e+00 6.318952577096408341e+00 2.780511305930887911e+00 6.008830959161237217e+00 2.126329191881027203e+00 6.417597821278539172e+00 4.939500732204023525e-01
9.990990208741558076e-01 5.452832510349745476e+00 2.460580633121154381e+00 5.124462266916035347e+00 6.348912652837613635e+00 2.984717032480427079e+00 6.046154140783805531e+00 5.317023528781374964e+00 2.978154228116342672e+00 5.873943734920039184e+00 3.068668670008731336e+00 6.062987176147582424e+00 1.478698131054357656e+00 7.056787434691417005e+00 1.136659152371227277e+00
1.015634108541482394e+00 5.446878785264968492e+00 2.462785933453157661e+00 5.036558698313973181e+00 6.443382893285057200e+00 2.884824102581351024e+00 6.156984090367982887e+00 5.277261995524736626e+00 2.920851352032820092e+00 5.861175866357225317e+00 3.062714944923954352e+00 6.065192476479586148e+00 1.390794562452295047e+00 7.151257675138860570e+00 1.251378869115642445e+00
1.058011824361840825e+00 5.428801383463769170e+00 2.450496940630489284e+00 4.903338347511327910e+00 6.590699980174480999e+00 2.736579882207045955e+00 6.316817171885369397e+00 5.213177001975331848e+00 2.848237109920142451e+00 5.855306852203778334e+00 3.044637543122755030e+00 6.052903483656917771e+00 1.257574211649649110e+00 7.298574762028284368e+00 1.418444628932867602e+00
1.046807991978687014e+00 5.439510863000989183e+00 2.461268562330143350e+00 4.912303801594840813e+00 6.585384049289618069e+00 2.736502326144436115e+00 6.310713378953367148e+00 5.216282489691889346e+00 2.851782686200305506e+00 5.864701883848622899e+00 3.055347022659973710e+00 6.063675105356570505e+00 1.266539665733162234e+00 7.293258831143423215e+00 1.411846681780903667e+00
1.023875306937183982e+00 5.473303998157334149e+00 2.495958540044343810e+00 4.933088972295727181e+00 6.593265376949028145e+00 2.697027703076859240e+00 6.310912140296323969e+00 5.198748547143509313e+00 2.832493986976011957e+00 5.890057253979792407e+00 3.089140157816319565e+00 6.098365083070770964e+00 1.287324836434048159e+00 7.301140158802833291e+00 1.413772987769189360e+00
1.110365464079967390e+00 5.410149955297161917e+00 2.437523344001241377e+00 5.006200513983078082e+00 6.610187844456684836e+00 2.620742960004919908e+00 6.324119214654346344e+00 5.065968669729949525e+00 2.684090341534312696e+00 5.799526430869547333e+00 3.025986114956147777e+00 6.039929887027668975e+00 1.360436378121398837e+00 7.318062626310489094e+00 1.413233124589774681e+00
1.140811623337725456e+00 5.391029738964442153e+00 2.418562291903401995e+00 4.986571707614481319e+00 6.606607865442941652e+00 2.629015013454646610e+00 6.321085365236154274e+00 5.063690314010152349e+00 2.684007725544611311e+00 5.768866535680302832e+00 3.006865898623427125e+00 6.020968834929829150e+00 1.340807571752801852e+00 7.314482647296745910e+00 1.414207472219757067e+00
7.323356684564266139e-01 5.705798783418674525e+00 2.731511928280755619e+00 5.229270536908548372e+00 6.555044812565120615e+00 2.610923809425198971e+00 6.208177878777020098e+00 5.189609522295334010e+00 2.795831406866756019e+00 6.169568804898731607e+00 3.321634943077659052e+00 6.333918471307182330e+00 1.583506401046868461e+00 7.262919594418924873e+00 1.322416765854398379e+00
9.153656354797390371e-01 5.586612863842617571e+00 2.604805621025919837e+00 5.220136421118293235e+00 6.488159458283668357e+00 2.545640534003394073e+00 6.341211517685290566e+00 5.012807680321843762e+00 2.714178627937620103e+00 5.952904612507428084e+00 3.202449023501602099e+00 6.207212164052346992e+00 1.574372285256613324e+00 7.196034240137472615e+00 1.256517465442371861e+00
8.670241535264110455e-01 5.627384694096591033e+00 2.644199942114596080e+00 5.223139052363105606e+00 6.480152490214762473e+00 2.551111167558607118e+00 6.291239299298143628e+00 5.076673033839499638e+00 2.776961466614230378e+00 6.017270408054230302e+00 3.243220853755576005e+00 6.246606485141023235e+00 1.577374916501426805e+00 7.188027272068565843e+00 1.249890511922241210e+00
-1.479418177282165292e+00 6.925700627648440744e+00 3.931739066652633952e+00 5.734416584332593381e+00 6.400560581869536136e+00 3.747034595257051848e+00 3.502427962027214292e+00 8.496290748759934175e+00 5.604652580955129082e+00 9.395239205686799266e+00 4.541536787307425271e+00 7.534145609679058886e+00 2.088652448470912582e+00 7.108435363723341283e+00 1.015516492283149663e+00
-1.505277459357054592e+00 6.921652716116414972e+00 3.933468854770167944e+00 5.775578821453839495e+00 6.423824073392874645e+00 3.744134900677931199e+00 3.475445648337315063e+00 8.515301910547952602e+00 5.599891593594080064e+00 9.387111153974540656e+00 4.537488875775400388e+00 7.535875397796592878e+00 2.129814685592158696e+00 7.131698855246678903e+00 9.933135846656305779e-01
-6.017988578493156382e+00 7.193465982269634296e+00 4.378555520603303108e+00 1.150067327652148208e+01 7.491979276078166272e+00 6.823522494039310438e+00 6.415041920047914736e-01 1.425391999107256424e+01 5.550446494573919587e+00 5.783796110815315750e+00 4.809302141928617935e+00 7.980962063629721825e+00 7.854909140659818156e+00 8.199854057931988294e+00 1.427312147451761382e-01
-6.109062916457066450e+00 7.090542939850315030e+00 4.295719456890519261e+00 1.156847859315107740e+01 7.480869182549017893e+00 6.840144908213653174e+00 6.530431607384481474e-01 1.427665138173832204e+01 5.536253520104456705e+00 5.796412020308874702e+00 4.706379099509299557e+00 7.898125999916939755e+00 7.922714457289414369e+00 8.188743964402839026e+00 1.882166729574660524e-01
-5.594950964422158890e+00 7.557483319874783056e+00 4.615465113182909640e+00 1.119851940385766653e+01 7.522073482383609289e+00 6.786689243230362045e+00 5.850857301671990029e-01 1.405500664134018152e+01 5.448024110223413707e+00 5.902752621442543202e+00 5.173319479533768472e+00 8.217871656209329245e+00 7.552755267996004385e+00 8.229948264237430422e+00 -5.806539498093118978e-02
-5.299634784003455223e+00 7.854896030042180399e+00 4.862179597949790377e+00 1.095002194132439044e+01 7.577607934073659735e+00 6.705853260633548807e+00 5.216490543108666111e-01 1.405336670721450076e+01 5.429886109283162732e+00 5.908804022028980363e+00 5.470732189701165815e+00 8.464586140976210871e+00 7.304257805462729181e+00 8.285482715927480868e+00 -1.574653184126880157e-01
-4.224643243276061000e+00 8.868163089655567433e+00 5.336043399435260071e+00 1.065404093564748322e+01 7.530127314476096956e+00 6.558343394482799127e+00 4.249519545004187826e-01 1.488198794395369973e+01 5.445228370796306727e+00 5.658144678082896561e+00 6.483999249314551960e+00 8.938449942461682340e+00 7.008276799785821076e+00 8.238002096329919866e+00 -2.902592084571838926e-01
-4.217164094907464467e+00 8.870451688426264525e+00 5.336920821440536145e+00 1.068604019748489087e+01 7.540146985338107122e+00 6.526859338454013226e+00 4.699117829922569989e-01 1.487252196266192428e+01 5.411135498478889971e+00 5.693453951895317999e+00 6.486287848085249053e+00 8.939327364466958414e+00 7.040276061623228721e+00 8.248021767191930920e+00 -2.608777499872116379e-01
-1.203593084291757265e+00 1.216610405032100495e+01 8.533415205984912433e+00 6.474332140226310983e+00 6.842279802113545806e+00 9.044063794615659901e+00 -2.426207031945558423e+00 1.638272261502881477e+01 5.636667099717120877e+00 5.143703426811677915e+00 9.781940209979993028e+00 1.213582174901132760e+01 2.828568004364648836e+00 7.550154583967368715e+00 -3.712338104536416328e+00
-4.206421848618029813e+00 1.401980160508364825e+01 6.157643142911702228e+00 9.837402155488224054e+00 7.516749303668250448e+00 8.374418122168606260e+00 -1.703348757448612583e+00 1.279528395040687094e+01 8.744947817115756195e+00 4.127523206742328199e+00 1.163563776474263278e+01 9.760049685938112063e+00 6.191638019626561906e+00 8.224624085522062700e+00 -4.748868416656677915e+00
-5.106065406622242620e+00 1.350907364036751446e+01 5.904748567673621551e+00 9.634566307868379198e+00 6.970912043406283232e+00 6.989158417665526812e+00 -3.377566930140029733e+00 1.440969544110349432e+01 7.446744298313823229e+00 5.456586748126638575e+00 1.112490980002649543e+01 9.507155110700031386e+00 5.988802172006717051e+00 7.678786825260097260e+00 -3.727273983249367539e+00
-1.796649988724592717e+01 -4.793938638678447717e-01 2.093259187054736259e+01 9.707250557955619641e+00 1.735136655850492815e+01 1.423935073385264083e+01 8.032963414570374994e+00 4.134366679687861534e+00 1.845752412379878393e+01 -5.240420972359594032e-02 -2.863557704209005905e+00 2.453499841357376710e+01 6.061486422093886439e+00 1.805924134035866047e+01 6.128731637501125817e-01
-1.777340020685440436e+01 -1.146499807020205375e-01 2.101117465439940446e+01 9.334658882217976128e+00 1.691785779083740948e+01 1.376518855551517895e+01 8.525482480536043184e+00 4.527531408369530830e+00 1.805015130459920414e+01 2.189701976453121701e-01 -2.498813821043182504e+00 2.461358119742580897e+01 5.688894746356242926e+00 1.762573257269114535e+01 1.651404871409793973e-01
-1.791335702347354797e+01 1.332879968836689355e-01 2.073103831186460511e+01 8.347641172162715506e+00 1.583355725970769612e+01 1.281013043897585746e+01 9.524919083318760471e+00 4.841895092924347388e+00 1.793139986298137956e+01 3.408631277186679465e-01 -2.250875843457493364e+00 2.433344485489100961e+01 4.701877036300983193e+00 1.654143204156142843e+01 -7.906777612246088660e-01
