1.524961973025628525e+00 1.552120522727598706e+00 3.428452861028809195e+00 5.077504251474850072e+00 4.984881998556765836e+00 2.150819270840521380e+00 3.812858471388612447e+00 2.135678049527689026e+00 5.006782871398383072e+00 4.205953373930370609e-01 4.212944884040645377e+00 5.624955425879055726e-01 5.787147790553428095e+00 5.028334450898885422e+00 2.595292954472189884e+00
1.544814744676234586e+00 1.540125576225598092e+00 3.468237658078837438e+00 5.032047831002848248e+00 4.981569308864440160e+00 2.194441832505620305e+00 3.833278007297572287e+00 2.134567580518827778e+00 4.999003370373973354e+00 3.917702315043836148e-01 4.200949937538644541e+00 6.022803396379337038e-01 5.741691370081426271e+00 5.025021761206559745e+00 2.594022293779490784e+00
1.543588740962537509e+00 1.541301379465226162e+00 3.459740160820079957e+00 5.059931950667722056e+00 4.997236100893291066e+00 2.165800974094632458e+00 3.805879034644986447e+00 2.140985391655145786e+00 4.992977762786645179e+00 4.078067110394196226e-01 4.202125740778273943e+00 5.937828423791762233e-01 5.769575489746300079e+00 5.040688553235410652e+00 2.598533961484282173e+00
1.024987870909451981e+00 1.901582032559981039e+00 2.302487201045154031e+00 6.831745486008164114e+00 5.431350754135538139e+00 4.508003383257730423e-01 2.714920442214912022e+00 2.258356013141966656e+00 5.041378153572545706e+00 1.494034548662946715e+00 4.562406393873027710e+00 -5.634701173957483711e-01 7.541389025086738584e+00 5.474803206477659501e+00 2.659796592506478596e+00
5.377051200638826023e-01 1.997809714425622385e-01 2.974044496971508078e+00 8.156259904486741874e+00 6.778095714422198270e+00 3.909926354284088745e+00 6.170600876513306687e+00 1.491908109078874389e+00 7.363266921495113415e+00 2.061920392815717928e+00 2.860605332755612018e+00 1.080871785305989041e-01 8.865903443565319009e+00 6.821548166764323184e+00 3.717745847179814156e-01
1.450221026367299881e-01 -5.011430892711731921e+00 -2.877956264840626499e+00 1.587682276431110040e+00 7.532675647769860205e+00 -1.042272533950585611e+00 1.175221052291389334e+01 -4.487706210594375023e+00 1.477538904897851424e+01 -2.571134263057182068e-01 -2.350606531398685028e+00 -5.743913583281544000e+00 2.297325815509693392e+00 7.576128100111998442e+00 8.767368090867515562e+00
4.615672983894586467e-02 -5.163975108357534261e+00 -3.021109118697621998e+00 1.707707665322949264e+00 7.451678233039418231e+00 -1.069008066159412351e+00 1.177738752434776082e+01 -4.567721673366913926e+00 1.488327013137307731e+01 -2.962759195893198694e-01 -2.503150747044485591e+00 -5.887066437138540387e+00 2.417351204401532616e+00 7.495130685381556468e+00 8.645778258401506378e+00
2.511026368097495076e-02 -5.156656973382083287e+00 -3.010880371971540459e+00 1.718851127748050045e+00 7.433593560179492243e+00 -1.068064438740939481e+00 1.174970750039244294e+01 -4.543101382478014649e+00 1.486025902871279847e+01 -2.807265680681287900e-01 -2.495832612069035061e+00 -5.876837690412458848e+00 2.428494666826633619e+00 7.477046012521629592e+00 8.633550405907728376e+00
-3.048845607787867285e-02 -5.147403840907831096e+00 -2.978939347082135480e+00 1.751174980322977470e+00 7.380365153559409919e+00 -1.066692568405244623e+00 1.167684234512042529e+01 -4.480233832074424605e+00 1.480632660159497860e+01 -2.484053690554131333e-01 -2.486579479594783315e+00 -5.844896665523053869e+00 2.460818519401560600e+00 7.423817605901549044e+00 8.596624370953680483e+00
1.781812575364942475e-01 -5.102081627094861460e+00 -3.065830105720704690e+00 1.588139047356904587e+00 7.586739111296134652e+00 -1.061365753072092799e+00 1.190693363196800725e+01 -4.642059602654794226e+00 1.493795688344652461e+01 -3.284289552187592554e-01 -2.441257265781812347e+00 -5.931787424161620415e+00 2.297782586435486163e+00 7.630191563638273777e+00 8.760464046007562899e+00
3.996304877842093983e-02 -5.188914910094546862e+00 -3.164541000341168697e+00 1.718449192770769685e+00 7.451177785781209373e+00 -1.063273517481396757e+00 1.184901021198953508e+01 -4.617471214329789575e+00 1.493065004233095472e+01 -3.199434866881979977e-01 -2.528090548781496860e+00 -6.030498318782084866e+00 2.428092731849351260e+00 7.494630238123349386e+00 8.618191838112295500e+00
2.901252432658477792e-02 -5.216736494346037922e+00 -3.186219630732639363e+00 1.736557906773826376e+00 7.434553935499234711e+00 -1.064300322572018898e+00 1.185171567035367524e+01 -4.623998044071757185e+00 1.495121675033735187e+01 -3.286660119294340654e-01 -2.555912133032986588e+00 -6.052176949173555975e+00 2.446201445852406842e+00 7.478006387841376501e+00 8.595888502080832438e+00
8.465371999566878580e-02 -5.153008750722892550e+00 -3.169768485787244572e+00 1.688185614064058537e+00 7.493818236173431124e+00 -1.063267115617577030e+00 1.188597654972153173e+01 -4.654117198669120548e+00 1.493935877124177658e+01 -3.222954380775549521e-01 -2.492184389409841661e+00 -6.035725804228160740e+00 2.397829153142639225e+00 7.537270688515573802e+00 8.663244703789843015e+00
9.155004196373126013e-02 -5.190151240326250637e+00 -3.191825524828724170e+00 1.697105919709855026e+00 7.489265652207308221e+00 -1.067133610569985347e+00 1.190617216772105813e+01 -4.676113927146887228e+00 1.497968671990078526e+01 -3.468561589901614228e-01 -2.529326879013199303e+00 -6.057782843269640338e+00 2.406749458788435714e+00 7.532718104549450011e+00 8.647463212690341905e+00
1.183596495942916688e-01 -5.040380298206020626e+00 -3.137316282180369953e+00 1.645001634042758010e+00 7.535835522164751055e+00 -1.052423204400022794e+00 1.188782124764953352e+01 -4.653508477342152894e+00 1.487502354669030602e+01 -2.931855345502238919e-01 -2.379555936892970180e+00 -6.003273600621286121e+00 2.354645173121338253e+00 7.579287974506893732e+00 8.741825537129747303e+00
-8.696439553987701798e-02 -5.198414390942097896e+00 -3.344780438454095339e+00 1.848587798220049372e+00 7.342132352834178199e+00 -1.061361155976486836e+00 1.187852745990966952e+01 -4.673917958581450094e+00 1.490115423190459509e+01 -2.903583406720516291e-01 -2.537590029629047006e+00 -6.210737756895012396e+00 2.558231337298628727e+00 7.385584805176319989e+00 8.514461146554518578e+00
1.009163317083647149e+00 -3.877500430811116061e+00 -2.523272888625562871e+00 8.048052769841287368e-01 8.525169079272291839e+00 -1.157876353895648691e+00 1.239066004004237698e+01 -5.279866666736880987e+00 1.427942622543344697e+01 -5.258500635587429195e-02 -1.216676069498065171e+00 -5.389230207066480816e+00 1.514448816062706316e+00 8.568621531614432740e+00 9.897846657746923071e+00
1.002558878541094822e+00 -4.006378621470229717e+00 -2.619171394268642317e+00 8.624447249853235409e-01 8.314814904225361403e+00 -1.333871279627762751e+00 1.229449058281230123e+01 -5.421570708763571389e+00 1.430578610635717673e+01 -7.402999998315470953e-02 -1.345554260157178827e+00 -5.485128712709560261e+00 1.572088264063901564e+00 8.358267356567502304e+00 9.689058496298152079e+00
6.077515481718818169e-01 -4.575883223902462937e+00 -2.822428201722252616e+00 1.127543892546738702e+00 7.559874752240357765e+00 -1.907991476316729829e+00 1.201373552536710498e+01 -5.796236348045802345e+00 1.463040001683853930e+01 -1.241942815959398705e-01 -1.915058862589414046e+00 -5.688385520163168785e+00 1.837187431625319167e+00 7.603327204582501331e+00 8.978932827834649189e+00
5.649868193781785175e-01 -4.568054315859411574e+00 -2.809492031684857949e+00 1.143677527333182065e+00 7.510171397336602439e+00 -1.959117056676978219e+00 1.195353650997897788e+01 -5.831409779702354967e+00 1.465009401194094352e+01 -1.286846391399069089e-01 -1.907229954546363127e+00 -5.675449350125773229e+00 1.853321066411763418e+00 7.553623849678747781e+00 8.929328099016407450e+00
6.192667492509443816e-01 -4.536569820393816954e+00 -2.820383184670866683e+00 1.098587116874053748e+00 7.593852575700065444e+00 -1.924174305961210196e+00 1.200149507049795616e+01 -5.803916740228083349e+00 1.463251894237363082e+01 -1.171566443208083702e-01 -1.875745459080768285e+00 -5.686340503111781963e+00 1.808230655952634880e+00 7.637305028042210786e+00 9.014181155414625835e+00
6.623398800786818308e-01 -4.517980362053124033e+00 -2.830200174465262286e+00 1.064172919215399027e+00 7.654871718212000964e+00 -1.896619378037455173e+00 1.203564619698700255e+01 -5.781585467904584164e+00 1.462208020773260309e+01 -1.114322401917217931e-01 -1.857156000740075141e+00 -5.696157492906177566e+00 1.773816458293979492e+00 7.698324170554144530e+00 9.075998053466490134e+00
6.714816019765915689e-01 -4.506815039697784187e+00 -2.832782921618739014e+00 1.049161750980654562e+00 7.668716774912678780e+00 -1.898465308407724761e+00 1.203484968120689835e+01 -5.782232267674560333e+00 1.462246988315568785e+01 -1.111819451890701110e-01 -1.845990678384735739e+00 -5.698740240059654738e+00 1.758805290059234583e+00 7.712169227254822346e+00 9.090029167253851128e+00
4.795016090322447022e-01 -4.290884875363237150e+00 -2.819403664213941507e+00 9.029645085252386849e-01 7.456713266811928698e+00 -2.281986112977626657e+00 1.163691663086602723e+01 -6.068904487237417378e+00 1.471157470983605542e+01 -1.403951220643896158e-01 -1.630060514050187370e+00 -5.685360982654853679e+00 1.612608047603820260e+00 7.500165719154072264e+00 8.871654899754954471e+00
3.700974478500564380e-01 -4.354467622110806069e+00 -2.697038519800591061e+00 1.041880604056622639e+00 7.201227167516584871e+00 -2.437058932522041754e+00 1.158308320867062591e+01 -6.248859628628393281e+00 1.478965822391256424e+01 -1.626599068679568660e-01 -1.693643260797756067e+00 -5.562995838241503677e+00 1.751524143135204215e+00 7.244679619858728437e+00 8.614554367200963014e+00
3.415125733051465606e-01 -4.478416091509041408e+00 -2.603878230139346162e+00 1.135358769308755456e+00 6.995982049340423004e+00 -2.525905865191492961e+00 1.152708924325572326e+01 -6.386720842042585389e+00 1.488391373702742193e+01 -2.276179722323171950e-01 -1.817591730195990962e+00 -5.469835548580258333e+00 1.845002308387337031e+00 7.039434501682564793e+00 8.385971540954963999e+00
4.748969371120661531e-01 -4.535795319716422469e+00 -2.727945200883125310e+00 1.031094207246911365e+00 7.153213539753163097e+00 -2.539713132350910119e+00 1.151433453529069517e+01 -6.325930399535804938e+00 1.484035220042268577e+01 -2.870852381446588053e-01 -1.874970958403372023e+00 -5.593902519324037925e+00 1.740737746325492941e+00 7.196665992095305775e+00 8.516878728342698324e+00
1.182466351159972229e+00 -4.951558352103888616e+00 -3.681183582209807348e+00 8.649558440156546180e-02 7.912288010800380356e+00 -2.372262172307392003e+00 1.176571794979202146e+01 -6.680421973308461325e+00 1.511864287295368037e+01 -6.995808161031730199e-01 -2.290733990790834618e+00 -6.547140900650720852e+00 7.961391234801461492e-01 7.955740463142523922e+00 9.205913871756520095e+00
3.780447328876190838e+00 -7.239155742222589396e+00 -6.483574836233989558e+00 -2.754445138848902630e+00 1.023735144382967199e+01 -3.646364600091207553e+00 1.226709150566310846e+01 -6.850088641856238780e+00 1.536270569880144521e+01 -6.635397817000946441e-01 -4.578331380909537174e+00 -9.349532154674903950e+00 -2.044801599770320166e+00 1.028080389617181645e+01 1.206796971770135229e+01
3.912256542040603691e+00 -7.366242407042602913e+00 -6.716612068152459258e+00 -2.822211063051799140e+00 1.020053415656616735e+01 -3.611114497663983069e+00 1.230776197030584740e+01 -6.897715375681059413e+00 1.565851872167916348e+01 -8.558028164590132381e-01 -4.705418045729549803e+00 -9.582569386593375427e+00 -2.112567523973217121e+00 1.024398660890831181e+01 1.201911063243783850e+01
