1.730037738370323819e+00 4.001839814676152324e-02 6.145258679658088807e-01 2.958104304435149601e+00 6.084292580697101549e+00 5.122976549015802128e+00 2.532190798805307175e+00 2.020022162039460500e+00 2.259388384841855224e+00 2.428142701520652924e+00 3.598298323849143276e+00 4.066842824455153327e+00 5.707718061576810165e+00 3.258924367573770908e+00 5.127514597923180650e-01
1.745002726646054825e+00 4.773769219069766423e-02 5.835378916040582231e-01 2.977339220672983622e+00 6.068480576711494656e+00 5.148069297451498549e+00 2.522505366890560374e+00 2.044958523084481339e+00 2.241308398836846738e+00 2.447524827203086506e+00 3.606017617893079397e+00 4.035854848093402225e+00 5.726952977814644186e+00 3.243112363588164015e+00 5.308203144444184618e-01
1.817710723789852212e+00 3.783544406874075200e-02 6.424058045993218391e-01 2.978385473579075793e+00 6.119077593751192978e+00 5.141277010329090125e+00 2.510811857315763618e+00 2.034118038981934440e+00 2.151912336852578989e+00 2.534473395535656870e+00 3.596115369771122783e+00 4.094722761088665841e+00 5.727999230720736357e+00 3.293709380627862338e+00 5.167856523330349727e-01
1.834024605438652866e+00 4.308107705600480036e-02 6.268540007038609918e-01 2.984969030801807310e+00 6.113089580467043760e+00 5.149859010670399861e+00 2.511005741151848270e+00 2.046197274604236949e+00 2.134997318422643175e+00 2.551447186973237358e+00 3.601361002758386665e+00 4.079170957193205105e+00 5.734582787943468318e+00 3.287721367343713563e+00 5.239070270907610904e-01
2.836465694066691690e+00 -3.042778629520909162e-01 1.949125242408380920e+00 3.562620396484462937e+00 6.866491279815062576e+00 5.124973550091869612e+00 2.304551871525514439e+00 1.545942835920947722e+00 7.563207176475883475e-01 3.896588922471258876e+00 3.254002062750289248e+00 5.401442198897723479e+00 6.312234153626123501e+00 4.041123066691737264e+00 3.124931245935848034e-01
2.931326540950092596e+00 -1.465530165285135578e+00 1.957132447780344231e+00 3.837644443679485651e+00 8.937044020046485571e+00 5.822439573689095482e+00 1.195718736503131430e+00 7.860533536654583653e-01 1.364183600302041999e+00 3.568412218489797283e+00 2.092749760417246918e+00 5.409449404269683903e+00 6.587258200821145770e+00 6.111675806923160259e+00 4.367409180208204900e-01
2.938486859945614427e+00 -1.452707998943119305e+00 1.951254792332602683e+00 3.832695714438708379e+00 8.926642683415435542e+00 5.820527926588924039e+00 1.195790062812652987e+00 8.011506689333495190e-01 1.356295507456165561e+00 3.573235269731516173e+00 2.105571926759262968e+00 5.403571748821942577e+00 6.582309471580368054e+00 6.101274470292110230e+00 4.505940430387398998e-01
2.946679275046262703e+00 -1.435012433880104687e+00 1.934717206238015130e+00 3.827991461860609679e+00 8.918011587384325978e+00 5.820086243565032902e+00 1.188370188560425866e+00 8.234954631096701450e-01 1.347075850091723259e+00 3.579808895893129339e+00 2.123267491822277364e+00 5.387034162727355024e+00 6.577605219002268910e+00 6.092643374260999778e+00 4.673063116377740855e-01
2.957601521151473012e+00 -1.432907325847789126e+00 1.970314993438118556e+00 3.824259882688785694e+00 8.909881629296403815e+00 5.816187583472143707e+00 1.208447796943702190e+00 8.159259863623640197e-01 1.338408500694929781e+00 3.584349719251354038e+00 2.125372599854593147e+00 5.422631949927458450e+00 6.573873639830445370e+00 6.084513416173076727e+00 4.682664256913748324e-01
2.973794537788119197e+00 -1.429820785980888465e+00 2.019601590181939077e+00 3.824632435011661169e+00 8.907154388595674988e+00 5.813038966290126730e+00 1.229278710386504603e+00 8.065662973091466403e-01 1.322792652876648933e+00 3.590072903492867340e+00 2.128459139721493809e+00 5.471918546671279415e+00 6.574246192153320401e+00 6.081786175472347011e+00 4.665417995820232977e-01
2.992520403302360688e+00 -1.412374887100769083e+00 2.032648367186559835e+00 3.824853094822720845e+00 8.903424000789305737e+00 5.812196952680466211e+00 1.227549117031741632e+00 8.191200514364664897e-01 1.303713896666379712e+00 3.603784216059124024e+00 2.145905038601613413e+00 5.484965323675900173e+00 6.574466851964380076e+00 6.078055787665977761e+00 4.747104266947348439e-01
3.008179739294374322e+00 -1.388025001911227463e+00 2.010333642464233517e+00 3.820729018460989668e+00 8.888646163778414433e+00 5.811161631986374587e+00 1.212877850638528709e+00 8.421220151049803038e-01 1.290757374780648448e+00 3.625572970950468044e+00 2.170254923791154589e+00 5.462650598953574743e+00 6.570342775602648899e+00 6.063277950655086457e+00 4.894892254263655262e-01
2.989599232692968123e+00 -1.362539518015299267e+00 1.842037231302080746e+00 3.812636969818058219e+00 8.814681397236586946e+00 5.802487171811781863e+00 1.154945836858076724e+00 8.833429934916874338e-01 1.303396168256229171e+00 3.675880703666928540e+00 2.195740407687083007e+00 5.294354187791421751e+00 6.562250726959717895e+00 5.989313184113258082e+00 5.162167678379723235e-01
2.995725497321150232e+00 -1.356908677108198846e+00 1.831990655984384819e+00 3.814855558575832362e+00 8.823518554835365180e+00 5.801841181786141277e+00 1.137937295845679042e+00 8.829369062381775546e-01 1.291044759420079346e+00 3.681649699823136501e+00 2.201371248594183427e+00 5.284307612473725158e+00 6.564469315717491149e+00 5.998150341712036315e+00 5.110251825947728088e-01
2.998959618462787802e+00 -1.350323801866598616e+00 1.798403118893785457e+00 3.819474717203824810e+00 8.831349295765154039e+00 5.799462598514335099e+00 1.106576542664861273e+00 8.846249289732217580e-01 1.270982400591345707e+00 3.692140457127727426e+00 2.207956123835783657e+00 5.250720075383125796e+00 6.569088474345483597e+00 6.005981082641825175e+00 5.043823068300953283e-01
3.008787726922004691e+00 -1.343249473672123884e+00 1.801679889317053584e+00 3.820623045213455971e+00 8.839850631633412448e+00 5.799820075846202627e+00 1.096094730903533820e+00 8.823171961122892037e-01 1.260877745662390303e+00 3.696730118872274318e+00 2.215030452030258612e+00 5.253996845806393701e+00 6.570236802355114314e+00 6.014482418510084472e+00 5.005159622996653290e-01
3.020053589877418343e+00 -1.334576792190764971e+00 1.803474426142432696e+00 3.821779862469035560e+00 8.848064056076131223e+00 5.799990647595202553e+00 1.083259999974557575e+00 8.803730901642704554e-01 1.248413886641742909e+00 3.702898823487334568e+00 2.223703133511617303e+00 5.255791382631772812e+00 6.571393619610693904e+00 6.022695842952802359e+00 4.969603723123077743e-01
3.035945995961457200e+00 -1.323361897345533889e+00 1.818375611119306123e+00 3.821202585674190910e+00 8.858958915201933237e+00 5.800803932994384127e+00 1.075820734719195038e+00 8.781671434554202404e-01 1.236908120355348473e+00 3.707654212128503879e+00 2.234918028356847941e+00 5.270692567608646684e+00 6.570816342815850142e+00 6.033590702078603485e+00 4.945163251189387821e-01
-6.868266725188941990e+00 -6.161666869652670186e+00 -3.400554458330074681e+01 8.777790093395395843e+00 -5.534668680175135691e+00 3.963648649333689100e+00 -1.663125501605894740e+01 8.307038499617434013e-01 -2.939748195618802740e+00 1.274383571143903282e+01 -2.603386943950287247e+00 -3.055322762681140603e+01 1.152740385053704486e+01 -8.360036893298506300e+00 -1.484080799221858094e+00
-6.873868047837232709e+00 -6.124388795268873587e+00 -3.389180261231095415e+01 8.953593260915862828e+00 -5.666302059831417992e+00 4.173938233304563816e+00 -1.674146132183510005e+01 9.265943155761836580e-01 -3.023842904506767404e+00 1.271005814979559290e+01 -2.566108869566490203e+00 -3.043948565582161336e+01 1.170320701805751362e+01 -8.491670272954788601e+00 -1.601273366997557401e+00
-6.887688489094080602e+00 -6.140499119376269022e+00 -3.389189468220141777e+01 8.945199980400316164e+00 -5.660148724946532539e+00 4.162417897801497624e+00 -1.675308017109229297e+01 9.069851924398746323e-01 -3.021572856697093634e+00 1.272864283783837713e+01 -2.582219193673886082e+00 -3.043957772571208409e+01 1.169481373754196696e+01 -8.485516938069903148e+00 -1.595404687331869020e+00
-6.911090993370912372e+00 -6.176427935392752921e+00 -3.389165927106919440e+01 8.940031648225069461e+00 -5.659749077027949049e+00 4.149296156863221618e+00 -1.677895730314012823e+01 8.818721502068594953e-01 -3.021531257536625326e+00 1.275500267584740222e+01 -2.618148009690370426e+00 -3.043934231457986073e+01 1.168964540536672025e+01 -8.485117290151318770e+00 -1.594739062935583096e+00
-6.727668154075509221e+00 -5.723433531290027076e+00 -3.391951233860753234e+01 8.840137891601747455e+00 -5.510507409761850717e+00 4.133617252998796232e+00 -1.645412803615703368e+01 9.635176297370681153e-01 -2.948360060932852633e+00 1.262018637507245522e+01 -2.165153605587645025e+00 -3.046719538211820577e+01 1.158975164874339825e+01 -8.335875622885222214e+00 -1.463603881558391606e+00
-6.795288866151343754e+00 -5.742637075454505080e+00 -3.410521850172374059e+01 9.090394018346131588e+00 -5.687427478010074644e+00 4.234839005609819296e+00 -1.665370309993887687e+01 1.080799447486426423e+00 -3.127611948813841192e+00 1.254544034175642508e+01 -2.184357149752123028e+00 -3.065290154523441046e+01 1.184000777548778238e+01 -8.512795691133446141e+00 -1.622620548737574442e+00
-6.789270845322540104e+00 -5.724218440518004769e+00 -3.410763995854387076e+01 9.081606818203724174e+00 -5.679014217076026938e+00 4.228948180090613462e+00 -1.663807672030622342e+01 1.052396960576446272e+00 -3.114425589686755202e+00 1.256540204694679375e+01 -2.165938514815622717e+00 -3.065532300205454419e+01 1.183122057534537497e+01 -8.504382430199399323e+00 -1.614059174184611756e+00
-6.711399936500087371e+00 -5.800385066219543972e+00 -3.406705830526573209e+01 9.044789573690264817e+00 -5.631332495075366040e+00 4.185624231500284509e+00 -1.657496435195551854e+01 1.127029067458283462e+00 -3.069557820836870565e+00 1.249131953697283315e+01 -2.242105140517161477e+00 -3.061474134877640196e+01 1.179440333083191561e+01 -8.456700708198738425e+00 -1.566277675814385040e+00
-6.703954656504987675e+00 -5.816738147724171526e+00 -3.408938071471425246e+01 9.068032747425185391e+00 -5.635757416450353219e+00 4.197806290907523774e+00 -1.658042916961626645e+01 1.180161470438510163e+00 -3.080384820464420415e+00 1.246692957874225094e+01 -2.258458222021789474e+00 -3.063706375822492589e+01 1.181764650456683619e+01 -8.461125629573725604e+00 -1.571222587402934412e+00
-6.711049104786740216e+00 -5.799063827907867008e+00 -3.408802095984271574e+01 9.063975058280071551e+00 -5.634913879057320329e+00 4.190724281047558009e+00 -1.657770673454075805e+01 1.155443406537467022e+00 -3.076750958587143980e+00 1.248480443547198782e+01 -2.240783902205484956e+00 -3.063570400335338562e+01 1.181358881542172234e+01 -8.460282092180692715e+00 -1.570403722629548637e+00
-6.717160311918118687e+00 -5.784685422246782949e+00 -3.409006478736688450e+01 9.062208469071295625e+00 -5.634211286651283679e+00 4.185254405917823384e+00 -1.657575046889418857e+01 1.137813621487860916e+00 -3.074543020670593929e+00 1.250011436428534672e+01 -2.226405496544401341e+00 -3.063774783087755793e+01 1.181182222621294642e+01 -8.459579499774656952e+00 -1.569672017841257983e+00
-6.726728612062298218e+00 -5.763526566133244877e+00 -3.409111118025611376e+01 9.058265901413792065e+00 -5.633850148806732072e+00 4.178632422136109525e+00 -1.657423742448121828e+01 1.109699509937973616e+00 -3.071044609496791811e+00 1.252249645191002081e+01 -2.205246640430863270e+00 -3.063879422376678363e+01 1.180787965855544286e+01 -8.459218361930105345e+00 -1.569319265730119373e+00
