2.778783050583594427e+00 7.651016180464514926e-01 7.449724976277638522e-01 5.523379896394601252e-01 3.763923620286583116e+00 3.640401859294324360e+00 4.743390170039318399e+00 3.659734384935769302e+00 3.722379032287567391e+00 1.900051620449060508e+00 3.822980493951692260e+00 5.403232689811342526e-01 5.499268362220922413e+00 4.899638198326114136e+00 5.692344683639396052e+00
2.808587501067168368e+00 7.350278558453844369e-01 7.478143644846140248e-01 5.492957176561269472e-01 3.763996201574233424e+00 3.642077857065901814e+00 4.745106331333425409e+00 3.690524861516959465e+00 3.754511503386110949e+00 1.874139580519617931e+00 3.792906731750624871e+00 5.431651358379844252e-01 5.496226090237589901e+00 4.899710779613764444e+00 5.713022134262542906e+00
2.790366676476263574e+00 8.013361942923096226e-01 7.163983987538684595e-01 5.593693865257139963e-01 3.878028457079733649e+00 3.638375774603906265e+00 4.879739806321870432e+00 3.655401820594856410e+00 3.676601358307479916e+00 1.948720818907369923e+00 3.859215070197549835e+00 5.117491701072389709e-01 5.506299759107177394e+00 5.013743035119264668e+00 5.584480214082219618e+00
2.826398406480112868e+00 7.620918404891822151e-01 6.941244400294046546e-01 5.549804714981745324e-01 3.880222098360187388e+00 3.632733469069947763e+00 4.862413468017977358e+00 3.698345366460230377e+00 3.728640318967349820e+00 1.907248954593641965e+00 3.819970716394422539e+00 4.894752113827752216e-01 5.501910844079637819e+00 5.015936676399718408e+00 5.617154229971143664e+00
2.855755245888063065e+00 7.465650809292065926e-01 6.973043144430828288e-01 5.554642549520620864e-01 3.897741389757507058e+00 3.632808898956680910e+00 4.899699719786696051e+00 3.724469753585817333e+00 3.745831716497960873e+00 1.885752260765100941e+00 3.804443956834446805e+00 4.926550857964532848e-01 5.502394627533525373e+00 5.033455967797038078e+00 5.600568182467612566e+00
2.887068674697503390e+00 7.309788410068076558e-01 7.013142720267846464e-01 5.565593153543073601e-01 3.915816253815999737e+00 3.632278344813740123e+00 4.936883765194797213e+00 3.752996535376948550e+00 3.765708143816481890e+00 1.864130115004020372e+00 3.788857716912047646e+00 4.966650433801551578e-01 5.503489687935770647e+00 5.051530831855530757e+00 5.585265320347219564e+00
2.579262691982120437e+00 1.421966905712313878e+00 1.016116290947882916e+00 6.228469439724904078e-01 4.226452985656557360e+00 3.605245724179593214e+00 5.478590230176607179e+00 3.412412783432691832e+00 3.260166757418361261e+00 2.484880701391884106e+00 4.479845781617553868e+00 8.114670623012535389e-01 5.569777316553953028e+00 5.362167563696089267e+00 5.077410827765350909e+00
2.625014736239780433e+00 1.387094221973215635e+00 9.964838444903882930e-01 6.077121167919449229e-01 4.254135311653000073e+00 3.611824571602373801e+00 5.468545989121881057e+00 3.484244012639891253e+00 3.330850390875567779e+00 2.416507259315591405e+00 4.444973097878455626e+00 7.918346158437589155e-01 5.554642489373407876e+00 5.389849889692531981e+00 5.059613211420004752e+00
2.734173365341146411e+00 1.271339197766572227e+00 1.003792251770412536e+00 4.520324786034973230e-01 4.472938093232309953e+00 3.730030840100468481e+00 5.410099685842900463e+00 3.726136351818537751e+00 3.579208975065366616e+00 2.147882704963047562e+00 4.329218073671811773e+00 7.991430231237839354e-01 5.398962851184959888e+00 5.608652671271841861e+00 4.945113725813356176e+00
2.750900252950723601e+00 1.283601079687026747e+00 9.969314193988678685e-01 4.834714981585729321e-01 4.442952411096343646e+00 3.705096565140503007e+00 5.455510903715122595e+00 3.718799986281335013e+00 3.590286045100345991e+00 2.183694861858478831e+00 4.341479955592266293e+00 7.922821907522392681e-01 5.430401870740035442e+00 5.578666989135875554e+00 4.959558627852525881e+00
2.762520777860024257e+00 1.334337182329826010e+00 1.011870649238359565e+00 5.551461392639313042e-01 4.352653584961857725e+00 3.622356179448801505e+00 5.588152497896852644e+00 3.671582904641533585e+00 3.588438416700889810e+00 2.276348368253980237e+00 4.392216058235065113e+00 8.072214205917310759e-01 5.502076511845394258e+00 5.488368163001389632e+00 5.018776221295700779e+00
2.816957686671955674e+00 1.262657601390478224e+00 9.578410365890213107e-01 5.207031742569304678e-01 4.440644025529093319e+00 3.697272587544383704e+00 5.502147341530170266e+00 3.722302054070266930e+00 3.624892575884516521e+00 2.208706966142854000e+00 4.320536477295717326e+00 7.531918079423928214e-01 5.467633546838393421e+00 5.576358603568625227e+00 4.952254364451259327e+00
2.840793780285320036e+00 1.252848035883286082e+00 9.347629929515924863e-01 5.366511020240232188e-01 4.434947123263666136e+00 3.688191367654141573e+00 5.521292536284730268e+00 3.707540826640031373e+00 3.605548237307467208e+00 2.239535697037835504e+00 4.310726911788525406e+00 7.301137643049639969e-01 5.483581474605486505e+00 5.570661701303198043e+00 4.948236416672932236e+00
2.858384819380028752e+00 1.236447964585490888e+00 8.992567651182882260e-01 5.390011466694529796e-01 4.441555775634857817e+00 3.711163803499129443e+00 5.477971566031911266e+00 3.735531849233240553e+00 3.615269841237180870e+00 2.237554188001140254e+00 4.294326840490730213e+00 6.946075364716597367e-01 5.485931519250915933e+00 5.577270353674389725e+00 4.933518316685524319e+00
2.870035338854678209e+00 1.234319377166038345e+00 8.736616817891313946e-01 5.436872394306984102e-01 4.441177406721856791e+00 3.719897325999920845e+00 5.459984506715753305e+00 3.743624404400316408e+00 3.612007161032463110e+00 2.251098182956960070e+00 4.292198253071277669e+00 6.690124531425029053e-01 5.490617612012161253e+00 5.576891984761388699e+00 4.928612858096746763e+00
2.881435576009542476e+00 1.239065444742083022e+00 8.592421985393509098e-01 5.481189355220006387e-01 4.444319886702303712e+00 3.711537748711153384e+00 5.476302929501516203e+00 3.721439545063869758e+00 3.585963892591785829e+00 2.280840078930137071e+00 4.296944320647322790e+00 6.545929698927224205e-01 5.495049308103463481e+00 5.580034464741835620e+00 4.927777810332752750e+00
2.965028134676469751e+00 1.280931236653939820e+00 9.399313248457197290e-01 5.714901273359391798e-01 4.511336131726383591e+00 3.439043410944226054e+00 6.062514874338758908e+00 3.155567235264459036e+00 3.119728434911750004e+00 2.605658237059924165e+00 4.338810112559179366e+00 7.352820961990913506e-01 5.518420499917401578e+00 5.647050709765914611e+00 4.946330421947832789e+00
2.965161741258665273e+00 1.272354313309012275e+00 9.469681014640100036e-01 5.632185532976049513e-01 4.517592173663527610e+00 3.429190249598647267e+00 6.032975870490518311e+00 3.178405428218891160e+00 3.158562638260011379e+00 2.546999948416968973e+00 4.330233189214252043e+00 7.423188728173816253e-01 5.510148925879066795e+00 5.653306751703058630e+00 4.936481006376584268e+00
2.988231747214520340e+00 1.246550530370023058e+00 9.244210127420551260e-01 5.854468409478550406e-01 4.495572588947524650e+00 3.430115656564419968e+00 6.029807466443847019e+00 3.190437746401532770e+00 3.171513101759265041e+00 2.537511647998115905e+00 4.304429406275263048e+00 7.197717840954265256e-01 5.532377213529316329e+00 5.631287166987054782e+00 4.949490060732733454e+00
3.000339547938078333e+00 1.230457843501959081e+00 9.126467014110341003e-01 5.968540921947997901e-01 4.484509991006524920e+00 3.430379252957481029e+00 6.022845457371746924e+00 3.203284063167511686e+00 3.186203294480669967e+00 2.521010495945965157e+00 4.288336719407198849e+00 7.079974727644054999e-01 5.543784464776260634e+00 5.620224569046055052e+00 4.955250410013749551e+00
3.004745435589741387e+00 1.217774868706682723e+00 9.093507188691452026e-01 5.988350587743965781e-01 4.483874457153842918e+00 3.427739253950841558e+00 6.006392112133130290e+00 3.223025209731710472e+00 3.210620527910058808e+00 2.481824867163183512e+00 4.275653744611922491e+00 7.047014902225164912e-01 5.545765431355857089e+00 5.619589035193373050e+00 4.955527617976658306e+00
3.017925366895593875e+00 1.242619618899376555e+00 8.883563412826546157e-01 6.308495631853744401e-01 4.438653130358131804e+00 3.449803968385194430e+00 6.086987158992863023e+00 3.143715319937874675e+00 3.108972802729448315e+00 2.677007155096536195e+00 4.300498494804616989e+00 6.837071126360274587e-01 5.577779935766834285e+00 5.574367708397662824e+00 4.971338018270013315e+00
3.014665824590107679e+00 1.236724687622008600e+00 8.897771031229243510e-01 6.293910281408924279e-01 4.439598238195554991e+00 3.445841286355084687e+00 6.074120566703718360e+00 3.155511778834696024e+00 3.123955370088798311e+00 2.637512797605346737e+00 4.294603563527249257e+00 6.851278744762971940e-01 5.576321400722352273e+00 5.575312816235086011e+00 4.971742149820449264e+00
3.014487105213296214e+00 1.224145408846458283e+00 8.882052652742029597e-01 6.305683376800149675e-01 4.437914914344439410e+00 3.438829668484346236e+00 6.058220521800968150e+00 3.171565341668494575e+00 3.144758546628697360e+00 2.580665446241032335e+00 4.282024284751699383e+00 6.835560366275755806e-01 5.577498710261474812e+00 5.573629492383971318e+00 4.975749171741894017e+00
2.863760047345253135e+00 1.507189711569889790e+00 1.044129190944858898e+00 4.868142681547756867e-01 4.580206722851813517e+00 3.552550236639115067e+00 6.155097842018437682e+00 3.044326465747698496e+00 2.967917120396524666e+00 3.199882507027250966e+00 4.565068587475129114e+00 8.394799622982386245e-01 5.433744640736235532e+00 5.715921300891354306e+00 4.813361312490396671e+00
3.359974003586490898e+00 9.685480199005668256e-01 5.357829385930757971e-01 1.031757135383085888e+00 4.016227761962674059e+00 3.489328624206156526e+00 6.207132977848518252e+00 3.169653328354877786e+00 3.004204372889392349e+00 3.115898453543938462e+00 4.026426895805806261e+00 3.311337099464560785e-01 5.978687507964545844e+00 5.151942340002214848e+00 5.365907779077865314e+00
3.420821937269012736e+00 9.023460736517833203e-01 4.661880866738977169e-01 1.100989040301043609e+00 3.947836049920546486e+00 3.475562906251168371e+00 6.193969915547779870e+00 3.146195211924790236e+00 2.996101583924521972e+00 3.132207390944357517e+00 3.960224949557022978e+00 2.615388580272780539e-01 6.047919412882503565e+00 5.083550627960087276e+00 5.435030078843242407e+00
2.766287695578122374e+00 1.602501578293087370e+00 1.169521749006525280e+00 3.975539533589813601e-01 4.646828314758682410e+00 3.702271444252548172e+00 6.230469054883308822e+00 3.339517301208437594e+00 3.056467111875782017e+00 2.980577313918748139e+00 4.660380454198326916e+00 9.648725203599061162e-01 5.344484325940441316e+00 5.782542892798223200e+00 4.736805801282760520e+00
2.751633687153722363e+00 1.611561401980292851e+00 1.179248838978385727e+00 3.863685040524174052e-01 4.657116616395627240e+00 3.704843205646398907e+00 6.232780612571603207e+00 3.349198170200399005e+00 3.061109194939614309e+00 2.987802279365432412e+00 4.669440277885533064e+00 9.745996103317663417e-01 5.333298876633876695e+00 5.792831194435168030e+00 4.725040319483506224e+00
2.734732213172428761e+00 1.624355238235472232e+00 1.192402770383656163e+00 3.728479909244176715e-01 4.670470330119248281e+00 3.707356561845788434e+00 6.235277837907937659e+00 3.359512441252875181e+00 3.063773079471070915e+00 2.994836784094317750e+00 4.682234114140712222e+00 9.877535417370366666e-01 5.319778363505877294e+00 5.806184908158789071e+00 4.710744730883153153e+00
