5.112416140337114001e+00 1.921731695631553327e+00 9.993008258694310170e-03 1.036167229675336809e+00 5.563077792695147572e+00 4.420789055712288196e+00 5.392665837691364317e+00 2.740265915335842947e-02 1.453584099220486703e+00 3.364291653630761658e+00 2.991231840079271009e+00 3.950173598516490969e+00 2.228710101508839081e+00 2.693120014984388799e+00 2.813211484118655292e+00
5.093623313614384251e+00 1.911357563732854370e+00 1.483980956464647089e-02 1.040294005606467120e+00 5.523457102125799878e+00 4.441739696693613126e+00 5.388493833750207074e+00 3.374721482427241182e-02 1.447201785833692078e+00 3.365901408231846581e+00 2.980857708180571830e+00 3.955020399822442911e+00 2.232836877439969392e+00 2.653499324415041549e+00 2.830427102852680399e+00
5.085914752469641975e+00 1.896891114091160846e+00 2.036851393941827709e-02 1.044463653861936514e+00 5.485659373840581665e+00 4.466319983734029719e+00 5.395676550335450905e+00 3.202221094117367606e-02 1.448567773900746980e+00 3.363055403852177161e+00 2.966391258538875864e+00 3.960549104197215620e+00 2.237006525695438786e+00 2.615701596129825557e+00 2.840342629134297692e+00
5.078088512506854890e+00 1.912511218856337791e+00 2.317777150975645212e-03 1.025820814919159885e+00 5.493373773440015206e+00 4.429378583726581553e+00 5.386616374260136730e+00 6.494152282512238861e-02 1.413711404592733478e+00 3.352017427888037027e+00 2.982011363304049034e+00 3.942498367408775017e+00 2.218363686752665043e+00 2.623415995729257766e+00 2.840233604874882190e+00
5.066328530003667119e+00 1.935142892325278918e+00 -2.132974337723911318e-02 1.001102379045093915e+00 5.507296421413649057e+00 4.378834655411715460e+00 5.370212318980476240e+00 1.087681352602849483e-01 1.368227318759526634e+00 3.338410840989396444e+00 3.004643036772989717e+00 3.918850846880560290e+00 2.193645250878598851e+00 2.637338643702891616e+00 2.839616237855773662e+00
5.034473846915809681e+00 1.996294172280842272e+00 -7.478627961491994547e-02 9.459041812358435219e-01 5.555916189515935244e+00 4.250360095887771195e+00 5.308836070200579904e+00 2.181943035573843392e-01 1.258191011318688268e+00 3.310910633365649058e+00 3.065794316728553071e+00 3.865394310642879194e+00 2.138447053069348680e+00 2.685958411805177359e+00 2.836656832016172025e+00
5.227252795900288795e+00 1.774139533621443388e+00 1.894433820573938609e-01 1.278446399744556539e+00 5.423425125042522943e+00 4.976585849337833878e+00 5.759105963875221335e+00 -4.476733904792234986e-01 1.932390027920531494e+00 3.541068219572145015e+00 2.843639678069154186e+00 4.129623972315193292e+00 2.470989271578061697e+00 2.553467347331764614e+00 2.817582481136212458e+00
5.216876808859585601e+00 1.726793976657241991e+00 1.826558676059766850e-01 1.254331294182413625e+00 5.434358637464786312e+00 5.042236766112133672e+00 5.749063357025081977e+00 -5.166454836835929765e-01 2.005811659853278694e+00 3.519175351671724350e+00 2.796294121104953678e+00 4.122836457863776616e+00 2.446874166015919005e+00 2.564400859754027984e+00 2.773149202990882412e+00
5.214871402995790994e+00 1.682502762766979298e+00 1.796560024155765267e-01 1.233081760706843166e+00 5.446751876727506492e+00 5.113072952108926650e+00 5.744067332410923932e+00 -5.864447585126304485e-01 2.082073245407874307e+00 3.499600041051966759e+00 2.752002907214690985e+00 4.119836592673376430e+00 2.425624632540348546e+00 2.576794099016748607e+00 2.731630303533352677e+00
6.102363813164125794e+00 1.024327801275651151e+00 2.614114658440004346e-01 1.293049958083027917e+00 5.706957731177576321e+00 6.478432529541487739e+00 6.422941809836007820e+00 -1.902056062842648609e+00 3.464702718775554580e+00 3.987479045018412549e+00 2.093827945723367723e+00 4.201592056101792316e+00 2.485592829916523971e+00 2.836999953466814439e+00 2.011889331985894369e+00
6.134190901285707653e+00 1.053276672106530087e+00 2.925922401632989334e-01 1.285897917886759778e+00 5.727360806113583891e+00 6.475659304587902731e+00 6.426282291385360779e+00 -1.895079360212155839e+00 3.471438507632711001e+00 3.960794833980208818e+00 2.122776816554246437e+00 4.232772830421090760e+00 2.478440789720255832e+00 2.857403028402822009e+00 2.008961422162114818e+00
6.502075337660803811e+00 1.405568179282902008e+00 6.567337711358267605e-01 1.099249780921052855e+00 6.104524213555148293e+00 6.437892084957100636e+00 6.450268659641480440e+00 -1.964268466877378216e+00 3.570361595877737937e+00 3.721233962052915345e+00 2.475068323730618136e+00 4.596914361393618087e+00 2.291792652754548243e+00 3.234566435844385968e+00 1.870591196188703398e+00
6.502126390595494243e+00 1.399758845076892966e+00 6.490035206976292326e-01 1.055470512131828631e+00 6.127835816830872417e+00 6.456134162111738739e+00 6.412713970281311404e+00 -1.959470291337296111e+00 3.561651503221496817e+00 3.737402935366644918e+00 2.469258989524609316e+00 4.589184110955420337e+00 2.248013383965324241e+00 3.257878039120110536e+00 1.825441596193503990e+00
6.540702129175234525e+00 1.407088452366698661e+00 6.628959942812081563e-01 8.583589768099739725e-01 6.276166033976105396e+00 6.514350526504681049e+00 6.247948242401990981e+00 -1.932672850918158547e+00 3.527353401452558490e+00 3.780047015053861426e+00 2.476588596814415677e+00 4.603076584538999150e+00 2.050901848643469805e+00 3.406208256265344847e+00 1.626135328260363444e+00
6.559349025713448356e+00 1.422723938168003244e+00 6.783735163047852623e-01 8.355870237569563708e-01 6.302370077012295901e+00 6.514029908874841013e+00 6.242356450954805069e+00 -1.932898906559630037e+00 3.527838532732476384e+00 3.782290405222914931e+00 2.492224082615720260e+00 4.618554106562576145e+00 2.028129895590452314e+00 3.432412299301534908e+00 1.605526116098425105e+00
6.591972491566151504e+00 1.447488904249621067e+00 7.028055176439795826e-01 7.844127976776215094e-01 6.354980116217881836e+00 6.517559779530124331e+00 6.221409175916449819e+00 -1.935570507694833298e+00 3.534883526101095796e+00 3.777696197284723834e+00 2.516989048697338305e+00 4.642986107901770687e+00 1.976955669511117453e+00 3.485022338507121287e+00 1.557250645642127340e+00
6.687143911805875085e+00 1.406775701517186228e+00 6.708828631249506014e-01 4.929496196887650505e-02 6.933548435642520325e+00 6.667918240807418684e+00 5.793549582751512439e+00 -2.109570166162956895e+00 3.989390477352988018e+00 3.279501041354591528e+00 2.476275845964903688e+00 4.611063453382741706e+00 1.241837833802371893e+00 4.063590657931757555e+00 8.838491466989902845e-01
6.539069726900655688e+00 1.241661375828433833e+00 5.324873155544984638e-01 8.005324343452528690e-02 6.966529829500642812e+00 6.690078081431863666e+00 5.755038051782741526e+00 -2.153415485374933880e+00 4.137540979188867318e+00 3.448477603519055190e+00 2.311161520276151293e+00 4.472667905812289568e+00 1.272596115268020522e+00 4.096572051789879154e+00 8.491313310637758072e-01
6.635974799634245969e+00 1.355772122414452996e+00 6.487256226690925054e-01 4.143527695376399145e-02 6.927680226628525340e+00 6.669842342458617068e+00 5.779492939314324396e+00 -2.086772396447991174e+00 4.049912948181380479e+00 3.372109983340121353e+00 2.425272266862170678e+00 4.588906212926883832e+00 1.233978148787259421e+00 4.057722448917760794e+00 8.568072976194150980e-01
6.607290269177831021e+00 1.328802677918467845e+00 6.265254229517558393e-01 5.013717201233054699e-02 6.924783622310640041e+00 6.669759070140170110e+00 5.784384225083048392e+00 -2.096067680812345735e+00 4.069148233291119077e+00 3.403117193744059410e+00 2.398302822366185527e+00 4.566706013209547166e+00 1.242680043845826532e+00 4.054825844599875495e+00 8.570337237807403863e-01
6.556689914544283404e+00 1.276120156660595528e+00 5.771302797675031959e-01 6.069907452994313668e-02 6.929676410586981916e+00 6.674623563134868931e+00 5.782774581663121971e+00 -2.122806103827330038e+00 4.111808261154954458e+00 3.452530529510590362e+00 2.345620301108313210e+00 4.517310870025294633e+00 1.253241946363439219e+00 4.059718632876217370e+00 8.528570257848426817e-01
6.985272826514318467e+00 1.757122203272663885e+00 1.060057647718933405e+00 -7.824693099389337658e-02 6.795217707058868406e+00 6.602742396952010928e+00 5.857179261029348716e+00 -1.825212936360685267e+00 3.746912572082619519e+00 3.108347517668779592e+00 2.826622347720381345e+00 5.000238237976724953e+00 1.114295940839602705e+00 3.925259929348103416e+00 8.875154406369707427e-01
7.120642622131287069e+00 1.923601742302380790e+00 1.214626428757431320e+00 -1.825637330806892944e-01 6.847671464214320380e+00 6.558702837642372607e+00 5.843798897444616891e+00 -1.800829622839044575e+00 3.678140347468990434e+00 2.976428766437567042e+00 2.993101886750098473e+00 5.154807019015222203e+00 1.009979138752806760e+00 3.977713686503555834e+00 8.369527887347871786e-01
7.124396453589199929e+00 1.931421576128599549e+00 1.227039362547668322e+00 -2.222897611996169365e-01 6.882246796484563056e+00 6.544543371061816828e+00 5.850307249855411840e+00 -1.797577560983617762e+00 3.703439853477930921e+00 2.975324552105760745e+00 3.000921720576316787e+00 5.167219952805458760e+00 9.702531106338789790e-01 4.012289018773798510e+00 8.103121912284151351e-01
6.184763417150717757e+00 1.012241359965893261e+00 1.763697964142212360e-01 7.636891583766108882e-01 6.200253404962855264e+00 6.673497954452392911e+00 5.961168902426788208e+00 -1.589251486641388489e+00 3.963576484439362169e+00 3.325519207706531422e+00 2.081741504413610500e+00 4.116550386672011896e+00 1.956232030210106387e+00 3.330295627252091162e+00 1.198540625787154035e+00
5.799189826310232831e+00 6.591936215223709317e-01 -1.255091468841830760e-01 8.432529834369407729e-01 6.231703555089664448e+00 6.677725257796135239e+00 5.957893036857286440e+00 -2.044800358674400353e+00 4.367930136895293636e+00 2.917843636548010711e+00 1.728693765970086282e+00 3.814671443373608639e+00 2.035795855270436938e+00 3.361745777378898126e+00 1.174405463118112225e+00
5.789722932883313078e+00 6.590851207496956077e-01 -1.266230392279222294e-01 8.261120970587041423e-01 6.225490142613189448e+00 6.679000333568645864e+00 5.934084406859737371e+00 -2.036458814221215441e+00 4.355567360552596412e+00 2.926829166568546192e+00 1.728585265197410514e+00 3.813557551029869597e+00 2.018654968892200419e+00 3.355532364902424014e+00 1.183598790119430255e+00
4.051311957384783113e+00 -1.090652665610404082e+00 -1.819618997513648084e+00 9.066756446743575726e-01 4.706816151393969250e+00 5.981924602831596438e+00 5.925397432576660073e+00 -2.863083019685233932e+00 5.362413927018536697e+00 1.862895642192676560e+00 -2.115252116268973026e-02 2.120561592744145241e+00 2.099218516507853405e+00 1.836858373683205148e+00 2.666329011052289921e+00
4.049433777813028712e+00 -1.093743564165948090e+00 -1.822300473628754913e+00 9.093905694213023638e-01 4.708298380449645215e+00 5.980862279184389507e+00 5.924504420658088577e+00 -2.862793428099111193e+00 5.361897260439509871e+00 1.862824169961745602e+00 -2.424341971823377670e-02 2.117880116629038412e+00 2.101933441254798307e+00 1.838340602738881113e+00 2.667366149280146814e+00
3.852766378490942056e+00 -1.614849269846113433e+00 -2.473490643836476099e+00 1.407379597172959240e+00 4.500143591309541335e+00 5.325297171450829481e+00 5.914024748293988942e+00 -2.841693335775421492e+00 5.379007534961544934e+00 1.860082067109906312e+00 -5.453491253983985265e-01 1.466689946421317003e+00 2.599922469006454406e+00 1.630185813598778344e+00 3.352990560462256298e+00
