3.504952459735337089e-01 6.280017558947162293e+00 5.503992116867994611e+00 3.029060804706734888e+00 5.739793273528464468e+00 5.034710890274428863e+00 6.082373198001865156e+00 3.170977957254216939e+00 1.118763605203384470e+00 6.204284204563551341e+00 3.158730149776140195e+00 3.059420032238421072e+00 4.559461024784642547e+00 5.584260981483603281e+00 4.982068897237305727e+00
5.739625885359913582e-01 6.442658732382681386e+00 5.699948197327519672e+00 2.828526383747770545e+00 5.765736829757931226e+00 5.067631099230836433e+00 6.052068340970704341e+00 3.355172991496731427e+00 1.211349923575795184e+00 6.428496610469413675e+00 3.321371323211658400e+00 3.255376112697946134e+00 4.358926603825678647e+00 5.610204537713070039e+00 5.013184296514366700e+00
5.292744425282736032e-01 6.396710724981942597e+00 5.651562022881908121e+00 2.872505599827915201e+00 5.779233277824642911e+00 5.094947620581289804e+00 6.024347133493386686e+00 3.374369879372201009e+00 1.166693779005773424e+00 6.379416307506311945e+00 3.275423315810920055e+00 3.206989938252334582e+00 4.402905819905822860e+00 5.623700985779782613e+00 5.026213710983037153e+00
4.109393505444117745e-01 6.318470922780489829e+00 5.550872235613789840e+00 2.978196927900627955e+00 5.818225518942009344e+00 5.137436255881654645e+00 5.976868275297947619e+00 3.382196318870387852e+00 1.068266039660779265e+00 6.272503014797718102e+00 3.197183513609467731e+00 3.106300150984215414e+00 4.508597147978534281e+00 5.662693226897149046e+00 5.067430915841008243e+00
-1.181041831817664089e-02 6.211523232585796528e+00 5.294639779174411309e+00 3.325323484723093692e+00 5.872992661288899185e+00 5.197860325895645950e+00 5.890205275581231525e+00 3.175632666960972461e+00 7.455221874719384356e-01 5.886454168399714248e+00 3.090235823414773986e+00 2.850067694544835550e+00 4.855723704801000906e+00 5.717460369244038887e+00 5.119877745597757546e+00
3.797838332065959221e-01 7.002345228171618530e+00 6.020681644339129335e+00 2.613922862747374065e+00 5.146332873124816132e+00 5.194773925526933844e+00 5.833368907471032649e+00 2.867625881551747913e+00 6.574858150456976968e-01 6.189785633238155782e+00 3.881057819000594655e+00 3.576109559709552244e+00 4.144323082825279947e+00 4.990800581079955833e+00 4.376545433981045896e+00
3.310598211866899176e-01 6.996604522913401958e+00 6.016288705282812010e+00 2.622065727757165288e+00 5.160210753284878216e+00 5.207526289839483624e+00 5.780865296304832590e+00 2.919358507575159578e+00 7.081340581912192178e-01 6.157302703422753432e+00 3.875317113742378528e+00 3.571716620653234919e+00 4.152465947835071169e+00 5.004678461240017917e+00 4.394528959957586522e+00
3.505198718679470860e-01 7.035085850999170276e+00 6.055546438590408975e+00 2.579081579528584189e+00 5.132684278224089347e+00 5.199838517066839749e+00 5.779356937749413170e+00 2.920690717089203581e+00 7.083346068620224312e-01 6.164663785356170322e+00 3.913798441828146402e+00 3.610974353960831440e+00 4.109481799606490071e+00 4.977151986179228160e+00 4.365504583014389262e+00
3.383513140609953229e+00 8.155179042901751885e+00 7.187618037746799082e+00 1.152333985332753663e+00 4.159862143657980127e+00 4.235225472779548639e+00 8.530465789817220923e+00 2.626894477984240694e-01 -1.986275642800495733e+00 8.300886208203582584e+00 5.033891633730722681e+00 4.743045953117223767e+00 2.682734205410655104e+00 4.004329851613117164e+00 3.057514172307997491e+00
3.533877458922779713e+00 8.165966870097342678e+00 7.328620758666852808e+00 1.267311490704121635e+00 3.996948252383315747e+00 4.239353362943488079e+00 8.415839000429254924e+00 1.252569232159500556e-01 -1.901009541652962209e+00 8.251009889587264112e+00 5.044679460926314363e+00 4.884048674037277493e+00 2.797711710782023076e+00 3.841415960338452784e+00 3.172062280302145876e+00
3.534143266735842559e+00 8.164751974301783122e+00 7.326724942775083349e+00 1.265748408609631781e+00 3.993764345215503830e+00 4.242924112420536353e+00 8.413602575305205278e+00 1.199968289661705739e-01 -1.906288308596643333e+00 8.251132369288868063e+00 5.043464565130755695e+00 4.882152858145508034e+00 2.796148628687533222e+00 3.838232053170640867e+00 3.171819806423505916e+00
3.550130527361579968e+00 8.195452214038656535e+00 7.347566810824866401e+00 1.281146756537002718e+00 3.960405839229936831e+00 4.249742727003988918e+00 8.412742531159723924e+00 1.129357104066177481e-01 -1.910705323328048433e+00 8.253053181500884961e+00 5.074164804867629108e+00 4.902994726195290198e+00 2.811546976614904381e+00 3.804873547185073868e+00 3.171603693820673087e+00
3.598955173138035146e+00 8.330490843830089531e+00 7.427475052268690980e+00 1.339663389123245674e+00 3.858579268430134768e+00 4.260506658588698592e+00 8.434889369631331846e+00 1.246068190751733057e-01 -1.912053198973863166e+00 8.262924998653767616e+00 5.209203434659062992e+00 4.982902967639114777e+00 2.870063609201147337e+00 3.703046976385271805e+00 3.158996134570267511e+00
3.588345562008777190e+00 8.307227193753293548e+00 7.408078584376948328e+00 1.323957268870678661e+00 3.866899572908518490e+00 4.266890600778017628e+00 8.418918736245704082e+00 1.088413790108470058e-01 -1.924947699877481044e+00 8.264872258152051288e+00 5.185939784582267009e+00 4.963506499747372125e+00 2.854357488948580546e+00 3.711367280863655083e+00 3.157136406163402853e+00
3.574490093271335489e+00 8.260291576276086900e+00 7.377004059660304591e+00 1.299398729971610322e+00 3.883041091022337632e+00 4.274720079662602146e+00 8.392058446548645634e+00 8.174523757899533616e-02 -1.941594524244017794e+00 8.266263534074303365e+00 5.139004167105061249e+00 4.932431975030727500e+00 2.829798950049512207e+00 3.727508798977474225e+00 3.159396405879910663e+00
3.405756350967912738e+00 7.317644756152438035e+00 6.886488239245813325e+00 9.089918553428104619e-01 4.242180939299412756e+00 4.327473653783666663e+00 8.006231779025380746e+00 -3.301560701080693550e-01 -2.100265558327600424e+00 8.245121150384589370e+00 4.196357346981415049e+00 4.441916154616237122e+00 2.439392075420711681e+00 4.086648647254548017e+00 3.287855678909124002e+00
3.396111688385762051e+00 7.193018389613165198e+00 6.989272720231329394e+00 9.942347553739394606e-01 4.349286651801194559e+00 4.337335373023737617e+00 7.938145144938005160e+00 -3.456517715914256828e-01 -1.979687164297450952e+00 8.244017471289501131e+00 4.071730980442142211e+00 4.544700635601753191e+00 2.524634975451840901e+00 4.193754359756328931e+00 3.183097742712565292e+00
2.533743408986421386e+01 -1.488560417205120956e+01 5.494789087193970190e+00 -5.092078523107475974e+01 1.776261071310251438e+01 -1.895508028206794293e+01 2.727543961607622691e+01 5.736649733738872925e+01 -8.756827758243798598e+01 8.139947992519362074e+00 -1.800689158122222011e+01 3.050217002564252766e+00 -4.939038501099686584e+01 1.760707842105787080e+01 -5.171364203860107978e+01
2.564072106714062826e+01 -1.457874648915174731e+01 5.369671457673126369e+00 -5.091051387689382324e+01 1.790152443008635075e+01 -1.897369832561867042e+01 2.731495771004433593e+01 5.746243199157378001e+01 -8.755511423329650711e+01 8.219034479333572563e+00 -1.770003389832275786e+01 2.925099373043408946e+00 -4.938011365681592935e+01 1.774599213804170716e+01 -5.200472543811212489e+01
2.558139842320911583e+01 -1.463473065982521604e+01 5.437061106597119498e+00 -5.085994774355480530e+01 1.793156410728141026e+01 -1.894335687694282910e+01 2.731010340557634208e+01 5.740885330305562917e+01 -8.762209914859879234e+01 8.166569264267927508e+00 -1.775601806899622659e+01 2.992489021967402518e+00 -4.932954752347691141e+01 1.777603181523677023e+01 -5.195957602520642382e+01
2.555848978296973328e+01 -1.465929013715345341e+01 5.475070714725972287e+00 -5.081700173765088380e+01 1.796473162316613781e+01 -1.893265037441651444e+01 2.731389541550133870e+01 5.739951440221392431e+01 -8.763424332865966448e+01 8.130650588655203848e+00 -1.778057754632446219e+01 3.030498630096257084e+00 -4.928660151757301122e+01 1.780919933112149778e+01 -5.195046248682541545e+01
2.547014876636554348e+01 -1.475022882464033103e+01 5.551210865750236145e+00 -5.075477850890285936e+01 1.799591859300661412e+01 -1.890926340559723329e+01 2.731434563824485195e+01 5.735593798443476032e+01 -8.765810475254706091e+01 8.032310649467245156e+00 -1.787151623381134158e+01 3.106638781120520942e+00 -4.922437828882499389e+01 1.784038630096197409e+01 -5.190433905015625982e+01
2.564383559307003324e+01 -1.457497917088152484e+01 5.455842194365523312e+00 -5.076432784332926929e+01 1.803185711131534319e+01 -1.892318856508122948e+01 2.731644157801895290e+01 5.746705417780167835e+01 -8.766412101179317062e+01 8.197991688847858782e+00 -1.769626658005253717e+01 3.011270109735807665e+00 -4.923392762325140382e+01 1.787632481927070316e+01 -5.197417093167702973e+01
2.566541844670152983e+01 -1.455372070819080754e+01 5.446137348917544863e+00 -5.076276004165110578e+01 1.804020075034763693e+01 -1.892631432272912306e+01 2.731839230861838530e+01 5.747905995697740877e+01 -8.765880575585151746e+01 8.215950195639241116e+00 -1.767500811736182342e+01 3.001565264287829216e+00 -4.923235982157324031e+01 1.788466845830299690e+01 -5.198510525839431295e+01
2.542449142469018142e+01 -1.479204850008820138e+01 5.655246984350119632e+00 -5.056420504796236770e+01 1.810887038279781081e+01 -1.887335217348152483e+01 2.733474720061773766e+01 5.748943301856903787e+01 -8.769727340197934495e+01 7.925476482527848532e+00 -1.791333590925922081e+01 3.210674899720403985e+00 -4.903380482788450934e+01 1.795333809075316722e+01 -5.195767955943775007e+01
2.544953138594785358e+01 -1.476632622457919908e+01 5.632317132353295897e+00 -5.058351795808366802e+01 1.810043327322627960e+01 -1.886654366983222175e+01 2.731924058046961434e+01 5.750989126692508790e+01 -8.769823691406409694e+01 7.961469943266950011e+00 -1.788761363375021674e+01 3.187745047723580250e+00 -4.905311773800580966e+01 1.794490098118163957e+01 -5.195763243340574888e+01
2.549664682094230272e+01 -1.471855928853290152e+01 5.582587089736491315e+00 -5.060918170135676064e+01 1.808999129767720149e+01 -1.885289807896687009e+01 2.728262296018117183e+01 5.755288306790944119e+01 -8.770443183929309328e+01 8.024078510209573523e+00 -1.783984669770392273e+01 3.138015005106775668e+00 -4.907878148127890228e+01 1.793445900563256146e+01 -5.195598384558912386e+01
2.554406675414651318e+01 -1.467102471719474366e+01 5.533681704018348135e+00 -5.063450155433349664e+01 1.807931152396725594e+01 -1.883912556317298481e+01 2.725131721047312894e+01 5.758932240496999100e+01 -8.771163158163605544e+01 8.084930141922662017e+00 -1.779231212636576487e+01 3.089109619388632932e+00 -4.910410133425563828e+01 1.792377923192261591e+01 -5.195350388714678758e+01
2.570544411897694204e+01 -1.451043204563753442e+01 5.396586290652151341e+00 -5.071274828081629948e+01 1.805205443412796740e+01 -1.880923764922956209e+01 2.716257386313486677e+01 5.766537864095840860e+01 -8.773214825749944623e+01 8.282494791840280257e+00 -1.763171945480855385e+01 2.952014206022436582e+00 -4.918234806073844112e+01 1.789652214208332737e+01 -5.194622891919426877e+01
2.499439113574246463e+01 -1.524974541653419102e+01 6.004183852053610160e+00 -4.981643824498689099e+01 1.835734984186276719e+01 -1.843017106808487782e+01 2.725348656955744886e+01 5.822798175783125174e+01 -8.791279899530343300e+01 7.330400833558382345e+00 -1.837103282570520690e+01 3.559611767423894513e+00 -4.828603802490903263e+01 1.820181754981812716e+01 -5.204138233785189982e+01
