9.712437035738810120e-01 3.307634209289877614e+00 1.270311160483361901e+00 1.556896493486550348e-01 6.144246941824737185e+00 4.028946192634942136e+00 5.436771262315884812e+00 2.514386703948621182e+00 1.615102298275677306e+00 6.069560603111322727e+00 5.425714488738904162e-01 5.748079471813779762e+00 5.909122155541526311e+00 6.897264414632304774e-01 3.551046047641507553e+00
7.297828448646033195e-01 3.355802672133164410e+00 1.160168290171703864e+00 3.369069645452245632e-01 6.157161801236433085e+00 3.892658625156121488e+00 5.370279292037476004e+00 2.292332818241936465e+00 1.399709859053667849e+00 5.973437488659978811e+00 5.907399117171771019e-01 5.637936601502121725e+00 6.090339470738095784e+00 7.026413008749265998e-01 3.612264171551412328e+00
-1.754909469760912444e-02 3.437657846508546555e+00 1.280413587975048451e+00 9.063440085375547017e-01 6.087562115389659745e+00 3.843607039997893438e+00 4.992736142637999919e+00 1.585799335945363708e+00 8.815442169889259327e-01 5.468036888375252147e+00 6.725950860925608010e-01 5.758181899305465201e+00 6.659776514730426200e+00 6.330416150281542587e-01 3.443256095246637116e+00
-4.462917327091173725e-01 3.676433578156944382e+00 1.166088471474056698e+00 8.727381637716931095e-01 5.653552276203994253e+00 3.848042031123163564e+00 4.526038589929447298e+00 1.181622884593877876e+00 6.636684525757557962e-01 5.395829448792938798e+00 9.113708177409581834e-01 5.643856782804474115e+00 6.626170669964564830e+00 1.990317758424891004e-01 3.479791675370989434e+00
-4.806224465540264723e-01 3.688461605208543492e+00 1.169926304322504107e+00 8.685677872492856277e-01 5.628682151420223434e+00 3.858799193636319291e+00 4.488806369677012853e+00 1.141926294334325354e+00 6.539833049745926719e-01 5.374464512358850143e+00 9.233988447925570719e-01 5.647694615652921968e+00 6.622000293442157570e+00 1.741616510587179756e-01 3.477906158725756036e+00
-4.705393567808151545e-01 3.686335251990155992e+00 1.170238125795464601e+00 8.783838983951386403e-01 5.651960369008723006e+00 3.857008846481043474e+00 4.506936898179256801e+00 1.157186352897742632e+00 6.515779340373359929e-01 5.375295008810422992e+00 9.212724915741693499e-01 5.648006437125882684e+00 6.631816404588010805e+00 1.974398686472174647e-01 3.479026552731226740e+00
-4.153738433496378391e-01 3.668503749939754588e+00 1.163816869484954886e+00 9.056738771034547053e-01 5.729420731249972754e+00 3.839885801550559918e+00 4.583742344471152030e+00 1.228282324872344455e+00 6.528121554491356227e-01 5.392732047636595638e+00 9.034409895237681676e-01 5.641585180815373413e+00 6.659106383296327536e+00 2.749002308884666013e-01 3.481636502182185122e+00
-1.241626618965609330e+00 4.036813157338588809e+00 1.219056877332943767e+00 6.146096872234123598e-01 4.798116435316068795e+00 4.069131727920726860e+00 3.577268313070423034e+00 2.396824914691363384e-01 5.440737917557366687e-01 5.155264129414690366e+00 1.271750396922601833e+00 5.696825188663362738e+00 6.368042193416285635e+00 -6.564040650454372461e-01 3.483409369519077092e+00
-1.355999383897888544e+00 4.125792965238294308e+00 1.215835453120406973e+00 6.610537943105130321e-01 4.927437731819643396e+00 4.308848161813104483e+00 3.826463080581449461e+00 7.170024839875402400e-02 4.303943289389128291e-01 5.183510601345865609e+00 1.360730204822307554e+00 5.693603764450825722e+00 6.414486300503385863e+00 -5.270827685418612019e-01 3.368386843870978087e+00
-1.548423919398929538e+00 4.042904012739588993e+00 1.586495124489786468e+00 1.047859500750754513e+00 5.420969036970286759e+00 4.608559907457648208e+00 3.763734551007314799e+00 -2.987805797622518356e-02 -7.759608543644791467e-02 5.227096981632037398e+00 1.277841252323601795e+00 6.064263435820205217e+00 6.801292006943627122e+00 -3.355146339121783949e-02 3.269245254895797981e+00
-1.444083016858901392e+00 4.031235344068250015e+00 1.546957171968898148e+00 1.006199538300104779e+00 5.372694402280518311e+00 4.600113913581926006e+00 3.842455985021022258e+00 4.302695935505460034e-02 -1.399540358943077989e-01 5.243475375213419554e+00 1.266172583652262373e+00 6.024725483299317119e+00 6.759632044492977165e+00 -8.182609808098648130e-02 3.166812881845518568e+00
-1.399265267595990903e+00 4.026868595218061841e+00 1.536296100626745043e+00 9.965241524382675298e-01 5.358554812761607167e+00 4.596500140541768253e+00 3.878670100925007080e+00 7.639496331192656420e-02 -1.669422500309584168e-01 5.257557131472112566e+00 1.261805834802074422e+00 6.014064411957163792e+00 6.749956658631139916e+00 -9.596568759989805575e-02 3.124340474704520254e+00
-1.374391365904088280e+00 4.025477016841194633e+00 1.533640258136201862e+00 9.937275027982470643e-01 5.352988210829656701e+00 4.588584677897813435e+00 3.898688166514788112e+00 9.783170082641702570e-02 -1.841877579295994050e-01 5.268780384869078404e+00 1.260414256425206769e+00 6.011408569466620833e+00 6.747160008991119895e+00 -1.015322895318494928e-01 3.100973907516625605e+00
-1.838533421916566324e+00 4.173597455915345478e+00 1.740357782331403369e+00 1.083365987859463253e+00 5.510586021346751018e+00 4.106063314416558363e+00 3.437888876624698220e+00 -2.778674144285452063e-02 1.480698377378025787e-02 5.311152458577561575e+00 1.408534695499356948e+00 6.218126093661820342e+00 6.836798494052333197e+00 5.606552098524465733e-02 3.518657066136714473e+00
-1.710400289407473462e+00 4.083594787244329893e+00 1.787884278291152151e+00 1.132157621534295444e+00 5.561805081634509484e+00 4.022039641369129725e+00 3.428829577569408205e+00 1.223431499355501356e-01 -3.363036821123276815e-03 5.390030610497805519e+00 1.318532026828341586e+00 6.265652589621567792e+00 6.885590127727165388e+00 1.072845812730029436e-01 3.447498027280778476e+00
-1.747688522200615546e+00 4.094037272250985460e+00 1.786152595095613638e+00 1.129123038579213700e+00 5.558838291811436072e+00 4.008436371571439949e+00 3.399649238517864713e+00 1.166207834370098784e-01 2.433012516454577043e-02 5.409077944179158770e+00 1.328974511834996708e+00 6.263920906426029944e+00 6.882555544772083422e+00 1.043177914499300862e-01 3.449877978180037719e+00
-1.782437604633576367e+00 4.103584745837052239e+00 1.783724364010970787e+00 1.126001131450140802e+00 5.555209894846691476e+00 3.997234622584122654e+00 3.374500202852082076e+00 1.102660165713961471e-01 5.025131273282505695e-02 5.424699180663594689e+00 1.338521985421064597e+00 6.261492675341387759e+00 6.879433637643010968e+00 1.006893944851853934e-01 3.452448231964918790e+00
-2.094396556663229436e+00 4.277695690881964552e+00 1.697240114699994251e+00 1.046141443707621077e+00 5.455882497444968671e+00 4.182451806668344929e+00 3.364689109610119910e+00 -1.875605048280118148e-01 1.558740309669413571e-01 5.315811385084705520e+00 1.512632930465976688e+00 6.175008426030411002e+00 6.799573949900491243e+00 1.361997083462712643e-03 3.565750380219268489e+00
-2.182704081946132746e+00 4.362585284811074438e+00 1.622063243507717800e+00 9.579934712099653638e-01 5.357983308647155773e+00 4.148541098106765190e+00 3.320847521543452086e+00 -2.956460469526926427e-01 1.966497576393035629e-01 5.314176996067885739e+00 1.597522524395086352e+00 6.099831554838135439e+00 6.711425977402836196e+00 -9.653719171434935187e-02 3.613380642340278115e+00
-2.184922830507415092e+00 4.360531627811403688e+00 1.623985797017811539e+00 9.565508711602453973e-01 5.357837808659044576e+00 4.169473625054108012e+00 3.335414391796778677e+00 -2.912625725592933312e-01 1.843152564516757630e-01 5.311284348428306323e+00 1.595468867395415824e+00 6.101754108348229622e+00 6.709983377353116119e+00 -9.668269170246053534e-02 3.590235522609605212e+00
-2.154937911617162971e+00 4.265971731566112091e+00 1.706798540829404853e+00 9.882079465918500727e-01 5.422911950486255073e+00 4.526320935031614923e+00 3.589500756471554865e+00 -1.603710025707154874e-01 -2.958281266550183419e-02 5.299321309314215966e+00 1.500908971150125115e+00 6.184566852159822048e+00 6.741640452784722015e+00 -3.160854987525059390e-02 3.194977150936893384e+00
-2.173839558524239379e+00 4.266976202576575616e+00 1.707356021141453573e+00 9.893123046339347137e-01 5.424646864936996771e+00 4.506659670603625045e+00 3.562318326491857423e+00 -1.672751456390793312e-01 -4.544165878011069415e-03 5.305190107124991172e+00 1.501913442160588863e+00 6.185124332471870545e+00 6.742744810826806656e+00 -2.987363542450839973e-02 3.219657174658883125e+00
-2.148160424579631300e+00 4.265963830309931204e+00 1.699226317065228420e+00 9.778481798821464510e-01 5.413098292265573264e+00 4.509350129909742932e+00 3.577401926674058874e+00 -1.484019405285638693e-01 -1.674214512013435033e-02 5.313231972004816228e+00 1.500901069893943784e+00 6.176994628395644504e+00 6.731280686075018949e+00 -4.142220809593118863e-02 3.195520443463174320e+00
-2.065809049123617847e+00 4.263927111433791772e+00 1.677644502332681142e+00 9.479343580255171764e-01 5.382031711949300856e+00 4.545881879117708912e+00 3.650483236928283137e+00 -9.889945504917060926e-02 -7.880189328551344408e-02 5.322544833305444811e+00 1.498864351017804131e+00 6.155412813663097893e+00 6.701366864218389452e+00 -7.248878841220360303e-02 3.105894552817405341e+00
-2.965351807106752613e+00 4.210342597561601785e+00 2.070012556125754521e+00 1.416052091127171231e+00 5.924275553792613280e+00 3.853998814183768662e+00 2.598745397096386078e+00 -4.721157313438721914e-01 8.542311664606968558e-01 5.335845846689365679e+00 1.445279837145614588e+00 6.547780867456171272e+00 7.169484597320042951e+00 4.697550534311085713e-01 4.214248154096461363e+00
-3.096621547224823967e+00 4.620313951438448363e+00 1.696923436434046639e+00 1.057644451857846501e+00 5.846633761037221433e+00 3.908936996040737633e+00 2.725277666609805305e+00 -3.187569843674259440e-01 6.378346264029857160e-01 5.012762991426228609e+00 1.855251191022461388e+00 6.174691747764464722e+00 6.811076958050717778e+00 3.921132606757163352e-01 3.841643600698206207e+00
-3.131426638107932092e+00 4.675152065919601085e+00 1.645721042075336094e+00 1.025303225905792814e+00 5.832154933132914110e+00 3.910362831538442663e+00 2.721041337080161604e+00 -2.850749903873875946e-01 6.422202381258821369e-01 5.018120156304275881e+00 1.910089305503614332e+00 6.123489353405753732e+00 6.778735732098663647e+00 3.776344327714084570e-01 3.789108800986774384e+00
-3.143773982657864341e+00 4.745229709442871702e+00 1.592097927856130912e+00 1.008233477554906443e+00 5.836385235955892981e+00 3.911341543642448570e+00 2.688372235163563495e+00 -1.741087161572982545e-01 6.585512750565659656e-01 5.033223681055615017e+00 1.980166949026884504e+00 6.069866239186548995e+00 6.761665983747777275e+00 3.818647355943871613e-01 3.721006113362526513e+00
-3.135947978451319784e+00 4.740554844824208303e+00 1.590539486600980990e+00 1.013024533503831703e+00 5.824120717801149816e+00 3.911289884284589569e+00 2.675253024171702965e+00 -1.424144060589377925e-01 6.549710307786553720e-01 5.025793185317053435e+00 1.975492084408221105e+00 6.068307797931399072e+00 6.766457039696701870e+00 3.696002174396437190e-01 3.725803732571350668e+00
-3.160821173153762764e+00 4.739622949859529477e+00 1.577172960072906749e+00 9.964061685824679993e-01 5.797053912848304513e+00 3.911125985299535923e+00 2.691438146556238920e+00 -1.717946540031472236e-01 6.348047036674475674e-01 5.005320195540810424e+00 1.974560189443542280e+00 6.054941271403325054e+00 6.749838674775338276e+00 3.425334124867979724e-01 3.724329338097109421e+00
