2.258132896096494147e+00 2.797385711617850212e-01 4.556613149415186470e+00 8.313793834230911450e-01 5.248929211011013063e-01 3.989463297402306097e+00 3.521849491375929286e+00 2.369031704985932407e+00 9.837631423874096948e-01 1.082614289234354654e+00 2.303878799517283804e-01 5.110458451446644901e+00 3.673106959896849766e+00 1.862744457072936788e+00 2.474600209245120919e+00
6.409721282214098537e+00 -3.616154485572877331e+00 7.056511277496699819e+00 2.354984929325192322e+00 2.216496431009931989e+00 5.041225912445811197e+00 3.714531567831976133e+00 1.431088011377088964e+00 -3.032646888088546877e+00 3.817458077891164425e+00 -3.665505176782934527e+00 7.610356579528158250e+00 5.196712505798948278e+00 3.554347966981766582e+00 7.959575339289040041e-01
6.629554839425982671e+00 -3.412121531220428938e+00 6.796823394765286963e+00 2.498609275441442623e+00 2.096961424054204937e+00 5.049128793376985058e+00 3.945477647024821621e+00 1.423763415677672173e+00 -3.300519317120739871e+00 3.609880275735995792e+00 -3.461472222430486578e+00 7.350668696796746282e+00 5.340336851915198579e+00 3.434812960026039530e+00 7.721571305571568455e-01
6.935996403211052375e+00 -3.238963708681893650e+00 6.527445905853759278e+00 2.609345390454351321e+00 1.978453110607810927e+00 5.083125416420571696e+00 4.095152193979543220e+00 1.403044544370217750e+00 -3.596417669488133573e+00 3.364598401525356941e+00 -3.288314399891950401e+00 7.081291207885222150e+00 5.451072966928107277e+00 3.316304646579645521e+00 7.990656105957042454e-01
8.724608546184342117e+00 -4.059225395151826454e+00 4.546669721328450819e+00 2.319548938903795765e+00 2.915779280780318228e+00 5.303877112328502008e+00 5.130954524223551694e+00 1.793243156749493972e+00 -5.314159518071204680e+00 2.553506930496807215e+00 -4.108576086361884094e+00 5.100515023359911027e+00 5.161276515377553942e+00 4.253630816752153265e+00 -4.850504361769975015e-01
-2.563603176393117877e+01 -2.343599230937005018e+01 -1.427353114523326916e+01 2.722657492431395454e+01 3.651184579060826962e+01 4.460022571273473346e+00 -2.172237015535371896e+01 2.400236427658843752e+01 -9.167729331323542397e+00 9.214612467325391520e+00 -2.348534300058011581e+01 -1.371968584320181961e+01 3.006830250078772693e+01 3.784969732658009889e+01 -3.144732613950218791e+01
-2.580339785868868674e+01 -2.338727706127130901e+01 -1.436174948144051022e+01 2.706100131221515781e+01 3.667907994714809661e+01 4.455566064583933894e+00 -2.175355674533431483e+01 2.398999772483745119e+01 -9.163005725150274117e+00 9.204842750740015234e+00 -2.343662775248137464e+01 -1.380790417940906067e+01 2.990272888868895151e+01 3.801693148311992587e+01 -3.161360207580018056e+01
-2.584225829653368578e+01 -2.338365675796869070e+01 -1.437172684877760531e+01 2.702320840872980412e+01 3.671727532293649432e+01 4.452086684204713762e+00 -2.176918604879285368e+01 2.399983087390687331e+01 -9.152295108562263692e+00 9.204432532521291677e+00 -2.343300744917875278e+01 -1.381788154674615399e+01 2.986493598520359782e+01 3.805512685890831648e+01 -3.165229675956178568e+01
-2.584234352104153132e+01 -2.336158509456603127e+01 -1.439790422770728640e+01 2.702186978495560865e+01 3.671661802758244875e+01 4.456387022902453587e+00 -2.175653887551180077e+01 2.399121533094109893e+01 -9.159939290527582045e+00 9.205654039876266737e+00 -2.341093578577609335e+01 -1.384405892567583507e+01 2.986359736142939880e+01 3.805446956355426380e+01 -3.165292285667422334e+01
-2.583325449739136559e+01 -2.336431231513464368e+01 -1.439404346792735367e+01 2.703119736158486575e+01 3.670570406040923217e+01 4.461378161142907750e+00 -2.175539799631008009e+01 2.399054249972783381e+01 -9.162075363547677043e+00 9.204320047803514981e+00 -2.341366300634470221e+01 -1.384019816589590413e+01 2.987292493805865590e+01 3.804355559638104012e+01 -3.164309170964897078e+01
-2.583251763752820906e+01 -2.331199089341023623e+01 -1.445330424311101680e+01 2.702677859764279589e+01 3.670709745369129706e+01 4.463983072558416865e+00 -2.172119142473421505e+01 2.395993891160082256e+01 -9.185927911095676635e+00 9.211975445053301570e+00 -2.336134158462029831e+01 -1.389945894107956370e+01 2.986850617411658959e+01 3.804494898966310501e+01 -3.164669564762607834e+01
-2.698077502758669866e+01 -1.474445930787895875e+01 -2.379083131902849146e+01 2.412124673189193302e+01 3.989311494982908357e+01 1.998485826957509648e+00 -1.611199879493380038e+01 1.793833410104853243e+01 -1.316529454403415933e+01 1.142682802431719047e+01 -1.479380999908904215e+01 -2.323698601699704369e+01 2.696297430836562725e+01 4.123096648580091284e+01 -3.465147826293188871e+01
-2.695091416013580954e+01 -1.474290152800558751e+01 -2.380919658764635471e+01 2.414395108748453467e+01 3.994613596425605806e+01 1.942511082170726766e+00 -1.606267605956473687e+01 1.789298050787317251e+01 -1.316559422058427131e+01 1.140639313322344073e+01 -1.479225221921567091e+01 -2.325535128561490694e+01 2.698567866395822890e+01 4.128398750022788732e+01 -3.460006976589252048e+01
-2.692470430827502170e+01 -1.474201688467282345e+01 -2.380125636727951743e+01 2.414130526256845144e+01 3.994257217068040688e+01 1.967307229957920178e+00 -1.605385877715577436e+01 1.788296180213565734e+01 -1.320219840699681235e+01 1.137673892314337110e+01 -1.479136757588290862e+01 -2.324741106524806611e+01 2.698303283904214922e+01 4.128042370665224325e+01 -3.462565641082397860e+01
-2.689589593219668728e+01 -1.474051349209164030e+01 -2.379377890632388670e+01 2.413946947014651556e+01 3.994101944573971963e+01 1.988682053402931471e+00 -1.604119446863316156e+01 1.786874119087902457e+01 -1.323968387829036253e+01 1.134492939754458085e+01 -1.478986418330172548e+01 -2.323993360429243893e+01 2.698119704662021334e+01 4.127887098171155600e+01 -3.464841303686394980e+01
-2.677584695780474178e+01 -1.478177717814752512e+01 -2.381175670700075386e+01 2.426322592649808385e+01 4.017199870975665021e+01 1.767708679713500430e+00 -1.584563304414804463e+01 1.768921377800142380e+01 -1.324499617874665347e+01 1.129788572952524994e+01 -1.483112786935761029e+01 -2.325791140496930254e+01 2.710495350297178163e+01 4.150985024572848658e+01 -3.448451899721575131e+01
-2.689025187751421697e+01 -1.476064630420524182e+01 -2.380600057838655204e+01 2.409540137599794463e+01 3.986942565548410045e+01 2.036882071467124078e+00 -1.600911956407020398e+01 1.784125211063432559e+01 -1.328902009615343971e+01 1.125387972810255732e+01 -1.480999699541532699e+01 -2.325215527635509716e+01 2.693712895247164596e+01 4.120727719145593682e+01 -3.459341455081698768e+01
-2.690659484671224888e+01 -1.473396760863951016e+01 -2.375778953440133634e+01 2.398029742933927366e+01 3.968691826066191197e+01 2.228907190105726244e+00 -1.608838929746375968e+01 1.790795180916504847e+01 -1.335339820243597231e+01 1.123434172357691985e+01 -1.478331829984959711e+01 -2.320394423236988146e+01 2.682202500581297500e+01 4.102476979663375545e+01 -3.472358248184644935e+01
-2.682929211272863412e+01 -1.467058364052830477e+01 -2.364912838893722125e+01 2.385859836101493414e+01 3.965460155356436900e+01 2.260032562956095337e+00 -1.594050545021973875e+01 1.771685596382565109e+01 -1.356873856264206779e+01 1.123975405879434497e+01 -1.471993433173839172e+01 -2.309528308690576281e+01 2.670032593748863903e+01 4.099245308953621247e+01 -3.486142554473914146e+01
-2.679265549226302667e+01 -1.469306973965688101e+01 -2.362491711921037663e+01 2.387257470747905330e+01 3.965039000592555851e+01 2.261106051873747802e+00 -1.591768288074100823e+01 1.769281929245237706e+01 -1.359910885745426512e+01 1.123969189240739652e+01 -1.474242043086696796e+01 -2.307107181717891820e+01 2.671430228395275819e+01 4.098824154189740199e+01 -3.489783227064676652e+01
-2.685525665816185992e+01 -1.466232311907355701e+01 -2.365295007578271935e+01 2.384637084053339962e+01 3.965440045650836964e+01 2.248297239269161807e+00 -1.593157787770439171e+01 1.771656411520220686e+01 -1.355170174576788078e+01 1.124226964432415699e+01 -1.471167381028364396e+01 -2.309910477375126092e+01 2.668809841700710450e+01 4.099225199248020601e+01 -3.483434920497568044e+01
-2.707608095693216654e+01 -1.456702683226664163e+01 -2.373447205662392179e+01 2.373610148974741207e+01 3.968052500516180459e+01 2.225137475764321859e+00 -1.598153375270690901e+01 1.778560730722719896e+01 -1.340908742915892304e+01 1.124445962667967436e+01 -1.461637752347672681e+01 -2.318062675459245980e+01 2.657782906622111696e+01 4.101837654113364806e+01 -3.461320362950409191e+01
-2.709703968026665422e+01 -1.455686186767262136e+01 -2.374539515207818141e+01 2.372856427760558873e+01 3.968480103933625003e+01 2.231340264085800662e+00 -1.599821544320021793e+01 1.780231419552969996e+01 -1.339179420110342100e+01 1.124538433586523389e+01 -1.460621255888270298e+01 -2.319154985004671943e+01 2.657029185407929361e+01 4.102265257530808640e+01 -3.459152767186942867e+01
-2.706600712673741427e+01 -1.458077302099343164e+01 -2.371360398118238066e+01 2.372676584647692266e+01 3.968803317884189141e+01 2.231894376169025751e+00 -1.596819873267700096e+01 1.776872399760895149e+01 -1.342557884553299274e+01 1.124668520665130522e+01 -1.463012371220351326e+01 -2.315975867915091513e+01 2.656849342295063465e+01 4.102588471481372778e+01 -3.462294215190746627e+01
-2.737583086873784666e+01 -1.436017683064689265e+01 -2.398784316325177102e+01 2.370306018725262120e+01 3.967842899442336346e+01 2.274348407185737386e+00 -1.628150463321709651e+01 1.810021165868645099e+01 -1.309319019015091179e+01 1.124895586093602873e+01 -1.440952752185697605e+01 -2.343399786122030193e+01 2.654478776372633320e+01 4.101628053039519983e+01 -3.430578971782738762e+01
-2.727696984583628037e+01 -1.439374788569671892e+01 -2.394800511952496436e+01 2.366641011263100580e+01 3.955433314499166642e+01 2.194393391026914220e+00 -1.613947476648846902e+01 1.798544554840095344e+01 -1.320567830946208865e+01 1.122122062320972447e+01 -1.444309857690680232e+01 -2.339415981749349172e+01 2.650813768910471424e+01 4.089218468096350279e+01 -3.447160134187943470e+01
-2.700281175593467964e+01 -1.444214126065840809e+01 -2.387235172891329427e+01 2.357430824442025852e+01 3.933944286185111139e+01 1.954846145005912916e+00 -1.571784361520238349e+01 1.761388767008624612e+01 -1.355159043796331275e+01 1.118897973770918597e+01 -1.449149195186849326e+01 -2.331850642688182518e+01 2.641603582089397051e+01 4.067729439782294065e+01 -3.490058435895576849e+01
-2.710606739941291110e+01 -1.441152996791047336e+01 -2.390346581418913274e+01 2.361389759421125589e+01 3.939753097387801262e+01 2.077946732567565125e+00 -1.586323799018496139e+01 1.775715514689842678e+01 -1.342519215917143782e+01 1.117593807277201101e+01 -1.446088065912055676e+01 -2.334962051215766365e+01 2.645562517068496788e+01 4.073538250984984899e+01 -3.475920467898824029e+01
-2.709023657972124965e+01 -1.440338853630762728e+01 -2.391268090453804618e+01 2.361680513172978735e+01 3.939915245001287758e+01 2.078608353603816905e+00 -1.583192235609239340e+01 1.772767581577989660e+01 -1.345049031600326295e+01 1.117515364563646507e+01 -1.445273922751771245e+01 -2.335883560250657709e+01 2.645853270820350289e+01 4.073700398598471395e+01 -3.478897499731029086e+01
-2.707513583081281539e+01 -1.439795522476761036e+01 -2.391875992994495803e+01 2.362202047234996627e+01 3.939834195197561684e+01 2.098987906542377768e+00 -1.581461888274059824e+01 1.771356274478702275e+01 -1.345896307254458257e+01 1.117543553520390454e+01 -1.444730591597769909e+01 -2.336491462791348184e+01 2.646374804882367826e+01 4.073619348794744610e+01 -3.480354765115585991e+01
