2.436949716697452417e-01 4.836584163288680571e+00 4.392463068403237081e+00 2.923360419174806935e-01 3.820850589575601752e+00 4.791172903429659513e+00 5.520526803056057474e+00 4.439342470220543291e+00 2.383298851138465402e+00 2.580000658284134829e+00 5.893072672008998758e+00 5.160191360217267764e+00 1.310372096766969863e+00 3.149470348298692102e+00 2.206757267348187224e+00
-7.845075125371359093e+00 -1.268965918203445398e+01 -8.143105519514879376e-01 -1.395895447813227275e+00 -1.841125492954883924e+00 6.392268727731680755e+00 4.139805166296365968e+00 7.560855792067673775e+00 1.203344772707749044e+01 1.957561442081111025e+01 -1.163317067331415089e+01 -4.658226013750343952e-02 -3.778593929637403814e-01 -2.512505734231800680e+00 1.082865533143759107e+00
-7.893925655870416058e+00 -1.273672579027239848e+01 -8.045420719980859170e-01 -1.422850202131649588e+00 -1.876293402054268977e+00 6.396733016572664354e+00 4.147104588191520058e+00 7.513851493121602054e+00 1.202093737018149433e+01 1.955722347056730825e+01 -1.168023728155209540e+01 -3.681378018410134262e-02 -4.048141472821627507e-01 -2.547673643331185733e+00 1.036264401760066622e+00
-7.882569678172950844e+00 -1.273167846816015114e+01 -7.901107160370507421e-01 -1.445789015314607351e+00 -1.900906049284203148e+00 6.427336796002475872e+00 4.144279953935354754e+00 7.564294058556198408e+00 1.201112626630904856e+01 1.959034598388130277e+01 -1.167518995943984805e+01 -2.238242422306593177e-02 -4.277529604651205686e-01 -2.572286290561119682e+00 1.039547197107217658e+00
-7.853253078915731322e+00 -1.271449445319819738e+01 -7.700669407001361488e-01 -1.489083369575390225e+00 -1.938748738783500736e+00 6.498815588644133001e+00 4.158600808954342476e+00 7.661436112631406559e+00 1.199764976017592666e+01 1.967299874108338642e+01 -1.165800594447789429e+01 -2.338648886151456496e-03 -4.710473147259033322e-01 -2.610128980060417270e+00 1.052500764842397185e+00
-7.831949104512021975e+00 -1.269965432302148400e+01 -7.710508706878742569e-01 -1.536996691769271672e+00 -1.970155771788510535e+00 6.599286116811211578e+00 4.213073442353149289e+00 7.744584622321603717e+00 1.199729363991197140e+01 1.978362065265945802e+01 -1.164316581430118092e+01 -3.322578873889675544e-03 -5.189606369197843350e-01 -2.641536013065427735e+00 1.065334124981750952e+00
-7.855245450876155111e+00 -1.272362107959152766e+01 -7.427098329428738488e-01 -1.516452383852418206e+00 -1.975238147969211377e+00 6.540742789050569606e+00 4.166812003242163165e+00 7.700841385076275358e+00 1.198508487571681513e+01 1.971746263300267188e+01 -1.166713257087122635e+01 2.501845887111070130e-02 -4.984163290029306470e-01 -2.646618389246128800e+00 1.046789808138308242e+00
-7.860216908740339292e+00 -1.272796991947827649e+01 -7.374650245535739890e-01 -1.498722196856286271e+00 -1.967501274513065335e+00 6.508959998224752574e+00 4.144719195098802267e+00 7.679850920656122959e+00 1.198215645758343939e+01 1.968398442644510027e+01 -1.167148141075797696e+01 3.026326726041028703e-02 -4.806861420067990998e-01 -2.638881515789983201e+00 1.043730059546888578e+00
-7.848912178142356311e+00 -1.272260687766381970e+01 -7.230848247521265426e-01 -1.577842421089467040e+00 -2.019750808157264821e+00 6.640106182506473331e+00 4.224904541305036787e+00 7.776854930950753975e+00 1.197585889134945702e+01 1.982423645535395806e+01 -1.166611836894352194e+01 4.464346706185750441e-02 -5.598063662399797025e-01 -2.691131049434182465e+00 1.046546520817484671e+00
-7.771252811264259819e+00 -1.268889347252105537e+01 -5.748473194338258319e-01 -1.227860223257380312e+00 -1.871864917686464791e+00 6.074849102545070600e+00 3.776307121026287295e+00 7.557543967122692052e+00 1.183820147467678296e+01 1.927894575765413165e+01 -1.163240496380076117e+01 1.928809723801584997e-01 -2.098241684078931968e-01 -2.543245158963381769e+00 1.041607224524900621e+00
-7.797631116291178444e+00 -1.271545718858572727e+01 -5.632620724346389940e-01 -1.253875623022494334e+00 -1.883637580400540967e+00 6.098525784614170497e+00 3.795037350257827846e+00 7.563116798598096935e+00 1.181795721346906980e+01 1.931155454562389551e+01 -1.165896867986543306e+01 2.044662193793451155e-01 -2.358395681730076077e-01 -2.555017821677457945e+00 1.024193841373529201e+00
-7.804776654656171431e+00 -1.272081710494108542e+01 -5.310098836303949188e-01 -1.232320939970020568e+00 -1.882732879263855796e+00 6.056340140961687268e+00 3.770228824045777305e+00 7.557807302166879460e+00 1.179979305068110840e+01 1.926982737821845859e+01 -1.166432859622078944e+01 2.367184081835888299e-01 -2.142848851205340077e-01 -2.554113120540772996e+00 1.025167382579105890e+00
-7.808289248122501469e+00 -1.272300543924973404e+01 -4.973386674530278495e-01 -1.200551543653838982e+00 -1.876483115843218030e+00 6.000286082160883439e+00 3.733580382490818472e+00 7.541014661573767874e+00 1.178417693318948345e+01 1.921474063866300597e+01 -1.166651693052943806e+01 2.703896243609558714e-01 -1.825154888043523382e-01 -2.547863357120135230e+00 1.027332564589015229e+00
-7.816086445638048552e+00 -1.273178121144511898e+01 -5.649344467377732659e-01 -1.328569423043391984e+00 -1.910601106413894135e+00 6.172375367864470164e+00 3.862765848731799956e+00 7.633929997310458404e+00 1.181061087739520765e+01 1.937251534806672737e+01 -1.167529270272482478e+01 2.027938450762105105e-01 -3.105333681939054791e-01 -2.581981347690811113e+00 1.021692891197809816e+00
-7.794153643730863834e+00 -1.271262288996265610e+01 -1.370415491762919880e+00 -1.585808959151279396e+00 -1.688634951623852576e+00 7.110537317239817412e+00 4.349364460768931906e+00 7.608233152570935687e+00 1.227562210278919075e+01 2.037178250839986404e+01 -1.165613438124236367e+01 -6.026871999489369358e-01 -5.677729043017931687e-01 -2.360015192900771108e+00 1.042653152871382050e+00
-7.875945355403493942e+00 -1.277437808592344304e+01 -1.381462798227872435e+00 -1.523524813820725354e+00 -1.637193650081411489e+00 7.101070663065020661e+00 4.304962114095017611e+00 7.579946133865335334e+00 1.232987837588659019e+01 2.032490312113309727e+01 -1.171788957720315061e+01 -6.137345064138896022e-01 -5.054887589712392382e-01 -2.308573891358329799e+00 1.061674077791423310e+00
-7.917708032072109603e+00 -1.280274024633463981e+01 -1.385139818974445713e+00 -1.485705159388488683e+00 -1.602628065735411500e+00 7.087062515608874236e+00 4.275432224074367404e+00 7.562674151761118679e+00 1.235061163095550363e+01 2.029781536847789880e+01 -1.174625173761434738e+01 -6.174115271604628807e-01 -4.676691045390024559e-01 -2.274008307012329588e+00 1.067480196552525129e+00
-7.952239863583060675e+00 -1.282638388824812203e+01 -1.391041724921806333e+00 -1.459107652664580757e+00 -1.579263724739289776e+00 7.080779225271701449e+00 4.256462746632051264e+00 7.544792824779208651e+00 1.237065934155529590e+01 2.027170469773123784e+01 -1.176989537952782960e+01 -6.233134331078233892e-01 -4.410715978150946404e-01 -2.250643966016207642e+00 1.070986719414132926e+00
-7.881360924871695595e+00 -1.278752137693125235e+01 -1.368427244031520829e+00 -1.508860371761432173e+00 -1.613671093873671358e+00 7.076312594658819677e+00 4.268816449239669630e+00 7.568991018741726862e+00 1.231523202531783490e+01 2.033856428282055973e+01 -1.173103286821095992e+01 -6.006989522175379959e-01 -4.908243169119459459e-01 -2.285051335150589225e+00 1.069624502259763243e+00
-8.106178180976593595e+00 -1.295369977092612324e+01 -1.431801062550130288e+00 -1.361827105594993537e+00 -1.513475920933558649e+00 7.075161494299334386e+00 4.198229415145581456e+00 7.463521524487957137e+00 1.250342098132465374e+01 2.015781736082826470e+01 -1.189721126220583081e+01 -6.640727707361473442e-01 -3.437910507455070319e-01 -2.184856162210476960e+00 1.087257548081057790e+00
-8.044586202951270693e+00 -1.295526105349703450e+01 -1.428340109587333817e+00 -1.423907726978448141e+00 -1.573226664411908171e+00 7.083216403023858021e+00 4.217103141985042214e+00 7.485141313410690778e+00 1.250469473663543596e+01 2.022418077624184818e+01 -1.189877254477674207e+01 -6.606118177733509844e-01 -4.058716721289615803e-01 -2.244606905688826703e+00 1.093491170356306386e+00
-7.372993410704742345e+00 -1.275880223209463971e+01 -1.358011403059780520e+00 -1.957538883355598003e+00 -2.069624309617499325e+00 7.072077539832023696e+00 4.343980967869356391e+00 7.769554777325527795e+00 1.230830540613712820e+01 2.091367850630637903e+01 -1.170231372337434195e+01 -5.902831112457991303e-01 -9.395028285061128859e-01 -2.741004550894418301e+00 1.074560355019058555e+00
-7.315496413229512385e+00 -1.264820566531888701e+01 -1.416867610858293158e+00 -2.051663656111461620e+00 -2.143248257424874126e+00 7.184962183571469652e+00 4.432407618104566183e+00 7.816335416068016073e+00 1.229121679622880237e+01 2.099216752188918278e+01 -1.159171715659858926e+01 -6.491393190443117689e-01 -1.033627601261976725e+00 -2.814628498701793102e+00 1.100846359707507327e+00
-7.303262584536163615e+00 -1.261695289765379435e+01 -1.457890244623964771e+00 -2.074644483670767148e+00 -2.154665976992710785e+00 7.229738994444779188e+00 4.446119719006122573e+00 7.820026253651076509e+00 1.229007984606471560e+01 2.104039557725537435e+01 -1.156046438893349659e+01 -6.901619528099834922e-01 -1.056608428821282475e+00 -2.826046218269629762e+00 1.098397099269216692e+00
-7.322851242892559398e+00 -1.265650783261113688e+01 -1.417500623844602847e+00 -2.051397398075628153e+00 -2.141352526649324517e+00 7.180932171106986672e+00 4.449985118779982152e+00 7.817712256231564183e+00 1.229207993837319179e+01 2.098533608749860591e+01 -1.160001932389083734e+01 -6.497723320306212358e-01 -1.033361343226143481e+00 -2.812732767926243493e+00 1.099858858861148425e+00
-7.322077251650912721e+00 -1.265388846718628635e+01 -1.428455064113324680e+00 -2.059041921578463441e+00 -2.145719899696655553e+00 7.189054965724798407e+00 4.457935548635509448e+00 7.817929362282164618e+00 1.229230530707467040e+01 2.099486360478748992e+01 -1.159739995846598681e+01 -6.607267722993430681e-01 -1.041005866728978768e+00 -2.817100140973574529e+00 1.099070167256168684e+00
-9.049205497297029055e+00 -1.714678117134120683e+01 3.419819091320395188e+00 5.658141570407240195e-01 -8.523811306074737804e-01 1.285947619902744421e+00 3.586291836138184586e+00 7.372761079556234165e+00 1.249963933748971456e+01 1.468887128738037617e+01 -1.609029266262086466e+01 4.187547383134385015e+00 1.583850211890206028e+00 -1.523761371884389648e+00 1.335261498256591572e+00
-9.048898149874839092e+00 -1.715416990258249186e+01 3.429586191236691395e+00 5.649059257038412385e-01 -8.541994888457483670e-01 1.290902750318865033e+00 3.583086758061717170e+00 7.373799125078181582e+00 1.251288732781127777e+01 1.468730311874502270e+01 -1.609768139386214969e+01 4.197314483050680778e+00 1.582941980553322914e+00 -1.525579730122663680e+00 1.326467942819611778e+00
-9.026267553769304897e+00 -1.711854961328795000e+01 3.397058614962018552e+00 5.358080822720596714e-01 -8.836807220225483261e-01 1.282744337553905600e+00 3.573291037901930700e+00 7.371714445126304582e+00 1.250684246368376940e+01 1.469024453481653580e+01 -1.606206110456760783e+01 4.164786906776007491e+00 1.553844137121541458e+00 -1.555060963299463639e+00 1.360921111350209545e+00
-8.821540653766536622e+00 -1.671719996046167367e+01 3.003945899146246656e+00 2.461568598866955004e-01 -1.166839509950565956e+00 1.182913704175295511e+00 3.506418489498853930e+00 7.391305313045397618e+00 1.232912463516266222e+01 1.477429266975917521e+01 -1.566071145174133150e+01 3.771674190960235151e+00 1.264192914736177231e+00 -1.838219751227481602e+00 1.760911183194833196e+00
