1.555688267676718306e+00 4.417165558541461673e-02 3.999708948080669568e+00 5.568508633988372480e+00 3.561718010637787923e+00 3.201517052153105336e+00 5.369906946212454457e+00 1.822665131224548762e+00 1.612096714773444614e-02 2.729802917038100407e+00 3.713414524800241256e+00 1.936309658463338801e+00 4.973750052171859615e+00 2.866395463582184444e+00 5.438184261442899903e+00
2.387064291951821460e+00 -7.822674964504041650e-01 3.690382272485206450e+00 4.802658767063086032e+00 2.800871990469797623e+00 3.951872240251910195e+00 4.888489154482860144e+00 9.777781568696882752e-01 7.580989179732869898e-01 3.382009983438575951e+00 2.886975372764422065e+00 1.626982982867875460e+00 4.207900185246573166e+00 2.105549443414194588e+00 6.318440247392846487e+00
2.575610215926478208e+00 -2.389219923461890716e+00 2.342999922118818468e+00 5.009730351157163142e+00 1.958868283407349420e+00 5.120225071652720672e+00 5.014806436541633161e+00 5.525254597265750744e-01 1.315791945268722785e+00 3.380816122671414625e+00 1.280022945752938401e+00 2.796006325014892546e-01 4.414971769340652941e+00 1.263545736351745941e+00 7.142468437981346341e+00
2.623298776583060654e+00 -2.451279347747106208e+00 2.318442159247225742e+00 5.031423556477273351e+00 1.879499062692886024e+00 5.155718845862836908e+00 5.121157262098881446e+00 4.877513888890164795e-01 1.380561424310449370e+00 3.307216506870816364e+00 1.217963521467722909e+00 2.550428696298963072e-01 4.436664974660764038e+00 1.184176515637282767e+00 7.204231753825054874e+00
2.798130853715145250e+00 -2.496687050248068473e+00 2.285920253674976088e+00 5.069630296240793754e+00 1.701809103614636332e+00 5.212845720032639463e+00 5.373440299587106672e+00 3.099531690119677885e-01 1.563957480502577768e+00 3.138428233875353079e+00 1.172555818966760199e+00 2.225209640576463199e-01 4.474871714424282665e+00 1.006486556559034407e+00 7.349754966561873104e+00
2.803498281375245593e+00 -2.502087897817768969e+00 2.284168480144172619e+00 5.070185692872906991e+00 1.697163210353078266e+00 5.214422782026483461e+00 5.381730702126134247e+00 3.042424544694019573e-01 1.569614853549230471e+00 3.133726943483298832e+00 1.167154971397059260e+00 2.207691905268427957e-01 4.475427111056396789e+00 1.001840663297476341e+00 7.354412508837985918e+00
2.787078352844201579e+00 -2.429615176939824206e+00 2.304532609896538187e+00 5.069923855156694970e+00 1.735804777216156447e+00 5.204883445181748947e+00 5.334536269207810655e+00 3.272162020304997254e-01 1.550930380212451665e+00 3.147084712877170176e+00 1.239627692275004467e+00 2.411333202792086683e-01 4.475165273340184768e+00 1.040482230160554078e+00 7.315593456279350981e+00
2.805182946987080150e+00 -2.404392392217909791e+00 2.328311885038921059e+00 5.071390265890167726e+00 1.825256827037227803e+00 5.197388626046347326e+00 5.342655352962247584e+00 3.106015097840087447e-01 1.556664872047193393e+00 3.142602249034151640e+00 1.264850476996918882e+00 2.649125954215915124e-01 4.476631684073656636e+00 1.129934279981625211e+00 7.226105726251681460e+00
2.724512363976717477e+00 -2.596464035700059902e+00 2.257557729141873359e+00 5.060831770489153669e+00 1.561649804470538694e+00 5.228326582288922886e+00 5.358876856380198284e+00 3.692136580102507448e-01 1.525995203397042532e+00 3.167520063625969051e+00 1.072778833514767660e+00 1.941584395245446459e-01 4.466073188672642580e+00 8.663272574149361027e-01 7.489751183108965371e+00
2.628901688356207522e+00 -2.860523632736023281e+00 2.180268960133437073e+00 5.057149006529950697e+00 1.343265902598704153e+00 5.288001566976279655e+00 5.361142517492520909e+00 4.958632789781617367e-01 1.412121562278723097e+00 3.251609786741460173e+00 8.087192364788042820e-01 1.168696705161084287e-01 4.462390424713440495e+00 6.479433555431015623e-01 7.710823972900458401e+00
2.596464249471855279e+00 -2.913001917279465669e+00 2.168448453283867039e+00 5.056510087645008866e+00 1.308525193325466240e+00 5.310733202042907664e+00 5.348041004230811524e+00 5.442163314334389490e-01 1.367087845872829499e+00 3.273459243317377698e+00 7.562409519353681109e-01 1.050491636665397827e-01 4.461751505828499553e+00 6.132026462698612068e-01 7.749492799038564250e+00
2.635520123724766073e+00 -3.061192692366306201e+00 2.171035885356114914e+00 5.188632900581113816e+00 1.200192045205584757e+00 5.450440093934465935e+00 5.394947846314726903e+00 7.079665955818003065e-01 1.214237190590219617e+00 3.484426377282939136e+00 6.080501768485272462e-01 1.076365957387876715e-01 4.593874318764604503e+00 5.048694981499798340e-01 7.868758382971307697e+00
8.686311177055895172e+00 1.702321906136356144e+00 4.048280716139194269e+00 1.166376370562381126e+01 4.942220009580375439e+00 6.625194903231831134e+00 1.027678709424876402e+01 1.281301594238190455e+00 7.343851806521924930e-01 7.799985174444475255e+00 5.371564775351186150e+00 1.984881426521871273e+00 1.106900512380727797e+01 4.246897462524762190e+00 3.468725659221814972e+00
8.609972144125073612e+00 1.631832811581081399e+00 4.076981953296888506e+00 1.161258614102503017e+01 4.942302813103907511e+00 6.629064429869909958e+00 1.025844343935585989e+01 1.246558665775618469e+00 7.294862092180093294e-01 7.786925115563069433e+00 5.301075680795911182e+00 2.013582663679565510e+00 1.101782755920849688e+01 4.246980266048294261e+00 3.393409535267594812e+00
9.289232645819101464e+00 2.228103292131351498e+00 3.769986019659859799e+00 1.206747399910895524e+01 4.829091496144098272e+00 6.631485560238441046e+00 1.050683550746482631e+01 1.658765506574047865e+00 7.990747735012819764e-01 7.857210925390393896e+00 5.897346161346183280e+00 1.706586730042538358e+00 1.147271541729242195e+01 4.133768949088483247e+00 4.057177616446734802e+00
1.213451116979621069e+01 5.241113152342410153e+00 2.381571229918926669e+00 1.416355181527186247e+01 4.810439642148172545e+00 6.719383751535922045e+00 1.050583507671286299e+01 3.024201437020364480e+00 2.036992252012475912e+00 7.865132361781049575e+00 8.910356021557243267e+00 3.181719403016052272e-01 1.356879323345532917e+01 4.115117095092556632e+00 7.074792869181191435e+00
1.142012162105319106e+01 3.957659438630281468e+00 3.354871575566350295e+00 1.331139652149273722e+01 5.976749763516206571e+00 6.079408793204742700e+00 1.125418969719683382e+01 2.566345523000666429e+00 2.909106270626959478e+00 6.662980967905383523e+00 7.626902307845115914e+00 1.291472285949028853e+00 1.271663793967620393e+01 5.281427216460589769e+00 7.121718179127249471e+00
1.145430661072327538e+01 3.983425553803556340e+00 3.384189734167934560e+00 1.327609114530023326e+01 6.001139721654394243e+00 6.144692738360443052e+00 1.131589170471883676e+01 2.586801466209637468e+00 2.955463620199498820e+00 6.636491781636651766e+00 7.652668423018393007e+00 1.320790444550612008e+00 1.268133256348370530e+01 5.305817174598780994e+00 7.171278658415963569e+00
1.142119767870985747e+01 3.956005357337116557e+00 3.340897720708407626e+00 1.335524177006014490e+01 5.918848349715098323e+00 6.056548016064390083e+00 1.122175445991441300e+01 2.577640969091069323e+00 2.972051679382782030e+00 6.676118359575013095e+00 7.625248226551953223e+00 1.277498431091085074e+00 1.276048318824361516e+01 5.223525802659485073e+00 7.079103145623633964e+00
1.142513340356219764e+01 3.958275640555525943e+00 3.340905098025540365e+00 1.335504195273342631e+01 5.916254463153944876e+00 6.063546992519452061e+00 1.122601063022963075e+01 2.581026489600023233e+00 2.984509951704304331e+00 6.672283201545907261e+00 7.627518509770362165e+00 1.277505808408217591e+00 1.276028337091689657e+01 5.220931916098331627e+00 7.083060976800794606e+00
1.135179024672991943e+01 3.891221705920965945e+00 3.417006451669954092e+00 1.323071272439814017e+01 6.068122204478563653e+00 6.115617127178082590e+00 1.129613612143977264e+01 2.473472225236474920e+00 2.743258562962135549e+00 6.751369922703997162e+00 7.560464575135803500e+00 1.353607162052631763e+00 1.263595414258161220e+01 5.372799657422950403e+00 7.178680586014244192e+00
1.133977044977203441e+01 3.880966164042285893e+00 3.401225750517475444e+00 1.325863805273481155e+01 6.043698453957375705e+00 6.094926366737805523e+00 1.128477720201672341e+01 2.466695520167320854e+00 2.747700763647821454e+00 6.750522976850369616e+00 7.550209033257123892e+00 1.337826460900153114e+00 1.266387947091828181e+01 5.348375906901762455e+00 7.153928304276227834e+00
1.126203075453184432e+01 3.791902805422415756e+00 3.517096998835660404e+00 1.312465400609388233e+01 6.165296415820173515e+00 6.272046044075784366e+00 1.143251725791532003e+01 2.350265178240446229e+00 2.691800626738267699e+00 6.845801061635481410e+00 7.461145674637254643e+00 1.453697709218338741e+00 1.252989542427735081e+01 5.469973868764563818e+00 7.303961162777703464e+00
1.131649682442328597e+01 3.846777682953836486e+00 3.297817347801530463e+00 1.344867163545995759e+01 5.893608849065032906e+00 5.966460960146866555e+00 1.125744157343332397e+01 2.481178592726694276e+00 2.781172469140472447e+00 6.718822428299610294e+00 7.516020552168676261e+00 1.234418058184209022e+00 1.285391305364342607e+01 5.198286302009423210e+00 6.991498026452790171e+00
1.083661887653093103e+01 3.333228083251996932e+00 3.088639457009674238e+00 1.380152019159857346e+01 5.416500048408698476e+00 5.857183898627749130e+00 1.087841935886135403e+01 2.127107913080045876e+00 2.828193006201245474e+00 6.958899366323816338e+00 7.002470952466838483e+00 1.025240167392353685e+00 1.320676160978203839e+01 4.721177501353085226e+00 6.582089897743629514e+00
2.640863402658566201e+02 2.262606558635719978e+02 7.773532589108650370e+01 -1.703826177828688344e+02 2.258320277015584452e+02 6.926601800243331297e+01 4.260118760915455027e+01 2.108862439775086841e+02 -2.885647850203883635e+01 -6.984043090492111361e+00 2.299298987327869668e+02 7.567192660146925220e+01 -1.709773763646859379e+02 2.251367051545029199e+02 2.645072759765795922e+02
2.640690927531346688e+02 2.262374212763058381e+02 7.771394397165238388e+01 -1.703654388611654440e+02 2.257994860835431439e+02 6.927242010854541832e+01 4.257120326560563939e+01 2.109151169739724594e+02 -2.888474595635457121e+01 -6.982494467534224647e+00 2.299066641455208355e+02 7.565054468203513238e+01 -1.709601974429825475e+02 2.251041635364876186e+02 2.644643783486404232e+02
2.640127198023348569e+02 2.261686211817975050e+02 7.760633470519739774e+01 -1.702655506205266533e+02 2.257221779931927870e+02 6.929379887992013209e+01 4.252291556697577590e+01 2.110278170622859477e+02 -2.894493253504418107e+01 -6.973358849398084480e+00 2.298378640510125024e+02 7.554293541558014624e+01 -1.708603092023437569e+02 2.250268554461372617e+02 2.643503624119086908e+02
2.640203909350365734e+02 2.261679295422793530e+02 7.760585226405791559e+01 -1.702494725850847885e+02 2.256598162282720637e+02 6.930183796835707710e+01 4.247062826516946643e+01 2.110164699180942591e+02 -2.899726287160138227e+01 -6.990338315378059164e+00 2.298371724114942936e+02 7.554245297444064988e+01 -1.708442311669019205e+02 2.249644936812165668e+02 2.643225111918837342e+02
2.640359843100335411e+02 2.261762849434046245e+02 7.759932998845175689e+01 -1.702293203705484927e+02 2.256117321523190355e+02 6.930947541498208864e+01 4.242848714867457716e+01 2.110099750852521652e+02 -2.903278656357511878e+01 -7.012163366347482274e+00 2.298455278126195651e+02 7.553593069883447697e+01 -1.708240789523656247e+02 2.249164096052635387e+02 2.643015084286523688e+02
