2.911140394488769267e-01
2.976107109056684852e-01
2.879118109523191027e-01
2.916752043356354296e-01
2.992530600021902631e-01
2.979879385196111952e-01
2.955199815807992847e-01
2.976734945945525568e-01
2.979854508253050316e-01
2.976121527747448980e-01
2.805545902693574734e-01
2.657585096481496212e-01
2.509029688708954708e-01
-1.620537405285560895e-01
2.829533050861419291e-02
-1.549929095609333535e-02
-1.718814375917095960e-01
2.207710106159719785e-02
-2.612891747708256246e-02
-9.054980446280952444e-02
1.248831308576420079e-01
1.552909029429349608e-01
2.655334028851785710e-01
2.238004435670678527e-01
1.488852771100147299e-01
-6.220067078714772851e-02
-2.230726447431264636e-01
-1.988157843537954050e-01
-1.868764462147520233e-01
-2.492195667115660596e-01
