-2.645768356039939206e-01
-3.061308148251737915e-01
4.054969693628583949e-01
1.267728551521791480e-01
2.338377646460003678e-01
4.202286556929777928e-01
3.969319585803759431e-01
2.985720302956036964e-01
3.882969613266447073e-01
4.112005632402521704e-01
3.821217068338889633e-01
4.228960672939881538e-01
3.903301547837854657e-01
4.237063533187634956e-01
2.169812869337083561e-01
1.564819282404706358e-01
4.279239733795165423e-01
-3.158544890652246195e-01
-2.102276076512460956e-01
-3.651555086212844858e-01
-4.285135301706179400e-01
-4.354698363744246570e-01
-1.684460835741384832e-01
3.212657563493152013e-01
4.080255585470537461e-01
3.760183403747202058e-01
2.415368328482770527e-02
-4.250078926452891537e-01
-3.562426593337402192e-01
-3.223373344182715039e-01
