-4.542517443371240082e-01
-2.174168064930878941e-01
4.489146645337844244e-01
-1.847919600723889680e-02
-2.220798508089803780e-02
-4.569384700622606266e-01
-4.690126625405549587e-01
-4.653596925444994370e-01
-4.683057948810129822e-01
-4.513334478965733698e-01
3.404131581596567813e-01
2.314771319451909282e-01
2.299230523198030340e-01
2.164608442342547678e-01
-3.379142878052671106e-01
2.568418237484203503e-01
4.671928877840402783e-01
4.308422817860264042e-01
3.929140702098902205e-01
4.426697736336266398e-01
4.356966600046831006e-01
4.177218711065257550e-01
4.466859365757867573e-01
-2.477540133331215810e-01
1.107760395552026406e-01
4.168137793845160255e-01
4.643430050518577157e-01
4.679443735706503293e-01
4.686223691883726339e-01
4.668986578347908423e-01
