-1.601370078051558149e-02
-1.838332692058707030e-02
3.493400540198360327e-02
2.425185217586967382e-02
4.746414877978138297e-02
3.204833465335703291e-02
2.735572050198673260e-03
-1.303301352645570496e-02
-3.170960767814048897e-02
6.758957074021776368e-02
5.042172167846595970e-02
7.869462743569467789e-02
3.231744885350151114e-02
3.122378967642785302e-02
-4.993389561397832549e-02
7.555685205678277713e-03
-8.201123387014318256e-02
-8.660432277139298862e-02
-8.288875587758244567e-02
-8.302146077323900586e-02
-8.730417120817007826e-02
-8.857514555244075383e-02
-3.404813818950428589e-02
-6.849787520146098652e-02
-9.017266823711894697e-02
-9.790600323366964453e-02
-1.009537670713062524e-01
-1.018419091279848393e-01
-1.016882869618831731e-01
-1.020201365356433187e-01
