1.701118315771695810e-01
-1.469446121061949717e-01
1.077629851178668607e-01
-3.853684088144609943e-01
-2.182872275276685758e-01
-7.014991741694460992e-02
1.845699087008753625e-01
3.310984734208156643e-01
1.314673394748410717e-01
-2.585115099340816180e-01
-2.746502972126933506e-01
-2.191001561260418340e-01
1.894178134555934423e-01
-2.458623791037669454e-03
3.337222054013056632e-02
3.629278830861490390e-01
2.197260073407558412e-01
1.904637969033661504e-01
4.450531097998804975e-01
4.459383445904742671e-01
4.378624731129682202e-01
3.898181459544453609e-01
3.072525131742325222e-01
2.445434214261217043e-01
-2.175474914180403618e-01
3.319220349691547056e-02
4.470109714948583002e-01
2.160089791296809780e-01
3.243048604588449346e-01
7.163530059035093378e-02
