2.596737405804900312e-01
2.640254031088214992e-01
1.304352822829319969e-01
-5.824116583178750445e-02
2.300932853006403267e-01
2.266758040972050858e-01
2.506240013056605376e-01
2.685367300319995154e-01
2.358018305201811937e-01
2.689545999109309027e-01
2.697062805782522443e-01
2.697365686052479727e-01
2.680065931362847209e-01
2.694298444176542184e-01
2.657698351377326129e-01
2.031667025960582629e-01
1.272448000347964903e-01
-1.195663809749099582e-01
1.362232348699338735e-01
7.635931035123300070e-02
6.199669821128858671e-02
2.061352142718821112e-01
-2.149953738221356270e-01
-2.486739349194006798e-01
2.495770175174568395e-01
-2.646718440840158948e-01
-2.694687299692447024e-01
-2.697390620183570675e-01
-2.698433839857719008e-01
-2.179211152567898935e-01
