3.047088168288128104e-03
1.689226767747296215e-02
2.916795956586877847e-01
-2.617666280217990082e-01
-3.021597100877964071e-01
-3.197182308305056009e-01
-3.188451305679080861e-01
-3.194859073527011595e-01
1.695369265116842550e-01
8.303476796886451183e-02
5.251447758256228004e-03
-9.664900811387196200e-02
3.459616015651654358e-02
-2.126041783743466973e-01
-4.711845662955312097e-02
1.141015876905738247e-01
-7.744864155038592990e-02
-1.650909477919559332e-01
-1.841356215648908279e-01
-2.896101823661870744e-01
-2.370458378637274044e-01
-2.719464606227059433e-01
1.335155224560191645e-01
1.370942439689173779e-02
1.512927054772247870e-01
3.040427862116765190e-01
3.121247625685323879e-01
3.005947754713623188e-01
3.148848678089182784e-01
3.145974508120708002e-01
