-8.052954787990007635e-02
-6.381823181751167251e-02
-9.735195244382965907e-02
-8.800771034882309829e-02
1.137961635706417618e-01
8.643694151233574652e-03
-5.569769176453089748e-02
-8.520173182139648138e-02
-5.957316635057091636e-02
-1.305085451710417954e-01
-1.174931517783662088e-01
4.447935532153825429e-04
-1.010855206865880068e-02
-1.323648238327443383e-01
-1.257162535994493235e-01
-1.146197843459017124e-01
-9.550354582287193250e-02
1.121735447643859712e-01
1.078818375483700104e-01
1.042992974122601835e-01
8.858956197029688173e-02
-1.687742440412054803e-02
-1.259894020042222340e-01
1.592200463519950066e-03
-6.891108133122690604e-02
-9.292462775652707285e-02
9.693574844196276019e-02
-7.132125057974886620e-03
-8.490851831487487844e-02
-2.735492034008894617e-03
