-2.808668455001883668e-01
1.170951724307639635e-01
-1.173151001288414569e-02
-6.306632702476216989e-02
-3.770220628854741018e-02
7.370937509198145776e-02
2.668553864975065082e-01
2.565184045158371839e-01
-6.250661318436992464e-02
-2.010694466533076707e-01
-2.422335932623681520e-01
-2.593556935421615917e-01
3.767798256446631966e-02
-1.253183930432564819e-01
-1.305846928902203996e-01
-1.310766145466060739e-01
2.241767660262458106e-01
2.855442174407996081e-01
2.835950564859523459e-01
1.858375103164247033e-01
2.032838598432582800e-01
1.824255750896756623e-01
8.749450647355079547e-02
-2.630848664279328841e-01
2.398739085710582253e-01
2.419434578315022843e-01
2.579531768252658064e-01
2.598788024869170821e-01
2.336602078184279174e-01
1.917558879299670893e-01
