-4.372437279694003920e-02
-2.286682835720395823e-01
1.876639751378050835e-01
3.170222224268752775e-01
-2.826847959628685514e-01
-3.394719518929765756e-01
-3.713094358019413121e-01
-2.920221236198762282e-01
-2.621471858753354756e-01
-2.181007186005123055e-01
-3.248372417255794287e-01
-7.097215971067728779e-02
-1.560095381831247963e-01
-3.001283632996134543e-01
-3.259036202039098939e-01
-3.654649823333885328e-01
-1.954293347361354960e-01
3.205716991556807338e-01
3.375890989277463561e-01
3.570667016555295059e-01
3.688015095858225845e-01
-3.557497898436459693e-01
-3.424976888580566481e-01
3.039626794506733454e-01
1.553009660712862672e-01
8.398458674883159392e-02
3.784753654573017045e-01
-2.411211438171042554e-01
1.981963272840058798e-01
-3.278199170416954411e-01
