3.591043162194379468e-01
3.588283462134668755e-01
3.584322881295983199e-01
-3.417614156795038549e-01
-3.514309179813265294e-01
-3.226790687707946081e-01
-3.403620896840788279e-01
-2.759890188961285351e-01
-9.967565456891530618e-02
-2.220010578667041823e-01
-3.520551468049009647e-01
-3.591109605218402723e-01
-3.588642068295935794e-01
-3.480232432742936810e-01
-3.370550398887868782e-01
1.161280845254234056e-01
2.205193843973443646e-01
1.472185497409493338e-01
2.400523262223155929e-01
1.743914140095470522e-01
-1.143937095655414848e-01
-1.422515630692406108e-01
3.134698698690036034e-01
3.017845191098040281e-01
5.264563971865150044e-02
-1.150405895962729325e-01
5.742047263416169556e-02
-7.034783212655698614e-02
-9.201141510939184198e-02
1.211452056214305101e-02
