-4.121020353561966609e-01
-4.705611726572418441e-01
-4.668190531356836703e-01
-3.508664914036512261e-01
1.789922858847838305e-01
1.047295226250982564e-01
4.856277843971243402e-01
4.674072402979971841e-01
3.887876529290654193e-01
4.479019474524356115e-01
4.853597105031824399e-01
4.886399853414082339e-01
4.969042928993085417e-01
3.631969826789606670e-01
2.652208315313194231e-01
1.104699731938995344e-01
-9.707749001094188868e-03
-3.619567365712650364e-01
1.736145240732843986e-01
-3.647493369347748482e-02
-3.796580683775585552e-01
4.344071010075182260e-01
-1.291114939703780495e-01
4.343431826890824521e-01
4.208146436326126727e-01
4.688700654508313193e-01
2.214118318483719872e-01
5.124313197948576759e-02
-2.045179785879434053e-01
-4.992534166797139017e-01
