-3.832204945007716690e-02
1.447343456773646231e-01
1.803170711570559470e-01
-4.643397674485015558e-02
-1.086402562182959136e-01
-1.800201764419818440e-01
-1.799356320950817600e-01
-1.786624213571048059e-01
-1.796037475479550505e-01
-1.791258372774229835e-01
-1.764268193555913189e-01
9.705316461114307791e-02
-4.467509322569557240e-02
-1.341919766471166842e-01
1.449810815910323458e-01
9.497069466122944059e-02
2.561093658923738886e-02
-1.045869031486736100e-01
-1.789419701788747541e-01
-1.803582464004556962e-01
-1.803586704480546477e-01
-1.755616729498409023e-01
-1.605895284921461108e-01
-1.216623573914525913e-01
-6.740709998730390340e-02
1.554082190494447402e-01
-1.785379775835643501e-01
-1.765138994679836815e-01
-1.807163400930558994e-01
-1.706094899204690096e-01
