-1.794233217462460131e-02
-3.814781673832129405e-02
-8.327743722892470835e-02
-8.688717647296695379e-02
-9.945505795900798363e-02
-9.450699820962642217e-02
-1.000725636414885877e-01
9.787317631964650988e-03
1.176238633242635348e-02
1.815236462952707873e-03
3.527959163356524791e-02
2.302559852649517513e-02
4.752030013079144161e-02
2.330738611610908007e-02
-1.918300985461784958e-02
-2.408505998193529590e-02
-1.944306797617978769e-02
-2.372381226053423345e-02
-2.492612876749358830e-02
-2.676331648470897662e-02
-2.811516037600959861e-02
-3.032620344589385952e-02
-3.954444428593027749e-02
-5.085869359642876397e-02
-4.513038233336862104e-02
-4.119637581983913964e-03
-7.518944044454987929e-02
-8.687379547904028332e-02
-7.463858873606707411e-02
-7.543891152937917677e-02
