9.066568128665046522e-02
-1.893961058790717411e-01
-7.526761965840281232e-02
1.056187539559138716e-01
2.583482939835540781e-01
-3.054852364704975856e-02
1.386438575073197510e-01
2.596533630997039377e-01
2.591174330406956772e-01
2.599110582005985104e-01
2.598425814314684890e-01
2.597256399509031977e-01
2.594486713064551586e-01
2.594011847341510801e-01
2.554415015962026581e-01
2.361304336756332722e-01
2.120796334299958341e-01
9.720605999403802988e-02
1.732241846527843021e-01
-1.920889122903934876e-01
2.590724200913615549e-01
2.590872019907388135e-01
-1.079966059472022011e-02
1.202549546744715453e-01
2.289298875339324663e-02
-2.222430669758626021e-01
-2.425503374488165997e-01
-2.261368004588801273e-01
-2.305322126261203919e-01
-2.409880229410794605e-01
