-1.295825756347119273e-01
-1.664389244816138202e-01
-1.688124321149201690e-01
-1.677381633183659959e-01
-1.511345797643768862e-01
-1.686082868468141704e-01
-1.712471006680470476e-01
-1.475292167904526941e-01
-1.373376601400732033e-01
-1.586239804577512791e-01
-1.498758373547880995e-01
-1.266286473403982482e-01
-1.718838404807426223e-01
5.177784524813454359e-02
-5.393682189930790877e-02
-1.027684430127400461e-01
-1.305801657165052698e-01
-7.335841614013043077e-02
-1.684503937953237274e-01
-1.686705568857690407e-01
-2.471043936249575721e-03
-1.337683406718082890e-01
-1.552107513316833554e-01
-1.322372214383049083e-01
-1.382905988483370818e-01
1.050726829955385966e-01
9.633209602919309833e-02
1.278632317307416277e-01
4.190230868192594549e-02
-5.196345134958944845e-02
