-1.688844529468309374e-01
-1.524421325089491130e-01
-7.787763142786446879e-02
1.353997573432312307e-01
1.431112697865088434e-01
9.067180798558090171e-02
9.477655860570799451e-02
1.431009909037851344e-02
-1.932422921339519706e-01
-1.937770792702406819e-01
-2.002394671759233358e-01
-2.069266794598818848e-01
-2.073828660501463583e-01
-2.068430699351379853e-01
2.060740252362462666e-01
2.068661983974266483e-01
1.689579272176145730e-01
-1.632987015075914594e-01
-1.194384904901473338e-01
-1.183850974384971638e-01
-3.809111675546758558e-02
-1.930265750131934521e-01
-2.002371744754275484e-01
3.702402170904565970e-02
-8.144990603199883661e-03
-8.718385287178186116e-02
-1.465101704523744108e-01
-2.086440947915780830e-01
1.181284776999800140e-01
2.092674696207250662e-01
