2.905908937523950630e+00 1.304680845790153310e+00 1.068671832457660287e+00 5.731025173562641406e+00 3.364043477303225949e+00 5.519307962346943874e+00 3.214536027971015564e-01 5.876822869517590586e-01 2.698800284277514283e+00 3.167188599730810239e-01 4.189713353527598216e-01 2.666000445601653279e+00 4.990018945490991342e+00 1.795130812691417388e+00 1.550012602877626877e+00
2.921361595430679081e+00 1.302005648410317518e+00 1.066424419260901812e+00 5.736288632590994752e+00 3.348758240295735433e+00 5.524110877986066370e+00 2.958831919687608947e-01 6.098462795838768269e-01 2.704298290023289919e+00 3.370856560661456003e-01 4.162961379729241407e-01 2.663753032404894583e+00 4.995282404519344688e+00 1.779845575683927539e+00 1.536627907964844830e+00
2.931093987340332330e+00 1.291578963583509099e+00 1.057014343713969406e+00 5.734416205556370549e+00 3.339088622278752361e+00 5.529798834163449861e+00 2.701887610032455700e-01 6.339312697739903912e-01 2.711286958470528585e+00 3.628737850755338057e-01 4.058694531461155552e-01 2.654342956857961955e+00 4.993409977484720486e+00 1.770175957666944466e+00 1.528745509395639468e+00
2.939031501360788390e+00 1.275341208033095253e+00 1.042212375594190110e+00 5.728246244427739775e+00 3.331250152843172163e+00 5.536678422431993596e+00 2.406366201051757525e-01 6.628020320061893678e-01 2.719654721105801087e+00 3.954996248220750688e-01 3.896316975957015427e-01 2.639540988738182659e+00 4.987240016356089711e+00 1.762337488231364269e+00 1.523050661011774887e+00
2.947558381564224561e+00 1.254793054114105910e+00 1.023400719281587046e+00 5.719567052334223689e+00 3.323089753357742371e+00 5.544785956547855221e+00 2.052597486431241292e-01 6.980590042484305924e-01 2.728603405914748592e+00 4.353744983198788998e-01 3.690835436767121447e-01 2.620729332425579816e+00 4.978560824262573625e+00 1.754177088745934254e+00 1.517963310369781604e+00
2.957974224465506285e+00 1.231961616438117524e+00 1.002424309326749086e+00 5.709838713783263131e+00 3.313664552869174162e+00 5.553700195945808105e+00 1.642844863580927017e-01 7.393923932669912436e-01 2.736606317527104260e+00 4.809669746554280922e-01 3.462521060007236473e-01 2.599752922470742078e+00 4.968832485711613955e+00 1.744751888257366268e+00 1.513149270475755426e+00
2.970491305929884529e+00 1.209634930626618310e+00 9.817878171769047757e-01 5.700451081510419904e+00 3.303098258950305954e+00 5.562521520129966923e+00 1.204653626101994945e-01 7.839938407222164507e-01 2.742026492842292829e+00 5.284064542489661509e-01 3.239254201892244334e-01 2.579116430320897990e+00 4.959444853438770728e+00 1.734185594338498282e+00 1.509028885201173065e+00
2.984048038588003049e+00 1.190384065754115150e+00 9.637921109983061951e-01 5.692388932230930010e+00 3.292431410177183437e+00 5.570229602163810689e+00 7.831787309696341959e-02 8.271841908121664311e-01 2.744228745458865415e+00 5.726880700778771427e-01 3.046745553167213849e-01 2.561120724142299299e+00 4.951382704159280834e+00 1.723518745565375765e+00 1.506165015418975850e+00
2.996844863788280300e+00 1.175336228901987523e+00 9.494777841102371996e-01 5.685938268641699267e+00 3.282960741999709775e+00 5.576235482051578707e+00 4.191068265933925452e-02 8.646653974476281590e-01 2.744000479193593467e+00 6.100607018008092908e-01 2.896267184645937576e-01 2.546806397254230081e+00 4.944932040570050091e+00 1.714048077387902103e+00 1.504678819120679245e+00
3.007536201767232686e+00 1.164204826653099101e+00 9.386667775276034131e-01 5.680934060489448711e+00 3.275419531571131859e+00 5.580558003273512035e+00 1.304109142471205143e-02 8.944724535678241217e-01 2.742656180773356045e+00 6.393220095004382708e-01 2.784953162157053352e-01 2.535995390671595739e+00 4.939927832417799536e+00 1.706506866959323965e+00 1.504205012427036303e+00
3.015778898238206995e+00 1.156162049227626110e+00 9.307004445174503759e-01 5.677119144850209409e+00 3.269809714187975835e+00 5.583549294562872412e+00 -8.647575686935280587e-03 9.169027114820877955e-01 2.741103255633777991e+00 6.612024580126831808e-01 2.704525387902322886e-01 2.528029057661442813e+00 4.936112916778560233e+00 1.700897049576167719e+00 1.504270970970679411e+00
3.021872627354875274e+00 1.150399060551200225e+00 9.248998822139079534e-01 5.674255328405218179e+00 3.265769600320481469e+00 5.585596992471986155e+00 -2.449444061871410006e-02 9.333064973905288442e-01 2.739727200958359976e+00 6.771789319353315184e-01 2.646895501138061269e-01 2.522228495357900613e+00 4.933249100333569004e+00 1.696856935708673353e+00 1.504548451360685934e+00
3.026294767927582008e+00 1.146275909359767642e+00 9.206990980582818729e-01 5.672131220852038247e+00 3.262893178716079756e+00 5.587003793528677598e+00 -3.593677373848031681e-02 9.451568805420351715e-01 2.738625545446784937e+00 6.887249388823729612e-01 2.605663989223734878e-01 2.518027711202275754e+00 4.931124992780388183e+00 1.693980514104272084e+00 1.504868367335723045e+00
3.029481994376458154e+00 1.143321811491976980e+00 9.176624683847932618e-01 5.670568325924761233e+00 3.260848627618897488e+00 5.587978919925045140e+00 -4.416810122066101851e-02 9.536840712795485731e-01 2.737783578520902150e+00 6.970415412576080882e-01 2.576123010545819381e-01 2.514991081528789696e+00 4.929562097853112057e+00 1.691935963007090482e+00 1.505160010334739784e+00
3.031775690555019054e+00 1.141200298326789486e+00 9.154676130378848198e-01 5.669424048389912763e+00 3.259392052996707978e+00 5.588661381405029438e+00 -5.008884452263287490e-02 9.598185491905796285e-01 2.737154749612507931e+00 7.030311303110140519e-01 2.554907878893943329e-01 2.512796226181882364e+00 4.928417820318264475e+00 1.690479388384902526e+00 1.505401374677464821e+00
3.033427443508935895e+00 1.139673069412828976e+00 9.138802586733837385e-01 5.668588773837771377e+00 3.258350807309555286e+00 5.589143130660695569e+00 -5.435291564155962651e-02 9.642369234458151306e-01 2.736690726192956724e+00 7.073494048059810746e-01 2.539635589754338785e-01 2.511208871817381283e+00 4.927582545766123090e+00 1.689438142697750056e+00 1.505591474012208941e+00
3.034618549491260531e+00 1.138571372867763554e+00 9.127313723824993508e-01 5.667980170583906130e+00 3.257603942116068296e+00 5.589485587451895832e+00 -5.742872747298456010e-02 9.674241937657656054e-01 2.736350547402647493e+00 7.104669909548310125e-01 2.528618624303689555e-01 2.510059985526496895e+00 4.926973942512257842e+00 1.688691277504263066e+00 1.505737015431110715e+00
3.035478724450925370e+00 1.137775312875019429e+00 9.118992225159978648e-01 5.667537225819513580e+00 3.257066667506039792e+00 5.589730361857559338e+00 -5.965072487424937647e-02 9.697267756920016080e-01 2.736102074556467034e+00 7.127206649233709390e-01 2.520658024376247197e-01 2.509227835659995520e+00 4.926530997747865293e+00 1.688154002894234340e+00 1.505846527961783643e+00
3.036100714194836847e+00 1.137199351490370436e+00 9.112961081968530275e-01 5.667215077385526101e+00 3.256679257333539468e+00 5.589906046843728049e+00 -6.125794263510624116e-02 9.713923107136082091e-01 2.735920971880990038e+00 7.143516175494452058e-01 2.514898410529756712e-01 2.508624721340850794e+00 4.926208849313877813e+00 1.687766592721734016e+00 1.505928019783377314e+00
3.036550948825224694e+00 1.136782223939559966e+00 9.108587701833875672e-01 5.666980890124404091e+00 3.256399398211247131e+00 5.590032537583772942e+00 -6.242164731823240942e-02 9.725982528946514050e-01 2.735789141150600567e+00 7.155329533070715620e-01 2.510727135021651457e-01 2.508187383327385334e+00 4.925974662052755804e+00 1.687486733599441679e+00 1.505988215385710483e+00
3.036877127335494642e+00 1.136479905501409648e+00 9.105415177065350196e-01 5.666810698104712607e+00 3.256196951087746871e+00 5.590123820326156512e+00 -6.326488203801512722e-02 9.734720993982012294e-01 2.735693252627578342e+00 7.163892034063928937e-01 2.507703950640152724e-01 2.507870130850532675e+00 4.925804470033063431e+00 1.687284286475941419e+00 1.506032458188590661e+00
3.037113582063613482e+00 1.136260676579495810e+00 9.103113088389651608e-01 5.666687038791671682e+00 3.256050350278312244e+00 5.590189807598194172e+00 -6.387626026291395864e-02 9.741056751946732817e-01 2.735623541887890031e+00 7.170101464179617912e-01 2.505511661421458425e-01 2.507639921982933728e+00 4.925680810720061586e+00 1.687137685666497910e+00 1.506064863649962504e+00
3.037285075962870895e+00 1.136101636701773998e+00 9.101442244526061209e-01 5.666597202028508029e+00 3.255944108031706197e+00 5.590237568875886076e+00 -6.431972872255220519e-02 9.745652462232066160e-01 2.735572878816642017e+00 7.174606210035696652e-01 2.503921262644238088e-01 2.507472837596574688e+00 4.925590973956897933e+00 1.687031443419891863e+00 1.506088541450256724e+00
3.037409500004450535e+00 1.135986226924215803e+00 9.100229354233635437e-01 5.666531943166227769e+00 3.255867069834897709e+00 5.590272169978836025e+00 -6.464150743864062465e-02 9.748987095661286739e-01 2.735536066829270307e+00 7.177875195636068684e-01 2.502767164868643368e-01 2.507351548567331001e+00 4.925525715094616785e+00 1.686954405223084041e+00 1.506105812551829626e+00
3.037499797251392852e+00 1.135902459897659478e+00 9.099348791813771653e-01 5.666484541288856036e+00 3.255811184596672625e+00 5.590297253859421112e+00 -6.487504481203677786e-02 9.751407276307789695e-01 2.735509323027379036e+00 7.180247919695909031e-01 2.501929494603072346e-01 2.507263492325343623e+00 4.925478313217245052e+00 1.686898519984859179e+00 1.506118395092919560e+00
3.037565340656013024e+00 1.135841650294825644e+00 9.098709443285077914e-01 5.666450111780760857e+00 3.255770631740430687e+00 5.590315447159945883e+00 -6.504456918840975654e-02 9.753164082979514093e-01 2.735489895703571595e+00 7.181970377636570646e-01 2.501321398574726240e-01 2.507199557472473472e+00 4.925443883709150761e+00 1.686857967128617464e+00 1.506127553856775547e+00
3.037612922937033666e+00 1.135797501259151243e+00 9.098245202102047680e-01 5.666425105373428472e+00 3.255741198153375482e+00 5.590328647424729347e+00 -6.516764254092236031e-02 9.754439511566765919e-01 2.735475784240395836e+00 7.183220922182904644e-01 2.500879908217977232e-01 2.507153133354170560e+00 4.925418877301818377e+00 1.686828533541562036e+00 1.506134216281709515e+00
3.037647469645706977e+00 1.135765445454763878e+00 9.097908093020272702e-01 5.666406943476965274e+00 3.255719831526231012e+00 5.590338227438513385e+00 -6.525700124810465685e-02 9.755365550414180076e-01 2.735465534581389413e+00 7.184128921654665545e-01 2.500559350174103579e-01 2.507119422445993173e+00 4.925400715405355179e+00 1.686807166914417344e+00 1.506139060581061173e+00
3.037672553891677563e+00 1.135742168903960181e+00 9.097663292461697360e-01 5.666393752909461234e+00 3.255704319072657338e+00 5.590345181384778428e+00 -6.532188554355658483e-02 9.756037957179183318e-01 2.735458090152782962e+00 7.184788244602462459e-01 2.500326584666068830e-01 2.507094942390135639e+00 4.925387524837850250e+00 1.686791654460843892e+00 1.506142581754719156e+00
3.037690768483275239e+00 1.135725266447080717e+00 9.097485519625566619e-01 5.666384173024745508e+00 3.255693055849750994e+00 5.590350229809990523e+00 -6.536900107168852614e-02 9.756526223370518558e-01 2.735452683327912027e+00 7.185267017816344692e-01 2.500157560097275300e-01 2.507077165106522454e+00 4.925377944953135412e+00 1.686780391237937549e+00 1.506145140582574093e+00
