4.590053874171125869e+00 4.588076521839173694e+00 7.615900829601205402e-01 1.262206048349940213e+00 7.333575383383629243e-01 3.546412179376346785e+00 5.498722377581791498e+00 2.103793036341068845e+00 3.881019979258801822e+00 6.250600642274600105e+00 4.579433214636636329e+00 5.649706349734211486e+00 4.508780508965189782e+00 5.604809344925056891e+00 2.795322108668151451e+00
4.701131733879353902e+00 4.487013579902252580e+00 7.177540120355950792e-01 1.196219959997313564e+00 7.229024347916355175e-01 3.567824818754093741e+00 5.466267434421782312e+00 2.084270323023410310e+00 3.908025125123109067e+00 6.283576125027483528e+00 4.478370272699715215e+00 5.605870278809685914e+00 4.442794420612562689e+00 5.594354241378329817e+00 2.788382473128038441e+00
4.764211369600594992e+00 4.429619956331011466e+00 6.926363106153760052e-01 1.159870081124762864e+00 7.144389479285480071e-01 3.576907951776656880e+00 5.446520812491072228e+00 2.066769155097353483e+00 3.923658702282867061e+00 6.301285414090846082e+00 4.420976649128474989e+00 5.580752577389467284e+00 4.406444541740011545e+00 5.585890754515243195e+00 2.779895290633856764e+00
4.802819937049371823e+00 4.394670840929037148e+00 6.805323056695742334e-01 1.133892710066583875e+00 7.148426657441471210e-01 3.574223984386982966e+00 5.439862774087034225e+00 2.059757276136339410e+00 3.936650071765550152e+00 6.314899828274871396e+00 4.386027533726499783e+00 5.568648572443664513e+00 4.380467170681832556e+00 5.586294472330840755e+00 2.779643282098465562e+00
4.828229526348978951e+00 4.371653142664001734e+00 6.722531592836883396e-01 1.117255105057290310e+00 7.140672751624487224e-01 3.572887881843564095e+00 5.434468264390655889e+00 2.053568707581027830e+00 3.944877452115513439e+00 6.323557882428619159e+00 4.363009835461465258e+00 5.560369426057778952e+00 4.363829565672539879e+00 5.585519081749142245e+00 2.778109984490627848e+00
4.845389280513901831e+00 4.356184267597909887e+00 6.675041477790987221e-01 1.105052686742927781e+00 7.147619262615955149e-01 3.570431798007004165e+00 5.431630150044014727e+00 2.049903800697350675e+00 3.950781174095390202e+00 6.329727906376088065e+00 4.347540960395374299e+00 5.555620414553190223e+00 4.351627147358177794e+00 5.586213732848288593e+00 2.778150735582690434e+00
4.857342056286289456e+00 4.345398532308112571e+00 6.640677056934214395e-01 1.096723224283267628e+00 7.149270666362642634e-01 3.568909194483491643e+00 5.429370317318166883e+00 2.046968112406819529e+00 3.954823624675305460e+00 6.333971656482789925e+00 4.336755225105576983e+00 5.552183972467513051e+00 4.343297684898517197e+00 5.586378873222956898e+00 2.777790981868013098e+00
4.865663867771061746e+00 4.337912662567853239e+00 6.619092673852697839e-01 1.090657648310839223e+00 7.153627390611112524e-01 3.567460303772490793e+00 5.427975380417739082e+00 2.045037929801058141e+00 3.957689518626489988e+00 6.336980892593696346e+00 4.329269355365318539e+00 5.550025534159360063e+00 4.337232108926087903e+00 5.586814545647802888e+00 2.777825885053391453e+00
4.871537817289589789e+00 4.332624464578262113e+00 6.603406737567663054e-01 1.086433560011715649e+00 7.155730236215808171e-01 3.566503017623875227e+00 5.426910792166832920e+00 2.043574289253832443e+00 3.959696705484555768e+00 6.339094080617672766e+00 4.323981157375727413e+00 5.548456940530856585e+00 4.333008020626964552e+00 5.587024830208272341e+00 2.777736818365874605e+00
4.875666501084197968e+00 4.328914427748348892e+00 6.593047267422106339e-01 1.083389068416958256e+00 7.158104807471736830e-01 3.565724583751559429e+00 5.426208943495194781e+00 2.042576160689605125e+00 3.961116846852675621e+00 6.340590609275262857e+00 4.320271120545812416e+00 5.547420993516302801e+00 4.329963529032206715e+00 5.587262287333862432e+00 2.777754819058803282e+00
4.878588914846536007e+00 4.326286798740059503e+00 6.585560884118655256e-01 1.081253112657478477e+00 7.159483507975796801e-01 3.565195827935363493e+00 5.425688864035445924e+00 2.041841595127030118e+00 3.962118206286810995e+00 6.341647330843987795e+00 4.317643491537523026e+00 5.546672355185957137e+00 4.327827573272727157e+00 5.587400157384268873e+00 2.777733338911481553e+00
4.880650135216927588e+00 4.324435520880339112e+00 6.580471957618880818e-01 1.079724922778061647e+00 7.160713556613493846e-01 3.564793243895080899e+00 5.425335122001464505e+00 2.041332566120001246e+00 3.962826492984024895e+00 6.342395282157819558e+00 4.315792213677802636e+00 5.546163462535981026e+00 4.326299383393310549e+00 5.587523162248038133e+00 2.777741626702995958e+00
4.882109652250433918e+00 4.323124129896179113e+00 6.576817178064799929e-01 1.078649091448290909e+00 7.161489923680867120e-01 3.564515635854272446e+00 5.425077732546048637e+00 2.040964138937781058e+00 3.963326999537526429e+00 6.342924203925071502e+00 4.314480822693641748e+00 5.545797984580573825e+00 4.325223552063540033e+00 5.587600798954776238e+00 2.777737052695892217e+00
4.883140601256091173e+00 4.322198402779909188e+00 6.574290961406842326e-01 1.077882883213929333e+00 7.162113495938601249e-01 3.564311067734193816e+00 5.424899753610739950e+00 2.040706689321486245e+00 3.963681040129395150e+00 6.343298491719152388e+00 4.313555095577371823e+00 5.545545362914777954e+00 4.324457343829178235e+00 5.587663156180548540e+00 2.777740742091270310e+00
4.883870492666017249e+00 4.321542829618800319e+00 6.572485559199175986e-01 1.077342453773738606e+00 7.162525325543401822e-01 3.564168696271120318e+00 5.424771675062725507e+00 2.040522104867115161e+00 3.963931410415724166e+00 6.343563278482155177e+00 4.312899522416262954e+00 5.545364822694011764e+00 4.323916914388988175e+00 5.587704339141028598e+00 2.777740149891372301e+00
4.884386438668324004e+00 4.321079590551216043e+00 6.571225495009946904e-01 1.076958600766924956e+00 7.162838587052429151e-01 3.564065604357423034e+00 5.424682283203711819e+00 2.040392497613582101e+00 3.964108529747570220e+00 6.343750635951367123e+00 4.312436283348679567e+00 5.545238816275087856e+00 4.323533061382174303e+00 5.587735665291932108e+00 2.777741792501639662e+00
4.884751647610332981e+00 4.320751632249133500e+00 6.570328100258122639e-01 1.076687544479725034e+00 7.163051062270838765e-01 3.563993430122703643e+00 5.424618382059146704e+00 2.040300077657664968e+00 3.964233821018344983e+00 6.343883194291850991e+00 4.312108325046597024e+00 5.545149076799905430e+00 4.323262005094973937e+00 5.587756912813773624e+00 2.777741970573718966e+00
4.885009908315327998e+00 4.320519764386157924e+00 6.569698231281704270e-01 1.076495325751352761e+00 7.163207883779699747e-01 3.563941675777245965e+00 5.424573538784868809e+00 2.040234994729025253e+00 3.964322461693142507e+00 6.343976986432323883e+00 4.311876457183622335e+00 5.545086089902262927e+00 4.323069786366600553e+00 5.587772594964660833e+00 2.777742713741946368e+00
4.885192689009669742e+00 4.320355644397609218e+00 6.569250702468062419e-01 1.076359492307875865e+00 7.163315987756048164e-01 3.563905303433340777e+00 5.424541612022923509e+00 2.040188732811426320e+00 3.964385172071730690e+00 6.344043347570124780e+00 4.311712337195073630e+00 5.545041337020898631e+00 4.322933952923124323e+00 5.587783405362294786e+00 2.777742937248146138e+00
4.885321972668210222e+00 4.320239574705048824e+00 6.568935552966895797e-01 1.076263255977913280e+00 7.163394408480479036e-01 3.563879366393834403e+00 5.424519134184255797e+00 2.040156096102681449e+00 3.964429539997318841e+00 6.344090300996065857e+00 4.311596267502512347e+00 5.545009822070782413e+00 4.322837716593161517e+00 5.587791247434737762e+00 2.777743280826554528e+00
4.885413462131670492e+00 4.320157430431914136e+00 6.568711980019302787e-01 1.076195218087870442e+00 7.163449009414269986e-01 3.563861092950204590e+00 5.424503169910225076e+00 2.040132940765575054e+00 3.964460930492575308e+00 6.344123522332186127e+00 4.311514123229377660e+00 5.544987464776022890e+00 4.322769678703118679e+00 5.587796707528116968e+00 2.777743431155046849e+00
4.885478182371351785e+00 4.320099325468814477e+00 6.568554236106142197e-01 1.076147040397718024e+00 7.163488219797219392e-01 3.563848104053480181e+00 5.424491908378780813e+00 2.040116586981929547e+00 3.964483139927245325e+00 6.344147027764584834e+00 4.311456018266278001e+00 5.544971690384707053e+00 4.322721501012965817e+00 5.587800628566411909e+00 2.777743593377662634e+00
4.885523979533314076e+00 4.320058207546886742e+00 6.568442440243594804e-01 1.076112969407647002e+00 7.163515689201924719e-01 3.563838938463221861e+00 5.424483922058120022e+00 2.040104997013203469e+00 3.964498853576151838e+00 6.344163658763601887e+00 4.311414900344328061e+00 5.544960510798530251e+00 4.322687430022932986e+00 5.587803375506758208e+00 2.777743679726760728e+00
4.885556379179184283e+00 4.320029119591058731e+00 6.568363472006705228e-01 1.076088851480066388e+00 7.163535298270886642e-01 3.563832435729357595e+00 5.424478281687513892e+00 2.040096805773086608e+00 3.964509971442666814e+00 6.344175425839750915e+00 4.311385812388499161e+00 5.544952613974841071e+00 4.322663312095352595e+00 5.587805336413655510e+00 2.777743757679715930e+00
4.885579304755565566e+00 4.320008536748292549e+00 6.568307540950719670e-01 1.076071792281146466e+00 7.163549088163517764e-01 3.563827842473227481e+00 5.424474285325350920e+00 2.040091004443168377e+00 3.964517837661598154e+00 6.344183751496910162e+00 4.311365229545732980e+00 5.544947020869242849e+00 4.322646252896432451e+00 5.587806715402918734e+00 2.777743804132480232e+00
4.885595524397441380e+00 4.319993974962370586e+00 6.568268006881201604e-01 1.076059718841907431e+00 7.163558897178901042e-01 3.563824587287358181e+00 5.424471460861122196e+00 2.040086902584800743e+00 3.964523403275056701e+00 6.344189642216782055e+00 4.311350667759812794e+00 5.544943067462289044e+00 4.322634179457193859e+00 5.587807696304459171e+00 2.777743842094221538e+00
4.885607000903039676e+00 4.319983671324234109e+00 6.568240017017884513e-01 1.076051178021678378e+00 7.163565811520725690e-01 3.563822286506870274e+00 5.424469460746104588e+00 2.040083998644811825e+00 3.964527341133392557e+00 6.344193810125311472e+00 4.311340364121674540e+00 5.544940268475951228e+00 4.322625638636972134e+00 5.587808387738647298e+00 2.777743866292974317e+00
4.885615120643296727e+00 4.319976381516715591e+00 6.568220224887730829e-01 1.076045134046452523e+00 7.163570719387898356e-01 3.563820657038245798e+00 5.424468046534768995e+00 2.040081944858334051e+00 3.964530127308487195e+00 6.344196759078422510e+00 4.311333074314156022e+00 5.544938289262935527e+00 4.322619594661746056e+00 5.587808878525364342e+00 2.777743884955901521e+00
4.885620865819169545e+00 4.319971223509861957e+00 6.568206215638650036e-01 1.076040858197921724e+00 7.163574183939920292e-01 3.563819504866692078e+00 5.424467045409669730e+00 2.040080491208377200e+00 3.964532098626498247e+00 6.344198845574502421e+00 4.311327916307300612e+00 5.544936888338027892e+00 4.322615318813219254e+00 5.587809224980563094e+00 2.777743897347917379e+00
4.885624930651441211e+00 4.319967574147201894e+00 6.568196307094451569e-01 1.076037832566585140e+00 7.163576639981285021e-01 3.563818689188307243e+00 5.424466337363170076e+00 2.040079462960121326e+00 3.964533493406316111e+00 6.344200321849251090e+00 4.311324266944645878e+00 5.544935897483602716e+00 4.322612293181886223e+00 5.587809470584686800e+00 2.777743906582501143e+00
