3.039183687324573224e+00 5.085019654462832328e+00 5.576741799863368598e+00 4.900308531979375992e+00 3.926232133399211399e+00 2.633633596818318878e-01 3.030055934173404797e+00 2.984541506117991627e+00 2.675192038800563221e+00 4.161317314276296919e+00 5.640698141798186960e+00 5.797317536887319989e+00 5.143835150903647069e+00 5.345444707574769083e+00 7.074952878722277072e-01
3.044039465122578392e+00 5.091846841386122868e+00 5.569668581120932771e+00 4.906498238783091104e+00 3.917418264642265946e+00 2.642076939294737969e-01 3.036258002245633580e+00 2.988520303501090769e+00 2.675514307395423508e+00 4.160428114319238091e+00 5.647525328721477500e+00 5.790244318144885050e+00 5.150024857707362180e+00 5.336630838817823630e+00 7.152192979674439899e-01
3.058575681351462183e+00 5.108637488884639311e+00 5.552695278354295993e+00 4.922473905168581965e+00 3.899559725841205804e+00 2.652415691366993289e-01 3.042188835290565940e+00 2.991420836221643231e+00 2.677761034689488895e+00 4.158222355792694280e+00 5.664315976219993054e+00 5.773271015378247384e+00 5.166000524092850377e+00 5.318772300016761712e+00 7.242175172499096814e-01
3.096374325311569642e+00 5.149321209678424438e+00 5.511960915062578792e+00 4.961948011779089285e+00 3.860176284836756455e+00 2.665769149434162877e-01 3.047334744439192722e+00 2.991656287735062758e+00 2.684594184586659438e+00 4.153482387505656348e+00 5.704999697013784399e+00 5.732536652086529294e+00 5.205474630703345262e+00 5.279388859012306590e+00 7.358416762946144996e-01
3.179216888001567654e+00 5.237204236833643556e+00 5.424243095760863831e+00 5.047439227980221155e+00 3.777708606869787822e+00 2.679453285155358189e-01 3.054419150792147430e+00 2.987690789159228366e+00 2.701937816817813420e+00 4.144163494547474791e+00 5.792882724169003517e+00 5.644818832784814333e+00 5.290965846904477132e+00 5.196921181045338400e+00 7.542553445350813623e-01
3.256733526873443196e+00 5.326366242948768814e+00 5.335693982617616626e+00 5.129945302386709649e+00 3.694020226182114452e+00 2.658963290933832324e-01 3.086298326960434046e+00 2.979159177850804419e+00 2.743396685448388439e+00 4.113762026550466189e+00 5.882044730284128775e+00 5.556269719641567129e+00 5.373471921310966515e+00 5.113232800357664587e+00 7.720044773345172695e-01
3.234556765200703676e+00 5.319975528491706740e+00 5.343143004758630354e+00 5.113556094178179023e+00 3.707737018307990962e+00 2.592915685416349314e-01 3.144457596693836177e+00 2.954302331823889016e+00 2.802687305785993122e+00 4.059828426122032319e+00 5.875654015827066701e+00 5.563718741782580857e+00 5.357082713102435889e+00 5.126949592483541096e+00 7.424204157730082132e-01
3.243238004806670460e+00 5.337156241383904209e+00 5.325935790237644518e+00 5.125114024537169577e+00 3.695000244184234006e+00 2.560953934924284914e-01 3.174115798788193388e+00 2.942485326173973181e+00 2.835804024707605286e+00 4.031551599515649009e+00 5.892834728719263282e+00 5.546511527261595020e+00 5.368640643461427331e+00 5.114212818359784585e+00 7.364156024541450574e-01
3.241504183825027141e+00 5.342477095734390780e+00 5.320323444689516457e+00 5.125772868972306995e+00 3.693895218022781979e+00 2.532774997287607910e-01 3.199883717170715514e+00 2.930514899822374009e+00 2.863575775345990504e+00 4.008119951148895410e+00 5.898155583069749852e+00 5.540899181713466959e+00 5.369299487896564749e+00 5.113107792198332113e+00 7.254827233841254497e-01
3.243764720125156487e+00 5.349639651641852289e+00 5.312796973179927384e+00 5.129644969188677628e+00 3.689826851661206941e+00 2.512875658685003177e-01 3.217494597053489169e+00 2.922183086344349867e+00 2.883236522318328277e+00 3.992008594699994362e+00 5.905318138977210474e+00 5.533372710203877887e+00 5.373171588112935382e+00 5.109039425836757076e+00 7.195289571961883679e-01
3.244540515824143601e+00 5.354388888669924462e+00 5.307641462729688620e+00 5.131735611841972577e+00 3.687708767370169838e+00 2.496391068380285072e-01 3.231937404202454900e+00 2.914928787270731458e+00 2.899277276898315492e+00 3.979106961485499028e+00 5.910067376005281758e+00 5.528217199753639122e+00 5.375262230766230331e+00 5.106921341545719528e+00 7.137614763107937854e-01
3.245672773486512508e+00 5.358666565067673915e+00 5.302973259809997231e+00 5.133901510517954847e+00 3.685569870177729523e+00 2.483090789948414756e-01 3.243340857584143588e+00 2.909050122171879860e+00 2.912086283618219529e+00 3.968977812760135837e+00 5.914345052403030323e+00 5.523548996833947733e+00 5.377428129442211713e+00 5.104782444353278770e+00 7.093612461282639003e-01
3.246548390740140455e+00 5.362154937228918783e+00 5.299109685316277130e+00 5.135638918853048018e+00 3.683895264700648209e+00 2.471871655834149140e-01 3.252839457015246349e+00 2.904004653702232375e+00 2.922780052212723856e+00 3.960642948019156950e+00 5.917833424564275191e+00 5.519685422340226744e+00 5.379165537777301331e+00 5.103107838876196567e+00 7.055504310696908421e-01
3.247372121240046816e+00 5.365173019959213363e+00 5.295740746958605527e+00 5.137187352278117736e+00 3.682422037574400342e+00 2.462316354379879835e-01 3.260819524904165601e+00 2.899674831728938251e+00 2.931804457313688328e+00 3.953695175291867425e+00 5.920851507294569771e+00 5.516316483982554253e+00 5.380713971202371049e+00 5.101634611749949144e+00 7.023330882568500355e-01
3.248097634752153073e+00 5.367778704458456396e+00 5.292807372975651958e+00 5.138535994393761186e+00 3.681154080720107302e+00 2.454031175533803177e-01 3.267663735441615813e+00 2.895889262790773078e+00 2.939564914797007766e+00 3.947785288298923945e+00 5.923457191793811916e+00 5.513383109999600684e+00 5.382062613318013611e+00 5.100366654895656993e+00 6.995356495650165707e-01
3.248753486863398265e+00 5.370066077607994259e+00 5.290215057819819044e+00 5.139734390384584906e+00 3.680036597357144945e+00 2.446765163001378141e-01 3.273606324534943823e+00 2.892549379996359527e+00 2.946320192001409488e+00 3.942689881527699836e+00 5.925744564943349779e+00 5.510790794843767770e+00 5.383261009308836442e+00 5.099249171532694191e+00 6.970869378950446116e-01
3.249345024458392572e+00 5.372090551504115297e+00 5.287906614508797176e+00 5.140804236238489366e+00 3.679045686532403714e+00 2.440323666510504363e-01 3.278828726834253526e+00 2.889572764517529979e+00 2.952268766448237436e+00 3.938241260697436630e+00 5.927769038839471705e+00 5.508482351532746790e+00 5.384330855162740903e+00 5.098258260707953404e+00 6.949176205106165627e-01
3.249882186005304874e+00 5.373898684896166955e+00 5.285833761131264019e+00 5.141767253767313584e+00 3.678158390776652631e+00 2.434562315815994027e-01 3.283463187927659899e+00 2.886898633756188381e+00 2.957556876069581175e+00 3.934316918028212484e+00 5.929577172231523363e+00 5.506409498155213633e+00 5.385293872691565120e+00 5.097370964952202321e+00 6.929797700460893495e-01
3.250371917138341615e+00 5.375525496208696019e+00 5.283959715055186024e+00 5.142639433874308885e+00 3.677358210712810660e+00 2.429369071134284963e-01 3.287611346466413842e+00 2.884478883096395663e+00 2.962297137009410886e+00 3.930823633595635247e+00 5.931203983544052427e+00 5.504535452079135638e+00 5.386166052798561310e+00 5.096570784888360350e+00 6.912350159760929369e-01
3.250820434628273414e+00 5.376998927139499784e+00 5.282254902057359480e+00 5.143433971449796083e+00 3.676631789536900285e+00 2.424656226584771812e-01 3.291351873319791288e+00 2.882275571022071770e+00 2.966577099468094225e+00 3.927689597748419192e+00 5.932677414474856192e+00 5.502830639081308206e+00 5.386960590374047619e+00 5.095844363712449976e+00 6.896535463472533989e-01
3.251232873416698421e+00 5.378341256566537609e+00 5.280695551226395779e+00 5.144161506967117603e+00 3.675968529270359220e+00 2.420353846973122280e-01 3.294746903306524199e+00 2.880258158331682861e+00 2.970466111462831904e+00 3.924858437700842639e+00 5.934019743901894905e+00 5.501271288250344504e+00 5.387688125891370028e+00 5.095181103445909798e+00 6.882114887922716751e-01
3.251613591815980531e+00 5.379570555040587010e+00 5.279262252454057780e+00 5.144830801132923348e+00 3.675359816632017385e+00 2.416405456369483673e-01 3.297846159772016339e+00 2.878401808147721841e+00 2.974019826914616083e+00 3.922285273301386432e+00 5.935249042376004702e+00 5.499837989478051803e+00 5.388357420057215741e+00 5.094572390807809548e+00 6.868895736209668090e-01
3.251966277940553596e+00 5.380701623948652035e+00 5.277939008772488449e+00 5.145449111783461760e+00 3.674798594005663332e+00 2.412764876973583217e-01 3.300689963415834427e+00 2.876686080916783350e+00 2.977283485010324693e+00 3.919933893669312219e+00 5.936380111284069727e+00 5.498514745796482472e+00 5.388975730707755041e+00 5.094011168181455496e+00 6.856720379403635768e-01
3.252294074096520937e+00 5.381746715994572661e+00 5.276712504190930630e+00 5.146022509947668411e+00 3.674279012134388012e+00 2.409393942614271866e-01 3.303311383569803361e+00 2.875093988798552935e+00 2.980294270198660556e+00 3.917774739094144643e+00 5.937425203329989465e+00 5.497288241214923765e+00 5.389549128871963468e+00 5.093491586310180175e+00 6.845458566758352292e-01
3.252599669372522762e+00 5.382716066750427686e+00 5.275571558307126097e+00 5.146556113407666722e+00 3.673796179017137398e+00 2.406260798294802550e-01 3.305737824583087736e+00 2.873611282450041937e+00 2.983083057098095292e+00 3.915783422396939439e+00 5.938394554085844490e+00 5.496147295331119231e+00 5.390082732331961779e+00 5.093008753192929561e+00 6.835001621053711229e-01
3.252885376950990004e+00 5.383618299165081389e+00 5.274506708229380614e+00 5.147054268754011730e+00 3.673345967981892279e+00 2.403338620951610272e-01 3.307992208791539657e+00 2.872225910139574179e+00 2.985675716153023185e+00 3.913939630713117790e+00 5.939296786500498193e+00 5.495082445253374637e+00 5.390580887678306787e+00 5.092558542157684442e+00 6.825258077972529147e-01
3.253153196418338222e+00 5.384460733564244705e+00 5.273509885925364848e+00 5.147520692859355762e+00 3.672924870979849210e+00 2.400604642669424416e-01 3.310093872593768083e+00 2.870927601264306794e+00 2.988094105361033481e+00 3.912226297344740367e+00 5.940139220899662398e+00 5.494085622949358871e+00 5.391047311783650819e+00 5.092137445155641373e+00 6.816150347042987390e-01
3.253404864598007151e+00 5.385249628372562825e+00 5.272574166118922712e+00 5.147958584318065078e+00 3.672529884644797793e+00 2.398039395745845126e-01 3.312059253752722920e+00 2.869707542195255368e+00 2.990356832915098906e+00 3.910628969138420175e+00 5.940928115707980517e+00 5.493149903142916735e+00 5.391485203242360136e+00 5.091742458820589512e+00 6.807612128837118304e-01
3.253641897041924747e+00 5.385990368938168515e+00 5.271693567407083059e+00 5.148370711922289011e+00 3.672158420931574518e+00 2.395626122465859820e-01 3.313902424914652478e+00 2.868558121225516011e+00 2.992479850582991041e+00 3.909135317346631222e+00 5.941668856273586208e+00 5.492269304431077082e+00 5.391897330846583181e+00 5.091370995107365793e+00 6.799586393887555591e-01
3.253865622062332097e+00 5.386687617127368988e+00 5.270862893871700372e+00 5.148759485528428215e+00 3.671808236299239248e+00 2.393350308817254746e-01 3.315635512257736117e+00 2.867472725928232880e+00 2.994476920321222035e+00 3.907734755243057911e+00 5.942366104462786680e+00 5.491438630895694395e+00 5.392286104452722384e+00 5.091020810475030522e+00 6.792023785282287340e-01
