1.494881573729606838e+00 5.198650730971987599e-01 3.276542129732570974e+00 1.791985485390950927e+00 1.561966318538061227e+00 4.622340074019713363e+00 2.793385319532313726e+00 2.218563938096720811e+00 5.014131320061174790e+00 4.212146743240674507e-01 5.805861720875803655e+00 3.186887386888467955e+00 5.709098604083319373e+00 3.171172637033763397e+00 4.695259946625883529e+00
1.473468771821808909e+00 5.234110764545953920e-01 3.266299077669440276e+00 1.815334567907055607e+00 1.553727949477526238e+00 4.643730832783815821e+00 2.815657470522368033e+00 2.237279691992202224e+00 5.025125546417246625e+00 4.484550403842447186e-01 5.809407724233199843e+00 3.176644334825337701e+00 5.732447686599423164e+00 3.162934267973228408e+00 4.683476641032956245e+00
1.430779653351410330e+00 5.294295479341377675e-01 3.247549494909040213e+00 1.859611822692328831e+00 1.545530585539426127e+00 4.675451852885889714e+00 2.849441835270142942e+00 2.264799190068741641e+00 5.043882295911963354e+00 4.977197372102572515e-01 5.815426195712742441e+00 3.157894752064938082e+00 5.776724941384696166e+00 3.154736904035128298e+00 4.668048614430686527e+00
1.352221907778373033e+00 5.384909803739975631e-01 3.217146667494088508e+00 1.936724241176787098e+00 1.539066392404479844e+00 4.719191371446886052e+00 2.897922491416756952e+00 2.304426776810971411e+00 5.076471388119684569e+00 5.810958426268618693e-01 5.824487628152602348e+00 3.127491924649985933e+00 5.853837359869154433e+00 3.148272710900181792e+00 4.646326240399992535e+00
1.231007886250348182e+00 5.479446000299957875e-01 3.179694291084307789e+00 2.046979442456115628e+00 1.535678248769452470e+00 4.765464809647630418e+00 2.953715852992340185e+00 2.353269325278240398e+00 5.128436938381061516e+00 6.990372418729391413e-01 5.833941247808600572e+00 3.090039548240204770e+00 5.964092561148483185e+00 3.144884567265154640e+00 4.613337149358894607e+00
1.101718285575804535e+00 5.503647042301283987e-01 3.153712436787901030e+00 2.152645415038876298e+00 1.531923411849218652e+00 4.791750949782414004e+00 2.992644939708148488e+00 2.393858834603194374e+00 5.189657235151861059e+00 8.142095221298651930e-01 5.836361352008728964e+00 3.064057693943796234e+00 6.069758533731251404e+00 3.141129730344918602e+00 4.568689433619759654e+00
1.011541760360276987e+00 5.483214031159489021e-01 3.142559769659065250e+00 2.219733124980042049e+00 1.524044565691240027e+00 4.801857165448507381e+00 3.012029934557268529e+00 2.418960744666658780e+00 5.232803379526057341e+00 8.920533863950088627e-01 5.834318050894549579e+00 3.052905026814960454e+00 6.136846243672416712e+00 3.133250884186940421e+00 4.529653787451350055e+00
9.574921824565626460e-01 5.492383187851787030e-01 3.134781577242217399e+00 2.259377734711482955e+00 1.515343997193964398e+00 4.811074536626408715e+00 3.026598073232652286e+00 2.438081144603977179e+00 5.252688316079956010e+00 9.415617916141491017e-01 5.835234966563779047e+00 3.045126834398112603e+00 6.176490853403857173e+00 3.124550315689665236e+00 4.506565023642858492e+00
9.227634442990098051e-01 5.518429793931748373e-01 3.128280723055309576e+00 2.285135703957051678e+00 1.507905888630459490e+00 4.819678362660238413e+00 3.038712639246817560e+00 2.453593256881990481e+00 5.261134248089467391e+00 9.753576104486720855e-01 5.837839627171775625e+00 3.038625980211205668e+00 6.202248822649425009e+00 3.117112207126161660e+00 4.493356905644317223e+00
8.980165633222861876e-01 5.545006040283408932e-01 3.123143205989876048e+00 2.303453862842781863e+00 1.501770671778045241e+00 4.826729307902417609e+00 3.048399772892405934e+00 2.465985777516709110e+00 5.265240480599335804e+00 1.000124505026925181e+00 5.840497251806942458e+00 3.033488463145771696e+00 6.220566981535155193e+00 3.110976990273747855e+00 4.484707181633897477e+00
8.791149905066948378e-01 5.567852482307137363e-01 3.119143019346509504e+00 2.317286281467977549e+00 1.496643250084870536e+00 4.832339754270231325e+00 3.056127354088923553e+00 2.475954833824046020e+00 5.267564203307507853e+00 1.019214563753044756e+00 5.842781896009315190e+00 3.029488276502405597e+00 6.234399400160351767e+00 3.105849568580572928e+00 4.478366053780427514e+00
8.640697299374153761e-01 5.586850044003329741e-01 3.115990562725536428e+00 2.328145950412630061e+00 1.492295593392087838e+00 4.836839937550411861e+00 3.062383372594163156e+00 2.484104887454352539e+00 5.269015129830583177e+00 1.034437670475555571e+00 5.844681652178934428e+00 3.026335819881432521e+00 6.245259069105004279e+00 3.101501911887790452e+00 4.473413860730766523e+00
8.517825689339552087e-01 5.602649898565811304e-01 3.113462023080896035e+00 2.336898703806848943e+00 1.488571906420167901e+00 4.840504963682564110e+00 3.067530276988626792e+00 2.490869762477368798e+00 5.269972394764600665e+00 1.046861800735565007e+00 5.846261637635182140e+00 3.023807280236792572e+00 6.254011822499222717e+00 3.097778224915870293e+00 4.469409894932005578e+00
8.415755153716434345e-01 5.615883424758562059e-01 3.111401607820018178e+00 2.344084293225086046e+00 1.485361220143480487e+00 4.843531471687469114e+00 3.071820905023527004e+00 2.496552015769403887e+00 5.270624180241102685e+00 1.057167175706203999e+00 5.847584990254457438e+00 3.021746864975915159e+00 6.261197411917461153e+00 3.094567538639183102e+00 4.466104116271750968e+00
8.329956154050551786e-01 5.627048614291771944e-01 3.109701208491810753e+00 2.350061953333072662e+00 1.482580430250715953e+00 4.846058427896958065e+00 3.075433782551146855e+00 2.501367317889561459e+00 5.271076458917553609e+00 1.065814616753340438e+00 5.848701509207779203e+00 3.020046465647707290e+00 6.267175072025447768e+00 3.091786748746417679e+00 4.463336879849903127e+00
8.257223898691287145e-01 5.636526772662804330e-01 3.108283914941480930e+00 2.355083397970973991e+00 1.480164791682384351e+00 4.848186314869836089e+00 3.078498897503386456e+00 2.505474605310763270e+00 5.271393903382394441e+00 1.073132188003945053e+00 5.849649325044882886e+00 3.018629172097377467e+00 6.272196516663349541e+00 3.089371110178086521e+00 4.460998147593377539e+00
8.195189238222134742e-01 5.644612342229212709e-01 3.107093377248719701e+00 2.359332418312685586e+00 1.478062289832185128e+00 4.849989907503341691e+00 3.081113956470193038e+00 2.508994829675528671e+00 5.271618109754102832e+00 1.079362986748678921e+00 5.850457882001523835e+00 3.017438634404616238e+00 6.276445537005061581e+00 3.087268608327887964e+00 4.459007944537547452e+00
8.142039289451011852e-01 5.651536535845136378e-01 3.106087173405070345e+00 2.362947748968122319e+00 1.476230123370508851e+00 4.851526361887412264e+00 3.083354496102853393e+00 2.512022621085748142e+00 5.271776823788339783e+00 1.084693077626137869e+00 5.851150301363116313e+00 3.016432430560966882e+00 6.280060867660498758e+00 3.085436441866211688e+00 4.457305807802319997e+00
8.096348299316652453e-01 5.657484053475027030e-01 3.105232611354630912e+00 2.366036971132616795e+00 1.474632417055966149e+00 4.852840387528472021e+00 3.085280306370969061e+00 2.514633727716693912e+00 5.271889044665533319e+00 1.089268640147976530e+00 5.851745053126103713e+00 3.015577868510527448e+00 6.283150089824993678e+00 3.083838735551668098e+00 4.455844614182367103e+00
8.056970337953978101e-01 5.662604716737820176e-01 3.104503996579149661e+00 2.368685345330188596e+00 1.473238682511786690e+00 4.853967639913004284e+00 3.086939634689237266e+00 2.516889911000143254e+00 5.271968034456570251e+00 1.093206950009859568e+00 5.852257119452384693e+00 3.014849253735046197e+00 6.285798464022564147e+00 3.082445001007488639e+00 4.454586753452102421e+00
8.022968431563020086e-01 5.667021646998348094e-01 3.103880799917877020e+00 2.370961641725371383e+00 1.472022746858160369e+00 4.854937010337123660e+00 3.088372024345066968e+00 2.518842270187348742e+00 5.272023181455202767e+00 1.096603680326419195e+00 5.852698812478439372e+00 3.014226057073773557e+00 6.288074760417746489e+00 3.081229065353861873e+00 4.453501643625963347e+00
7.993566057400871561e-01 5.670837119622318401e-01 3.103346393682208326e+00 2.372922121593038725e+00 1.470961980765548960e+00 4.855772215632997657e+00 3.089610289477958016e+00 2.520533570867796946e+00 5.272061199376922858e+00 1.099537923407761575e+00 5.853080359740836514e+00 3.013691650838104863e+00 6.290035240285414275e+00 3.080168299261250908e+00 4.452564052649805149e+00
7.968112846781710834e-01 5.674136843142527642e-01 3.102887156650468548e+00 2.374613340592557353e+00 1.470036722459166167e+00 4.856492931759984977e+00 3.090681929172879538e+00 2.521999924667829962e+00 5.272086923461895225e+00 1.102075753428515270e+00 5.853410332092852109e+00 3.013232413806374410e+00 6.291726459284921802e+00 3.079243040954860788e+00 4.451752924482541118e+00
7.946059600610221318e-01 5.676993154340308489e-01 3.102491824942279486e+00 2.376074177808082943e+00 1.469229833106681093e+00 4.857115622559021517e+00 3.091610167508056950e+00 2.523272035086888465e+00 5.272103852303158256e+00 1.104272826765300142e+00 5.853695963212629749e+00 3.012837082098185348e+00 6.293187296500448724e+00 3.078436151602375936e+00 4.451050531733963034e+00
7.926939587273568177e-01 5.679467453359443585e-01 3.102151010904430350e+00 2.377337341538418691e+00 1.468526342757779046e+00 4.857654159733022503e+00 3.092414737719184625e+00 2.524376145624128487e+00 5.272114524017333714e+00 1.106176329730099273e+00 5.853943393114542815e+00 3.012496268060336213e+00 6.294450460230784472e+00 3.077732661253473889e+00 4.450441846403373702e+00
7.910354196176611064e-01 5.681612095477702740e-01 3.101856839483239092e+00 2.378430512138884012e+00 1.467913160678138595e+00 4.858120296446689856e+00 3.093112486914045611e+00 2.525334778322599227e+00 5.272120781546977497e+00 1.107826471915698274e+00 5.854157857326368841e+00 3.012202096639144511e+00 6.295543630831249793e+00 3.077119479173833660e+00 4.449914060551297013e+00
7.895961691405882776e-01 5.683471886516565652e-01 3.101602668534583440e+00 2.379377226904610509e+00 1.467378833077092715e+00 4.858524035961137244e+00 3.093717851859126622e+00 2.526167320982727116e+00 5.272123962092348570e+00 1.109257655093007555e+00 5.854343836430254910e+00 3.011947925690489303e+00 6.296490345596976290e+00 3.076585151572788668e+00 4.449456212892106244e+00
7.883468228209455919e-01 5.685085283278598078e-01 3.101382870308975193e+00 2.380197577380399387e+00 1.466913336980958826e+00 4.858873923374601667e+00 3.094243239942899404e+00 2.526890502362216573e+00 5.272125033667665051e+00 1.110499404802759438e+00 5.854505176106458819e+00 3.011728127464881943e+00 6.297310696072765168e+00 3.076119655476655446e+00 4.449058892177429669e+00
7.872620561168075515e-01 5.686485370181790788e-01 3.101192658351078268e+00 2.380908767334885212e+00 1.466507902638596539e+00 4.859177279884961287e+00 3.094699338824032253e+00 2.527518782469343250e+00 5.272124694259813893e+00 1.111577124384672377e+00 5.854645184796780200e+00 3.011537915506983687e+00 6.298021886027249217e+00 3.075714221134293602e+00 4.448713997628731320e+00
7.863200045713307773e-01 5.687700662957251296e-01 3.101027948691112535e+00 2.381525565162601055e+00 1.466154859155248236e+00 4.859440393270491931e+00 3.095095371311327614e+00 2.528064677051069964e+00 5.272123444222502897e+00 1.112512713299405043e+00 5.854766714074326472e+00 3.011373205847017509e+00 6.298638683854965059e+00 3.075361177650945521e+00 4.448414542728392540e+00
