1.740277090981600994e+00 1.214449627962991239e-02 2.624227630476212880e+00 3.540159629886262316e+00 1.728928468056917467e+00 3.663777064133367789e-01 2.187314350947447306e+00 9.185815942523044564e-01 3.356703604824507359e+00 7.548954775451907073e-01 4.750588043773242397e+00 2.607757964953230090e+00 3.819483881889199406e+00 3.141146309048228336e+00 5.065614018339178237e+00
1.723105686789780489e+00 -2.142149081892584170e-03 2.609730425546710642e+00 3.533964561607837673e+00 1.727950249056150023e+00 3.948450812771159280e-01 2.199432846127097108e+00 9.487158709490483011e-01 3.359107983404531872e+00 7.221887979977948957e-01 4.736301398411719710e+00 2.593260760023727851e+00 3.813288813610774763e+00 3.140168090047460669e+00 5.059669847095173090e+00
1.702355318680415674e+00 -1.875336365488653595e-02 2.584925891266409703e+00 3.523514389442044425e+00 1.727987868765148427e+00 4.379058573830756917e-01 2.214449994261902255e+00 9.898127769683642274e-01 3.358917988205273986e+00 6.744891548382800917e-01 4.719690183838725517e+00 2.568456225743426913e+00 3.802838641444981960e+00 3.140205709756458852e+00 5.054874847229013035e+00
1.679201847181031271e+00 -3.627868184859964207e-02 2.546200095023881005e+00 3.507994294499229504e+00 1.729324513569804544e+00 4.992741777534669412e-01 2.230918395574315038e+00 1.042929150877371480e+00 3.354438951710445593e+00 6.086666075944417997e-01 4.702164865645012348e+00 2.529730429500897770e+00 3.787318546502167482e+00 3.141542354561114969e+00 5.052293402931728572e+00
1.657815255455347137e+00 -5.096697164817821923e-02 2.492656816617512039e+00 3.488145619791188867e+00 1.732113066176383498e+00 5.777204721615400995e-01 2.244987531937427505e+00 1.104160457169395704e+00 3.344151996753930600e+00 5.270003311563029591e-01 4.687476575845433757e+00 2.476187151094527916e+00 3.767469871794126401e+00 3.144330907167694367e+00 5.053074968007114975e+00
1.644726743625690935e+00 -5.795321408851497602e-02 2.431190492069427389e+00 3.467700230433592878e+00 1.735882671841892710e+00 6.612197053089173826e-01 2.251869677432234873e+00 1.162067773058696130e+00 3.328413770922756587e+00 4.422738764004578438e-01 4.680490333405098013e+00 2.414720826546444155e+00 3.747024482436530857e+00 3.148100512833203801e+00 5.057302062726826364e+00
1.642662983721813852e+00 -5.639640077861673290e-02 2.375641135938225457e+00 3.451736624266276809e+00 1.739290588959517825e+00 7.312609829301643938e-01 2.250924797322229942e+00 1.204574543128144049e+00 3.310739739508532953e+00 3.723346264852239185e-01 4.682047146714993779e+00 2.359171470415242222e+00 3.731060876269215232e+00 3.151508429950822698e+00 5.062871766626650505e+00
1.647214969309698462e+00 -5.067604352417459657e-02 2.334498984352237905e+00 3.441879006480412340e+00 1.741387547790184342e+00 7.797709595348184530e-01 2.246283608833396617e+00 1.230385325678899022e+00 3.295246335729178355e+00 3.240412480321374078e-01 4.687767503969435978e+00 2.318029318829255114e+00 3.721203258483351650e+00 3.153605388781488994e+00 5.067384195599823116e+00
1.653304443961015835e+00 -4.465338192628500597e-02 2.306417901259038672e+00 3.436306463787472509e+00 1.742406334122663436e+00 8.112106877850200348e-01 2.241355930824682208e+00 1.245435525755497430e+00 3.283399161253761189e+00 2.925540318906699744e-01 4.693790165567325978e+00 2.289948235736055882e+00 3.715630715790411820e+00 3.154624175113968310e+00 5.070334552521773119e+00
1.658798595362986461e+00 -3.962630955652568510e-02 2.287215748596037379e+00 3.433068200506887102e+00 1.742866138424770117e+00 8.319510153235716299e-01 2.237247693216778632e+00 1.254665945368343305e+00 3.274720992000101472e+00 2.716037003435854413e-01 4.698817237937085167e+00 2.270746083073054589e+00 3.712392452509826413e+00 3.155083979416074769e+00 5.072192403608415390e+00
1.663266160442926633e+00 -3.568849853802914807e-02 2.273702018564952798e+00 3.431060311045052824e+00 1.743075588653820285e+00 8.461972993673401167e-01 2.234037493215289771e+00 1.260711520694725474e+00 3.268357307172189419e+00 2.570994377514243534e-01 4.702755048955581607e+00 2.257232353041969564e+00 3.710384563047992135e+00 3.155293429645125158e+00 5.073400773815889941e+00
1.666796088113943419e+00 -3.264282640399224222e-02 2.263896078934668044e+00 3.429735577783555645e+00 1.743173724520188594e+00 8.563636303530181015e-01 2.231560772939358728e+00 1.264892573203619364e+00 3.263620071547937762e+00 2.466825223090427233e-01 4.705800721089618222e+00 2.247426413411684809e+00 3.709059829786494955e+00 3.155391565511493468e+00 5.074223009198406409e+00
1.669572529383869908e+00 -3.027943483720112877e-02 2.256593317293669188e+00 3.428817101172976223e+00 1.743220412275198639e+00 8.638455861405184288e-01 2.229643120261458833e+00 1.267904718905458417e+00 3.260032512034571450e+00 2.389774513385191645e-01 4.708164112656409550e+00 2.240123651770686397e+00 3.708141353175915533e+00 3.155438253266503512e+00 5.074805335843485921e+00
1.671763753465752789e+00 -2.843123000417697999e-02 2.251040549818866587e+00 3.428155697840725047e+00 1.743242275076537950e+00 8.694855149210880541e-01 2.228146266337359904e+00 1.270141447432095116e+00 3.257273060565532230e+00 2.331464137551453319e-01 4.710012317489433720e+00 2.234570884295883797e+00 3.707479949843663913e+00 3.155460116067842602e+00 5.075231146777194446e+00
1.673502932730814186e+00 -2.697385302500988208e-02 2.246748743534611847e+00 3.427665491808951970e+00 1.743251771833261632e+00 8.738164646055280871e-01 2.226967735787305447e+00 1.271840431605017363e+00 3.255122628742989299e+00 2.286548325352824873e-01 4.711469694468600089e+00 2.230279078011628613e+00 3.706989743811889504e+00 3.155469612824565395e+00 5.075550359449634286e+00
1.674891464876454794e+00 -2.581588889080034185e-02 2.243388533916447880e+00 3.427294058736011451e+00 1.743255018601169049e+00 8.771905279649238052e-01 2.226032487690584372e+00 1.273153348551693931e+00 3.253428754496209496e+00 2.251470553788608719e-01 4.712627658602809966e+00 2.226918868393464646e+00 3.706618310738948985e+00 3.155472859592472812e+00 5.075794339611992001e+00
1.676006031854468503e+00 -2.488976629455392012e-02 2.240730769635560282e+00 3.427007766688015877e+00 1.743255133449772787e+00 8.798489867269831954e-01 2.225285240658950947e+00 1.274181460358944751e+00 3.252082857217775569e+00 2.223778540517183655e-01 4.713553781199056658e+00 2.224261104112577048e+00 3.706332018690953412e+00 3.155472974441076772e+00 5.075983664627647052e+00
1.676904889664285303e+00 -2.414496542827306025e-02 2.238611512473322573e+00 3.426784126917827855e+00 1.743253747631595907e+00 8.819623913989107500e-01 2.224684783673752442e+00 1.274994910656626290e+00 3.251005899876582284e+00 2.201729759425404831e-01 4.714298582065337584e+00 2.222141846950338895e+00 3.706108378920764945e+00 3.155471588622899670e+00 5.076132342114939355e+00
1.677632674624736753e+00 -2.354323011159801388e-02 2.236910675174360819e+00 3.426607573172417709e+00 1.743251725357904958e+00 8.836544654632769724e-01 2.224199987243179688e+00 1.275643779490609919e+00 3.250139217674366865e+00 2.184054472440938588e-01 4.714900317382012318e+00 2.220441009651377140e+00 3.705931825175354799e+00 3.155469566349208499e+00 5.076250210147001063e+00
1.678223913394688349e+00 -2.305523190832125743e-02 2.235538525640050622e+00 3.426467015219090140e+00 1.743249522922587946e+00 8.850169296420900000e-01 2.223807036876694010e+00 1.276164723881269447e+00 3.249438522819842134e+00 2.169807816425351754e-01 4.715388315585288481e+00 2.219068860117066944e+00 3.705791267222027230e+00 3.155467363913891710e+00 5.076344362735055071e+00
1.678705559160012850e+00 -2.265823388072661648e-02 2.234426886382371968e+00 3.426354358452285975e+00 1.743247375033317947e+00 8.861190217681813586e-01 2.223487503288465117e+00 1.276585133405960581e+00 3.248869892347342692e+00 2.158274257237157989e-01 4.715785313612883556e+00 2.217957220859388734e+00 3.705678610455223065e+00 3.155465216024621711e+00 5.076420029820966739e+00
1.679098829886652489e+00 -2.233443485325633734e-02 2.233523228813112382e+00 3.426263573749564362e+00 1.743245394628911704e+00 8.870138031797633049e-01 2.223226979534594250e+00 1.276925824822665367e+00 3.248407020244906018e+00 2.148903958719874663e-01 4.716109112640353374e+00 2.217053563290129592e+00 3.705587825752501008e+00 3.155463235620216356e+00 5.076481139598019610e+00
1.679420552729415927e+00 -2.206977892182489590e-02 2.232786606564540310e+00 3.426190093401076275e+00 1.743243627707805832e+00 8.877424534834880143e-01 2.223014104174842132e+00 1.277202844515712865e+00 3.248029293908840209e+00 2.141269239756937171e-01 4.716373768571784808e+00 2.216316941041557964e+00 3.705514345404012921e+00 3.155461468699110483e+00 5.076530689058011525e+00
1.679684158493709667e+00 -2.185308654654925450e-02 2.232184789576601602e+00 3.426130407154271307e+00 1.743242083998443270e+00 8.883372683035879458e-01 2.222839850299960229e+00 1.277428707567650479e+00 3.247720420126386731e+00 2.135034048321803046e-01 4.716590460947060137e+00 2.215715124053621032e+00 3.705454659157207953e+00 3.155459924989746590e+00 5.076570994962321670e+00
1.679900426132121982e+00 -2.167541102526746033e-02 2.231692202097638411e+00 3.426081784956874987e+00 1.743240754307145979e+00 8.888237981602818971e-01 2.222697000287802371e+00 1.277613270354516217e+00 3.247467425289537690e+00 2.129932095198451836e-01 4.716768136468343364e+00 2.215222536574658285e+00 3.705406036959811189e+00 3.155458595298449520e+00 5.076603868050577617e+00
1.680078046719764240e+00 -2.152955529423669634e-02 2.231288411385585313e+00 3.426042082186186111e+00 1.743239620360042208e+00 8.892224046754768629e-01 2.222579752292294764e+00 1.277764358321049398e+00 3.247259915648320394e+00 2.125750887768338149e-01 4.716913992199373240e+00 2.214818745862606519e+00 3.705366334189126754e+00 3.155457461351347082e+00 5.076630736655639353e+00
1.680224055454962784e+00 -2.140970450221446261e-02 2.230957001657297045e+00 3.426009599951237661e+00 1.743238660346967173e+00 8.895494126711070981e-01 2.222483421603545839e+00 1.277888226238861336e+00 3.247089521696688408e+00 2.122319872012529973e-01 4.717033842991395609e+00 2.214487336134318252e+00 3.705333851954178304e+00 3.155456501338272268e+00 5.076652736163866919e+00
1.680344165961029645e+00 -2.131114341237479864e-02 2.230684722776643092e+00 3.425982983016850891e+00 1.743237851977475383e+00 8.898179763050255708e-01 2.222404211351374226e+00 1.277989901325492061e+00 3.246949475249341965e+00 2.119501492373634111e-01 4.717132404081235464e+00 2.214215057253664742e+00 3.705307235019791978e+00 3.155455692968780479e+00 5.076670774908011552e+00
1.680443031371471552e+00 -2.123003682440112450e-02 2.230460838350666553e+00 3.425961143971853584e+00 1.743237174089818042e+00 8.900387390955385447e-01 2.222339034611312325e+00 1.278073442820124139e+00 3.246834283702168200e+00 2.117184361877876564e-01 4.717213510669209242e+00 2.213991172827687759e+00 3.705285395974795115e+00 3.155455015081122916e+00 5.076685583468628415e+00
1.680524449903401329e+00 -2.116325742464425855e-02 2.230276620899479756e+00 3.425943206058871482e+00 1.743236607420265649e+00 8.902203428793558082e-01 2.222285375117855288e+00 1.278142140898831824e+00 3.246739476537817470e+00 2.115277983799701000e-01 4.717280290068956994e+00 2.213806955376487640e+00 3.705267458061817010e+00 3.155454448411569413e+00 5.076697752078111137e+00
