3.332667455754289243e+00 5.393605070674013291e+00 1.819118551207958401e+00 5.729455484774668150e+00 2.046624866361221429e+00 1.572379286885294380e+00 2.563767051632704241e+00 5.497360782277874058e+00 2.879458841216861575e+00 4.833774006935947831e+00 5.088742025842284633e+00 5.748395961357263495e+00 3.209902840581358774e+00 4.407613560396793417e+00 8.894926869930689164e-03
3.350481678028830679e+00 5.403824621725479282e+00 1.816283137600688935e+00 5.740202252332149868e+00 2.040793316366372956e+00 1.570397014684634662e+00 2.549207098982223751e+00 5.507023160226141023e+00 2.877792747762230263e+00 4.835491694226004000e+00 5.098961576893750625e+00 5.745560547749993141e+00 3.220649608138839604e+00 4.401782010401944056e+00 2.777519098995079316e-02
3.377854551505246938e+00 5.412536277652726824e+00 1.817192545941359150e+00 5.759862922512735572e+00 2.027293599681847969e+00 1.568552623655808498e+00 2.525966739209664969e+00 5.516565571775874588e+00 2.877639515607317566e+00 4.839374766213416557e+00 5.107673232820998166e+00 5.746469956090662912e+00 3.240310278319423976e+00 4.388282293717418625e+00 5.104829757618780522e-02
3.424588143404588170e+00 5.413611631950144165e+00 1.828785027907413818e+00 5.799383006424732478e+00 1.995528823124022022e+00 1.568318967559138244e+00 2.484523671628637409e+00 5.522189734439346687e+00 2.882534452779942580e+00 4.848707362899623341e+00 5.108748587118415507e+00 5.758062438056719579e+00 3.279830362231421770e+00 4.356517517159590902e+00 7.975864103597121724e-02
3.510009064182765037e+00 5.391816829327308547e+00 1.866356417704810866e+00 5.881509380191425329e+00 1.923077329039186045e+00 1.574718461179608564e+00 2.405524960448466754e+00 5.513896501761602842e+00 2.901094124984133771e+00 4.870471051331056955e+00 5.086953784495580777e+00 5.795633827854117293e+00 3.361956735998115064e+00 4.284066023074755591e+00 1.153035863409848372e-01
3.645380779412464634e+00 5.326532858226530998e+00 1.944970605595478075e+00 6.025246250428367034e+00 1.790273428858557114e+00 1.599716070878832941e+00 2.275702689390600941e+00 5.478857878227422873e+00 2.941947447488452827e+00 4.906500222121789712e+00 5.021669813394800563e+00 5.874248015744785612e+00 3.505693606235057214e+00 4.151262122894124218e+00 1.584604736982065110e-01
3.737877331856457097e+00 5.271712245981221123e+00 2.004799226020209435e+00 6.130930287546099144e+00 1.690885352119688267e+00 1.628472612167755296e+00 2.185812084393408572e+00 5.454669185142457799e+00 2.964018080949370137e+00 4.913323834123013434e+00 4.966849201149490689e+00 5.934076636169515417e+00 3.611377643352789324e+00 4.051874046155255371e+00 1.850972024249841752e-01
3.771907176831324815e+00 5.256536951201515429e+00 2.026849912490944927e+00 6.168278944592303858e+00 1.654875043878743845e+00 1.637455617429127930e+00 2.155502720422344698e+00 5.454247078358275935e+00 2.963065058555268472e+00 4.906959136859108561e+00 4.951673906369785882e+00 5.956127322640249133e+00 3.648726300398994038e+00 4.015863737914309617e+00 1.864892663024088071e-01
3.788560434168577462e+00 5.247089399378501717e+00 2.037964466518379147e+00 6.187609316369037771e+00 1.636415851514813946e+00 1.643552738613614839e+00 2.139849410701112564e+00 5.452320889879556098e+00 2.963835871184814064e+00 4.903819874854419503e+00 4.942226354546772171e+00 5.967241876667684686e+00 3.668056672175727062e+00 3.997404545550379940e+00 1.886197843849201639e-01
3.797882696010368875e+00 5.241108250992734696e+00 2.044262550880727947e+00 6.198817418167425153e+00 1.625781587166353681e+00 1.647569787554672427e+00 2.130782034420359849e+00 5.450650369816973928e+00 2.964641742262997592e+00 4.901926339544542266e+00 4.936245206161005150e+00 5.973539961030033041e+00 3.679264773974114444e+00 3.986770281201919452e+00 1.903533953985344918e-01
3.803375198579820538e+00 5.237325960897149635e+00 2.047994969284893774e+00 6.205571060561970498e+00 1.619400201549342055e+00 1.650166021021070017e+00 2.125320502863080829e+00 5.449445360417482398e+00 2.965243793479555912e+00 4.900731920021023313e+00 4.932462916065420089e+00 5.977272379434199756e+00 3.686018416368658457e+00 3.980388895584908493e+00 1.915811959364270567e-01
3.806684727648936839e+00 5.234945513889580404e+00 2.050250828882006271e+00 6.209700592698865762e+00 1.615508866471720539e+00 1.651821115715231603e+00 2.121981359027687919e+00 5.448632176900392921e+00 2.965654135356830867e+00 4.899975576377231690e+00 4.930082469057850858e+00 5.979528239031312253e+00 3.690147948505554609e+00 3.976497560507286977e+00 1.924033926296322417e-01
3.808701152073336704e+00 5.233454850934943892e+00 2.051627594568593338e+00 6.212240770581120231e+00 1.613119461775526009e+00 1.652865665947621299e+00 2.119927310212159188e+00 5.448101889057841873e+00 2.965922623178701478e+00 4.899499013375505641e+00 4.928591806103213457e+00 5.980905004717899764e+00 3.692688126387809966e+00 3.974108155811094001e+00 1.929375276438894671e-01
3.809937119442265097e+00 5.232525188163908325e+00 2.052472297984483607e+00 6.213807388348969063e+00 1.611647527345356545e+00 1.653520236563167378e+00 2.118660426168290645e+00 5.447762982996557923e+00 2.966094432686280147e+00 4.899200426710258682e+00 4.927662143332177003e+00 5.981749708133796695e+00 3.694254744155655690e+00 3.972636221380925647e+00 1.932782023858869991e-01
3.810697325807831159e+00 5.231947111526324079e+00 2.052992144151842169e+00 6.214774756803326916e+00 1.610739294184771575e+00 1.653928463685252481e+00 2.117878093202575140e+00 5.447549064132616081e+00 2.966202938440993364e+00 4.899014179131688351e+00 4.927084066694593645e+00 5.982269554301154812e+00 3.695222112610012655e+00 3.971727988220340233e+00 1.934929939413690680e-01
3.811165867411038466e+00 5.231588379697218016e+00 2.053312651934946942e+00 6.215372458895496166e+00 1.610178391358595196e+00 1.654182257745168805e+00 2.117394695632465407e+00 5.447415081656768798e+00 2.966270915507777772e+00 4.898898365547037059e+00 4.926725334865487582e+00 5.982590062084259586e+00 3.695819814702181905e+00 3.971167085394164076e+00 1.936274346734220553e-01
3.811455005737200086e+00 5.231366059041199001e+00 2.053510478700399933e+00 6.215741876068891614e+00 1.609831819992234347e+00 1.654339722501769749e+00 2.117095916141026102e+00 5.447331571524284932e+00 2.966313290554446258e+00 4.898826498140153696e+00 4.926503014209465903e+00 5.982787888849719238e+00 3.696189231875574688e+00 3.970820514027804560e+00 1.937111978376398203e-01
3.811633569859066206e+00 5.231228394859556374e+00 2.053632666498433235e+00 6.215970239562442323e+00 1.609617618360021707e+00 1.654437295341536496e+00 2.116911214937750696e+00 5.447279677773432027e+00 2.966339624561419086e+00 4.898781960545982805e+00 4.926365350027823276e+00 5.982910076647752540e+00 3.696417595369125397e+00 3.970606312395592141e+00 1.937632366469641543e-01
3.811743898012009968e+00 5.231143196994740840e+00 2.053708167590557299e+00 6.216111422006105336e+00 1.609485206371181532e+00 1.654497707595693701e+00 2.116797024486555934e+00 5.447247491386412399e+00 2.966355958530626058e+00 4.898754383019022995e+00 4.926280152163005965e+00 5.982985577739874827e+00 3.696558777812786634e+00 3.970473900406747525e+00 1.937955084176106735e-01
3.811812085396265370e+00 5.231090487356356178e+00 2.053754832600648061e+00 6.216198711283471567e+00 1.609403345420002296e+00 1.654535093067683871e+00 2.116726423001129120e+00 5.447227551584650662e+00 2.966366077836045445e+00 4.898737316145094667e+00 4.926227442524622191e+00 5.983032242749964702e+00 3.696646067090153753e+00 3.970392039455568955e+00 1.938154993782168767e-01
3.811854235555215631e+00 5.231057884173794470e+00 2.053783679500713610e+00 6.216252681829040228e+00 1.609352733402703572e+00 1.654558221429953013e+00 2.116682770194842522e+00 5.447215207638037349e+00 2.966372342389451244e+00 4.898726757476453031e+00 4.926194839342060483e+00 5.983061089650030695e+00 3.696700037635722413e+00 3.970341427438270454e+00 1.938278743350199396e-01
3.811880293627394778e+00 5.231037720338584940e+00 2.053801513551147373e+00 6.216286052293021669e+00 1.609321440396460634e+00 1.654572526914924735e+00 2.116655779186009223e+00 5.447207569423976103e+00 2.966376218817043497e+00 4.898720226545179912e+00 4.926174675506850953e+00 5.983078923700463569e+00 3.696733408099704743e+00 3.970310134432027738e+00 1.938355314861435752e-01
3.811896404347002498e+00 5.231025250781470959e+00 2.053812539791315839e+00 6.216306685821524347e+00 1.609302091720948180e+00 1.654581374159449281e+00 2.116639090147540703e+00 5.447202844349710027e+00 2.966378616825960268e+00 4.898716187435004699e+00 4.926162205949736972e+00 5.983089949940630703e+00 3.696754041628206533e+00 3.970290785756514840e+00 1.938402681791350779e-01
3.811906365414591935e+00 5.231017539845951525e+00 2.053819357231900344e+00 6.216319443989952731e+00 1.609290128130094200e+00 1.654586845340835666e+00 2.116628770930923054e+00 5.447199921876154427e+00 2.966380100006979603e+00 4.898713689610188382e+00 4.926154495014217538e+00 5.983096767381215209e+00 3.696766799796635361e+00 3.970278822165660415e+00 1.938431978022854829e-01
3.811912524385355994e+00 5.231012771699482755e+00 2.053823572502413874e+00 6.216327332688464047e+00 1.609282730786616655e+00 1.654590228591422907e+00 2.116622390292735911e+00 5.447198114509651745e+00 2.966381017263206132e+00 4.898712145006705931e+00 4.926149726867750545e+00 5.983100982651728295e+00 3.696774688495146677e+00 3.970271424822183093e+00 1.938450095763742664e-01
3.811916332564671883e+00 5.231009823317608998e+00 2.053826178870988617e+00 6.216332210485677301e+00 1.609278156825811879e+00 1.654592320654748372e+00 2.116618444968268342e+00 5.447196996840608207e+00 2.966381584491908807e+00 4.898711189884599193e+00 4.926146778485876787e+00 5.983103589020303481e+00 3.696779566292360819e+00 3.970266850861378316e+00 1.938461299657076031e-01
3.811918687239598480e+00 5.231008000208340114e+00 2.053827790444426871e+00 6.216335226566399363e+00 1.609275328622744139e+00 1.654593614278025315e+00 2.116616005461181782e+00 5.447196305706222930e+00 2.966381935250089530e+00 4.898710599285674760e+00 4.926144955376607015e+00 5.983105200593741735e+00 3.696782582373082437e+00 3.970264022658311021e+00 1.938468227801992128e-01
3.811920143192081945e+00 5.231006872911051708e+00 2.053828786920273153e+00 6.216337091497092793e+00 1.609273579864947123e+00 1.654594414178723660e+00 2.116614497042487830e+00 5.447195878339381458e+00 2.966382152143488771e+00 4.898710234093573312e+00 4.926143828079318610e+00 5.983106197069587573e+00 3.696784447303775867e+00 3.970262273900513339e+00 1.938472511851623836e-01
3.811921043446157675e+00 5.231006175863758934e+00 2.053829403068125892e+00 6.216338244638991206e+00 1.609272498557210218e+00 1.654594908787021312e+00 2.116613564342407106e+00 5.447195614078808923e+00 2.966382286258691270e+00 4.898710008281588202e+00 4.926143131032025835e+00 5.983106813217439424e+00 3.696785600445674280e+00 3.970261192592776656e+00 1.938475160873548708e-01
3.811921600098465035e+00 5.231005744856284778e+00 2.053829784049743701e+00 6.216338957661114328e+00 1.609271829952687582e+00 1.654595214620417920e+00 2.116612987626008913e+00 5.447195450675920370e+00 2.966382369187503532e+00 4.898709868654179012e+00 4.926142700024550791e+00 5.983107194199057233e+00 3.696786313467796958e+00 3.970260523988254686e+00 1.938476798868692952e-01
