4.069686553783443905e+00 4.358054598476005514e-01 3.878405852134793719e+00 2.860229352146329340e+00 3.426034624686412844e+00 1.170767822762754484e+00 6.052299979223589865e+00 1.329495815652341983e+00 1.360881441354161447e+00 1.759583469759824048e+00 1.122668914131638163e+00 5.456098598963970758e+00 6.210262543656455136e+00 2.068017802019954221e+00 4.383838951915788762e+00
4.059691415324595098e+00 4.550591701726356408e-01 3.904775024283517304e+00 2.891944836742944780e+00 3.457809082720266325e+00 1.137204939406598614e+00 6.032894989304982580e+00 1.351349259256751534e+00 1.347098447633222174e+00 1.731663559108091555e+00 1.141922624456673585e+00 5.482467771112694344e+00 6.241978028253071464e+00 2.099792260053807702e+00 4.369730812312286439e+00
4.034006398754810263e+00 4.693770756516737475e-01 3.927835063210086020e+00 2.927315622827467934e+00 3.490189664606664799e+00 1.101010600704131148e+00 5.998921579822763306e+00 1.386514379904847383e+00 1.317923390097752279e+00 1.690654892860456560e+00 1.156240529935711914e+00 5.505527810039262171e+00 6.277348814337591953e+00 2.132172841940207064e+00 4.362306989767519738e+00
3.996506347964322359e+00 4.772553060193343022e-01 3.945789303724858588e+00 2.963770357850839865e+00 3.519405929459480831e+00 1.066426971211168695e+00 5.954829794756952843e+00 1.430318162070606025e+00 1.277680498522206998e+00 1.640407691969907988e+00 1.164118760303372246e+00 5.523482050554035183e+00 6.313803549360963885e+00 2.161389106793022652e+00 4.359741004604243741e+00
3.957451788166166384e+00 4.798397112455467517e-01 3.958347046832931593e+00 2.995997026540293984e+00 3.542395062361743285e+00 1.038248736063354105e+00 5.910895604339430065e+00 1.472925843098238374e+00 1.236725412271128199e+00 1.591519134202770802e+00 1.166703165529584529e+00 5.536039793662109076e+00 6.346030218050418448e+00 2.184378239695285551e+00 4.359324612684434719e+00
3.926786409051703952e+00 4.801307435027397097e-01 3.966699902849965209e+00 3.019621278047337931e+00 3.558410279069237347e+00 1.018681258025559089e+00 5.876712738114765244e+00 1.505593832474369620e+00 1.204671221581570695e+00 1.554028722099556337e+00 1.166994197786777487e+00 5.544392649679142693e+00 6.369654469557461951e+00 2.200393456402779613e+00 4.359407326392239490e+00
3.906572121577400747e+00 4.800289033624443591e-01 3.972180108730607451e+00 3.034841786670084751e+00 3.568767936098914628e+00 1.006353523860977983e+00 5.854042530961026003e+00 1.527059885514175486e+00 1.183378352355443752e+00 1.529423710809824088e+00 1.166892357646482248e+00 5.549872855559784490e+00 6.384874978180208771e+00 2.210751113432456894e+00 4.359568891997406048e+00
3.893972019298608700e+00 4.799286444543537922e-01 3.975689006396482483e+00 3.044240575338871047e+00 3.575252642486157928e+00 9.988089276666100025e-01 5.839809433148902329e+00 1.540457535171178671e+00 1.169996568612655885e+00 1.514081434404082493e+00 1.166792098738388850e+00 5.553381753225654194e+00 6.394273766848999507e+00 2.217235819819696641e+00 4.359722680502207126e+00
3.886118491205554193e+00 4.798540463671465695e-01 3.977912855008542969e+00 3.050063403650540739e+00 3.579304395356758040e+00 9.941593829747228384e-01 5.830896658038875024e+00 1.548816296238542778e+00 1.161610462701151647e+00 1.504513779884997238e+00 1.166717500651181627e+00 5.555605601837714680e+00 6.400096595160669644e+00 2.221287572690296752e+00 4.359840889536585884e+00
3.881160279139459490e+00 4.798011643480367683e-01 3.979329307734260190e+00 3.053724347141475004e+00 3.581863608545434730e+00 9.912462097809489059e-01 5.825253863111612418e+00 1.554096251461343225e+00 1.156298293447314940e+00 1.498471499601027768e+00 1.166664618632071715e+00 5.557022054563431901e+00 6.403757538651603909e+00 2.223846785878973442e+00 4.359924288585697028e+00
3.877990522393359285e+00 4.797647086524378102e-01 3.980239268955423348e+00 3.056058270541762489e+00 3.583499411661559275e+00 9.893932280949444547e-01 5.821640215327416712e+00 1.557472685517873323e+00 1.152895181290499949e+00 1.494607991928803559e+00 1.166628162936472979e+00 5.557932015784595059e+00 6.406091462051891838e+00 2.225482588995097988e+00 4.359981085986083471e+00
3.875944562558141904e+00 4.797400021053923602e-01 3.980828284225667701e+00 3.057561958684121173e+00 3.584554939449390965e+00 9.882011812211929369e-01 5.819305206840916789e+00 1.559652422478106759e+00 1.150695705541584513e+00 1.492113960527595706e+00 1.166603456389427418e+00 5.558521031054839412e+00 6.407595150194250522e+00 2.226538116782929677e+00 4.360019160729541099e+00
3.874614962558234232e+00 4.797234308027945038e-01 3.981211722516666995e+00 3.058537967589876505e+00 3.585240701392628182e+00 9.874282099564413162e-01 5.817786712582094566e+00 1.561069108103285696e+00 1.149265134114178855e+00 1.490493059445781698e+00 1.166586885086829506e+00 5.558904469345838706e+00 6.408571159100005410e+00 2.227223878726166895e+00 4.360044490300759357e+00
3.873746869630772860e+00 4.797123867259479035e-01 3.981462335599745828e+00 3.059174691453354633e+00 3.585688338357255756e+00 9.869242676174145856e-01 5.816794848076511926e+00 1.561994119661908487e+00 1.148330607241242030e+00 1.489434729003987767e+00 1.166575841009982906e+00 5.559155082428917538e+00 6.409207882963483094e+00 2.227671515690794468e+00 4.360061274453209457e+00
3.873178314451871884e+00 4.797050556737021965e-01 3.981626584899748966e+00 3.059591492097529564e+00 3.585981472014521998e+00 9.865945257420790648e-01 5.816145040502592956e+00 1.562599978825033764e+00 1.147718323859048928e+00 1.488741558133988230e+00 1.166568509957744748e+00 5.559319331728914015e+00 6.409624683607658469e+00 2.227964649348060711e+00 4.360072371978534811e+00
3.872805160786465528e+00 4.797002016711151562e-01 3.981734431624041282e+00 3.059864951292408541e+00 3.586173840748007713e+00 9.863782453283755913e-01 5.815718478540574665e+00 1.562997626496664960e+00 1.147316377223288830e+00 1.488286608218657214e+00 1.166563655955157763e+00 5.559427178453206331e+00 6.409898142802537002e+00 2.228157018081546425e+00 4.360079700357531785e+00
3.872559912250320036e+00 4.796969930038552654e-01 3.981805331854044727e+00 3.060044636284906527e+00 3.586300262464358735e+00 9.862361575335713004e-01 5.815438093581827950e+00 1.563258977837154839e+00 1.147052164822093490e+00 1.487987596886116926e+00 1.166560447287898095e+00 5.559498078683209776e+00 6.410077827795035432e+00 2.228283439797897447e+00 4.360084536100465868e+00
3.872398578612104014e+00 4.796948742035929691e-01 3.981851981205209334e+00 3.060162821948276157e+00 3.586383423326832798e+00 9.861427122715258342e-01 5.815253630876329183e+00 1.563430906457913938e+00 1.146878338677519649e+00 1.487790894488046023e+00 1.166558328487635521e+00 5.559544728034373051e+00 6.410196013458405062e+00 2.228366600660368846e+00 4.360087725560693350e+00
3.872292382713093506e+00 4.796934760461069036e-01 3.981882691245959283e+00 3.060240608487532654e+00 3.586438161165474980e+00 9.860812140761487932e-01 5.815132204053855780e+00 1.563544077218297135e+00 1.146763912221769433e+00 1.487661416849091145e+00 1.166556930330150621e+00 5.559575438075122555e+00 6.410273799997662003e+00 2.228421338499011473e+00 4.360089828585759442e+00
3.872222452458056630e+00 4.796925538432694203e-01 3.981902915468416460e+00 3.060291827756244309e+00 3.586474205382887970e+00 9.860407221419308366e-01 5.815052241384498721e+00 1.563618600800745551e+00 1.146688558868237395e+00 1.487576155215698748e+00 1.166556008127312971e+00 5.559595662297580176e+00 6.410325019266373658e+00 2.228457382716424462e+00 4.360091214992763753e+00
3.872176391001913132e+00 4.796919457523844965e-01 3.981916237386716517e+00 3.060325563258630144e+00 3.586497946541809423e+00 9.860140531053586122e-01 5.814999570586659061e+00 1.563667687934108264e+00 1.146638923929006459e+00 1.487519995203529621e+00 1.166555400036428214e+00 5.559608984215880234e+00 6.410358754768759049e+00 2.228481123875346359e+00 4.360092128863528593e+00
3.872146046068442704e+00 4.796915448614346156e-01 3.981925014061570511e+00 3.060347787316412216e+00 3.586513586886374227e+00 9.859964846485242962e-01 5.814964870940240615e+00 1.563700026228840745e+00 1.146606224199530066e+00 1.487482997363198223e+00 1.166554999145478444e+00 5.559617760890733784e+00 6.410380978826540677e+00 2.228496764219910720e+00 4.360092731207909189e+00
3.872126052753193992e+00 4.796912806031622400e-01 3.981930796863516697e+00 3.060362429769546200e+00 3.586523891749217707e+00 9.859849097394997042e-01 5.814942008212843128e+00 1.563721332936312214e+00 1.146584679117835792e+00 1.487458620634223516e+00 1.166554734887205846e+00 5.559623543692680414e+00 6.410395621279674216e+00 2.228507069082754644e+00 4.360093128200835721e+00
3.872112878789392809e+00 4.796911064246954792e-01 3.981934607314213892e+00 3.060372077832551607e+00 3.586530681785094821e+00 9.859772829882573753e-01 5.814926943440770657e+00 1.563735372331310103e+00 1.146570482551073411e+00 1.487442558347858990e+00 1.166554560708739086e+00 5.559627354143377609e+00 6.410405269342679624e+00 2.228513859118631757e+00 4.360093389842045752e+00
3.872104197786741864e+00 4.796909916261659079e-01 3.981937118240535423e+00 3.060378435385989970e+00 3.586535156076909647e+00 9.859722574030489461e-01 5.814917016443951425e+00 1.563744623616691864e+00 1.146561127652581114e+00 1.487431974076288910e+00 1.166554445910209292e+00 5.559629865069698695e+00 6.410411626896117987e+00 2.228518333410446584e+00 4.360093562274892420e+00
3.872098477238375747e+00 4.796909159668561462e-01 3.981938772884305422e+00 3.060382624821050612e+00 3.586538104510130776e+00 9.859689457089052533e-01 5.814910474799980911e+00 1.563750719968534542e+00 1.146554963003128425e+00 1.487424999322676245e+00 1.166554370250899364e+00 5.559631519713469139e+00 6.410415816331178185e+00 2.228521281843668156e+00 4.360093675913939038e+00
3.872094707468040742e+00 4.796908661039017696e-01 3.981939863278578962e+00 3.060385385596972263e+00 3.586540047488702143e+00 9.859667633574770162e-01 5.814906163929673966e+00 1.563754737389746241e+00 1.146550900566239761e+00 1.487420403045799588e+00 1.166554320387945154e+00 5.559632610107742678e+00 6.410418577107099836e+00 2.228523224822239523e+00 4.360093750805182466e+00
3.872092223200546801e+00 4.796908332424473231e-01 3.981940581847165372e+00 3.060387204935896666e+00 3.586541327904826826e+00 9.859653252003764967e-01 5.814903323075355068e+00 1.563757384858891486e+00 1.146548223428249136e+00 1.487417374112568469e+00 1.166554287526490041e+00 5.559633328676329533e+00 6.410420396446023794e+00 2.228524505238364650e+00 4.360093800160255384e+00
3.872090586060136008e+00 4.796908115858098398e-01 3.981941055387078432e+00 3.060388403884362063e+00 3.586542171702809423e+00 9.859643774527582227e-01 5.814901450941518668e+00 1.563759129549923355e+00 1.146546459183766187e+00 1.487415378035491287e+00 1.166554265869852447e+00 5.559633802216243481e+00 6.410421595394489636e+00 2.228525349036347691e+00 4.360093832686263049e+00
3.872089507172519873e+00 4.796907973135648984e-01 3.981941367453752711e+00 3.060389193999452750e+00 3.586542727771719452e+00 9.859637528812189577e-01 5.814900217190833054e+00 1.563760279314278412e+00 1.146545296532855085e+00 1.487414062605892706e+00 1.166554251597607061e+00 5.559634114282915540e+00 6.410422385509578547e+00 2.228525905105257277e+00 4.360093854121512180e+00
