2.646791155051650080e+00 3.347220368244269384e+00 1.215716999411862176e+00 6.136698097896021054e+00 3.845474631876270699e+00 5.361823116995475758e+00 3.505683894454332705e+00 4.561851670510672641e+00 4.621899209804397834e+00 4.928293349862193473e+00 4.018538637396614988e+00 3.957320833263501925e+00 4.360867513587686872e+00 3.384363433535640953e-01 1.905818008647490958e+00
2.631552591771483929e+00 3.324186837587807197e+00 1.234571009902664107e+00 6.145729252378213658e+00 3.844735855716085560e+00 5.371184840985992359e+00 3.511527045323457052e+00 4.550826666742445958e+00 4.645122485185098071e+00 4.924356954372518302e+00 3.995505106740152801e+00 3.976174843754303634e+00 4.369898668069879477e+00 3.376975671933786227e-01 1.929682394088538810e+00
2.609130197485267644e+00 3.290481470031921152e+00 1.262014676020894566e+00 6.159835464495994728e+00 3.844070339316820295e+00 5.385319335206940394e+00 3.520672055198888373e+00 4.535475175609106735e+00 4.678914345621172366e+00 4.919435498037498355e+00 3.961799739184266755e+00 4.003618509872533870e+00 4.384004880187660547e+00 3.370320507941133581e-01 1.965011106719070977e+00
2.577315257544576799e+00 3.243382028010028950e+00 1.300160460010086672e+00 6.181334346829522097e+00 3.844545030335159375e+00 5.405866924004708807e+00 3.534894946637147761e+00 4.516136753148700222e+00 4.725677764793802638e+00 4.914302622783803365e+00 3.914700297162374554e+00 4.041764293861725754e+00 4.405503762521187916e+00 3.375067418124524377e-01 2.015238445789006683e+00
2.537500201801324184e+00 3.185838083982180713e+00 1.346510520912076014e+00 6.210318951065918469e+00 3.848272300869647111e+00 5.432280515413308919e+00 3.554854016728314470e+00 4.496814833840742764e+00 4.782009367164668845e+00 4.910771389015502031e+00 3.857156353134526316e+00 4.088114354763714431e+00 4.434488366757583400e+00 3.412340123469399522e-01 2.077932419540162279e+00
2.500073536340460034e+00 3.133574975614287439e+00 1.388519009411969485e+00 6.238958669309979221e+00 3.856070584832685277e+00 5.457603659839789678e+00 3.575932726464056355e+00 4.484982555942241156e+00 4.832350053890055896e+00 4.910034361620526866e+00 3.804893244766630822e+00 4.130122843263619004e+00 4.463128085001643264e+00 3.490322963099727338e-01 2.136017635472544196e+00
2.476727593451500287e+00 3.103081555664549462e+00 1.413570995946638709e+00 6.255748131367705689e+00 3.864058340914750644e+00 5.472504210227527643e+00 3.589958748875063943e+00 4.482327990365766901e+00 4.861451604983754393e+00 4.909836368258361006e+00 3.774399824816892846e+00 4.155174829798287561e+00 4.479917547059368843e+00 3.570200523920382119e-01 2.170124478576568094e+00
2.465245285011020027e+00 3.090457858984541062e+00 1.425089666402875377e+00 6.260994777337055339e+00 3.869517901257583326e+00 5.477601281544365541e+00 3.596333128220372100e+00 4.483752589422715040e+00 4.873706057831889815e+00 4.908009945919961758e+00 3.761776128136884445e+00 4.166693500254524452e+00 4.485164193028718493e+00 3.624796127348709485e-01 2.183865567244561046e+00
2.458832740872209044e+00 3.085779677821216982e+00 1.430857524158305472e+00 6.260436630377807177e+00 3.873447854882436481e+00 5.477864223972561675e+00 3.598924428740830184e+00 4.486479749787992688e+00 4.878645752702824190e+00 4.904658558644580779e+00 3.757097946973559477e+00 4.172461358009954324e+00 4.484606046069470331e+00 3.664095663597241592e-01 2.188380247371694676e+00
2.453925752049500808e+00 3.084044742319132837e+00 1.434777014460280498e+00 6.257196858765982306e+00 3.876981245330901160e+00 5.475986341816778236e+00 3.600061057247031737e+00 4.489900540919287586e+00 4.880972438968357530e+00 4.900146548633657950e+00 3.755363011471475332e+00 4.176380848311929128e+00 4.481366274457645460e+00 3.699429568081887276e-01 2.189356470314532288e+00
2.449086450454422970e+00 3.083345421559860799e+00 1.438373910515346132e+00 6.252427440604408915e+00 3.880690801685461988e+00 5.472976116079425246e+00 3.600688274866119531e+00 4.493944901501984113e+00 4.882467502289947525e+00 4.894588009526083638e+00 3.754663690712203739e+00 4.179977744366994763e+00 4.476596856296072069e+00 3.736525131627494445e-01 2.188949693500612970e+00
2.443714579109525609e+00 3.082982426080769223e+00 1.442255153527833178e+00 6.246468223074362669e+00 3.884849950048740563e+00 5.469151327436359011e+00 3.601161596303738666e+00 4.498655954103406351e+00 4.883785761966985994e+00 4.887941246860989075e+00 3.754300695233112162e+00 4.183858987379482919e+00 4.470637638766024935e+00 3.778116615260285749e-01 2.187926012130738673e+00
2.437512065714474208e+00 3.082694098856782805e+00 1.446697510229157713e+00 6.239352841684357109e+00 3.889605724938379527e+00 5.464571768224037562e+00 3.601612757364109907e+00 4.504098717239367389e+00 4.885175426493853834e+00 4.880092629366770574e+00 3.754012368009125744e+00 4.188301344080807453e+00 4.463522257376019375e+00 3.825674364156675389e-01 2.186545557538773554e+00
2.430290775158506555e+00 3.082373585853585674e+00 1.451858710962723231e+00 6.231005671163341475e+00 3.895047694736137878e+00 5.459206058065456446e+00 3.602089368869272779e+00 4.510331796797583337e+00 4.886738618397306944e+00 4.870901789241203872e+00 3.753691855005928613e+00 4.193462544814373416e+00 4.455175086855003741e+00 3.880094062134260002e-01 2.184889060732950306e+00
2.421913624880883464e+00 3.081967463382659922e+00 1.457845692645490576e+00 6.221325882934277018e+00 3.901226612420157114e+00 5.453000224639184879e+00 3.602605309294064195e+00 4.517388877916111767e+00 4.888522230168139693e+00 4.860232992798898088e+00 3.753285732535002861e+00 4.199449526497140539e+00 4.445495298625939284e+00 3.941883238974454584e-01 2.182978375760689094e+00
2.412290521522917786e+00 3.081441044128130358e+00 1.464726584313002622e+00 6.210236709719211490e+00 3.908149842331069657e+00 5.445914337487239187e+00 3.603157691059502010e+00 4.525258623589166973e+00 4.890546652951936579e+00 4.847988138136845926e+00 3.752759313280473297e+00 4.206330418164652585e+00 4.434406125410873756e+00 4.011115538083577237e-01 2.180823522465766828e+00
2.401401099965813302e+00 3.080769183798459210e+00 1.472517319153417770e+00 6.197729350202961562e+00 3.915765576154326411e+00 5.437951801234436999e+00 3.603731694382363404e+00 4.533861626384320331e+00 4.892811198844587040e+00 4.834148571901567770e+00 3.752087452950802149e+00 4.214121153005067733e+00 4.421898765894623828e+00 4.087272876316144221e-01 2.178444160320691658e+00
2.389331735214287544e+00 3.079937898196239310e+00 1.481155753819334731e+00 6.183909592911547293e+00 3.923943816330386358e+00 5.429188372328248136e+00 3.604301857547032917e+00 4.543028562829017680e+00 4.895290842716761404e+00 4.818825609223115869e+00 3.751256167348582249e+00 4.222759587670984693e+00 4.408079008603209559e+00 4.169055278076746474e-01 2.175881724650398308e+00
2.376314030901586438e+00 3.078950658073469793e+00 1.490474038749788122e+00 6.169041329181212951e+00 3.932463758851737268e+00 5.419797883363479230e+00 3.604834111864243518e+00 4.552489161585261179e+00 4.897931333918701391e+00 4.802309782991595277e+00 3.750268927225812288e+00 4.232077872601437640e+00 4.393210744872875217e+00 4.254254703290245576e-01 2.173205921407977304e+00
2.362744864134470379e+00 3.077834715508847463e+00 1.500184398820912479e+00 6.153568769274753159e+00 3.941019940137051591e+00 5.410063832900453562e+00 3.605291101701912471e+00 4.561885228015436944e+00 4.900648069177298005e+00 4.785096719293433942e+00 3.749152984661190402e+00 4.241788232672561776e+00 4.377738184966415425e+00 4.339816516143388259e-01 2.170513983086444831e+00
2.349163708695575004e+00 3.076642277674720205e+00 1.509896299917442342e+00 6.138092640087640106e+00 3.949257391094072922e+00 5.400362415784342396e+00 3.605641253268356383e+00 4.570817226879653639e+00 4.903333254060896707e+00 4.767860687002305475e+00 3.747960546827063144e+00 4.251500133769091860e+00 4.362262055779302372e+00 4.422191025713601009e-01 2.167920050242110541e+00
2.336173827389695479e+00 3.075442635457562357e+00 1.519174605887500418e+00 6.123285787819798820e+00 3.956833909357388546e+00 5.391109238574354201e+00 3.605868765814202348e+00 4.578918441478138313e+00 4.905872683664477485e+00 4.751358871611991219e+00 3.746760904609905296e+00 4.260778439739150159e+00 4.347455203511461086e+00 4.497956208346757800e-01 2.165535242177507591e+00
2.324324298438729119e+00 3.074306437303581330e+00 1.527625708398433924e+00 6.109764888914648751e+00 3.963488803025489116e+00 5.382680835372069872e+00 3.605979086476394535e+00 4.585929845929787696e+00 4.908167675690414455e+00 4.736285642132247453e+00 3.745624706455923381e+00 4.269229542250083220e+00 4.333934304606311017e+00 4.564505145027765165e-01 2.163444928659397970e+00
2.314000825308511811e+00 3.073289232411112959e+00 1.534976096433939619e+00 6.097968741361527556e+00 3.969087633282171179e+00 5.375341664124641206e+00 3.605995927311243854e+00 4.591741462013977149e+00 4.910153200403820861e+00 4.723134737171521991e+00 3.744607501563455454e+00 4.276579930285588915e+00 4.322138157053189822e+00 4.620493447594584135e-01 2.161693307059806113e+00
2.305373493746063929e+00 3.072422198910748747e+00 1.541108551154911632e+00 6.088096533710668723e+00 3.973624776869612241e+00 5.369208167896398542e+00 3.605951523323437158e+00 4.596384294915581314e+00 4.911804766635953889e+00 4.712130028666308590e+00 3.743740468063091686e+00 4.282712385006560929e+00 4.312265949402330989e+00 4.665864883468993640e-01 2.160281883790127200e+00
2.298414243325817452e+00 3.071712514526782734e+00 1.546047762324363362e+00 6.080123270914944200e+00 3.977190977731154931e+00 5.364259520791218705e+00 3.605876227393233435e+00 4.599986308119809131e+00 4.913133333942388603e+00 4.703243646693317181e+00 3.743030783679125673e+00 4.287651596176011992e+00 4.304292686606607354e+00 4.701526892084414433e-01 2.159180079039237921e+00
2.292958674422189258e+00 3.071149970031223475e+00 1.549914739169501399e+00 6.073866910761569038e+00 3.979928487836404294e+00 5.360379347122744775e+00 3.605792422855987223e+00 4.602720053535534817e+00 4.914173396611548839e+00 4.696271981050507804e+00 3.742468239183561973e+00 4.291518573021139815e+00 4.298036326453249067e+00 4.728901993136803150e-01 2.158340445501023552e+00
2.288775770523725051e+00 3.070714948579341019e+00 1.552876530045674164e+00 6.069066871132178242e+00 3.981993045777086238e+00 5.357403985546899783e+00 3.605713464595557749e+00 4.604762246040579932e+00 4.914970418512729644e+00 4.690923900952227221e+00 3.742033217731679517e+00 4.294480363897312358e+00 4.293236286823858272e+00 4.749547572543624252e-01 2.157711653049591227e+00
2.285622009337685334e+00 3.070384776525154180e+00 1.555107795610067845e+00 6.065446244192132852e+00 3.983530090256286904e+00 5.355160589724807352e+00 3.605645558120723848e+00 4.606270988006889944e+00 4.915571314966856953e+00 4.686890330055224041e+00 3.741703045677492678e+00 4.296711629461706039e+00 4.289615659883812882e+00 4.764918017335634248e-01 2.157246459837510510e+00
2.283273617026619462e+00 3.070137661838015841e+00 1.556768240716063900e+00 6.062749466647211705e+00 3.984663781650314984e+00 5.353490116992748682e+00 3.605590358705022425e+00 4.607377096224459123e+00 4.916018838143926040e+00 4.683886214373118584e+00 3.741455930990354783e+00 4.298372074567701873e+00 4.286918882338891734e+00 4.776254931275915050e-01 2.156905163648481505e+00
