5.889204487863582971e-01 4.465753814953408174e+00 4.976081318923082364e+00 2.099615807363504505e+00 5.971982152969344426e+00 4.688504100659453222e+00 1.231093575404812457e+00 8.674229933300436901e-01 5.124357305444848798e+00 1.575005751399763509e+00 2.425649101520047868e+00 5.740354180670721895e+00 6.343740656005543155e-01 3.990983491002477734e+00 1.174721117496464184e-01
7.402969332435507255e-01 4.567005917901536982e+00 5.166605519868957330e+00 2.253550362063067691e+00 5.944230186785111947e+00 4.758574781654412611e+00 1.200694126980343279e+00 8.372921246509920090e-01 5.199298000922713214e+00 1.602982913602147397e+00 2.526901204468176232e+00 5.930878381616597750e+00 7.883086203001177239e-01 3.963231524818245255e+00 -7.547745045411347053e-02
8.264940223786845230e-01 4.645393723946531495e+00 5.294042781561163480e+00 2.345875976898955440e+00 5.912885815535283918e+00 4.826629172539512069e+00 1.187666790664788197e+00 8.015088333813223942e-01 5.243700091377409223e+00 1.619844998571101424e+00 2.605289010513170744e+00 6.058315643308805676e+00 8.806342351360064713e-01 3.931887153568417670e+00 -2.022420399021337134e-01
7.646912352546562097e-01 4.625684884855367329e+00 5.244558758346601124e+00 2.283836776875980856e+00 5.890169223877178339e+00 4.812789026555142513e+00 1.229178789906850477e+00 8.172303353559078332e-01 5.228782338171930277e+00 1.609568029091429819e+00 2.585580171422006135e+00 6.008831620094242432e+00 8.185950351130313329e-01 3.909170561910310315e+00 -1.416016359006779524e-01
7.914287284549431645e-01 4.648050415457133155e+00 5.280271916011169075e+00 2.312094518539660193e+00 5.885042011532864770e+00 4.831771382431919726e+00 1.220848907301496755e+00 8.044322075380107018e-01 5.242449924872045308e+00 1.609801864434204477e+00 2.607945702023771073e+00 6.044544777758810383e+00 8.468527767767100034e-01 3.904043349565995857e+00 -1.793261273382458221e-01
7.712287367781565095e-01 4.639420543544443554e+00 5.262175209855322500e+00 2.291700866854125440e+00 5.879561459919664834e+00 4.825426624592734193e+00 1.233235793184928930e+00 8.108804645711165104e-01 5.236097865146937202e+00 1.608459340197413656e+00 2.599315830111080583e+00 6.026448071602963807e+00 8.264591250911751397e-01 3.898562797952796366e+00 -1.577802687762998590e-01
7.814182547463743855e-01 4.646840301176315080e+00 5.274485330119546234e+00 2.302316381499651232e+00 5.878994878106702515e+00 4.831560958334227607e+00 1.229089597675707690e+00 8.062910301656882606e-01 5.240847572595085602e+00 1.608358223075442295e+00 2.606735587742952553e+00 6.038758191867186653e+00 8.370746397367011538e-01 3.897996216139834935e+00 -1.712011542253607521e-01
7.743723922697783868e-01 4.643359002847907036e+00 5.267709840488558726e+00 2.295160864753928109e+00 5.877563159473454313e+00 4.828919568409719254e+00 1.233108442407116145e+00 8.087671917947827360e-01 5.238365857153126193e+00 1.608117547199580333e+00 2.603254289414546285e+00 6.031982702236198257e+00 8.299191229909760326e-01 3.896564497506584956e+00 -1.633042132227301158e-01
7.782192188448375791e-01 4.645922073457231072e+00 5.272097485828881602e+00 2.299139652061364281e+00 5.877623079644950899e+00 4.831003362283128766e+00 1.231363654304526323e+00 8.071228462719985952e-01 5.240047426906487615e+00 1.608100383067831096e+00 2.605817360023871210e+00 6.036370347576520246e+00 8.338979102984124259e-01 3.896624417678080210e+00 -1.681686943216762764e-01
7.757070271808057527e-01 4.644580767912097841e+00 5.269579499017814861e+00 2.296578082548883071e+00 5.877219292831085795e+00 4.829966941561233185e+00 1.232729669390122629e+00 8.080507950920171600e-01 5.239110670933299296e+00 1.608045936341740978e+00 2.604476054478737534e+00 6.033852360765453504e+00 8.313363407859311049e-01 3.896220630864215995e+00 -1.652703817155249666e-01
7.771405473872284864e-01 4.645486779826526913e+00 5.271162492764085883e+00 2.298055169388453667e+00 5.877296330102893762e+00 4.830695658102210466e+00 1.232044787539917197e+00 8.074584018037908040e-01 5.239713650374586251e+00 1.608047687803735970e+00 2.605382066393172824e+00 6.035435354511717421e+00 8.328134276255112489e-01 3.896297668136020853e+00 -1.670417937559569022e-01
7.762350134997572093e-01 4.644982182696778317e+00 5.270233036065459231e+00 2.297129569711217290e+00 5.877173651216764050e+00 4.830301702894108651e+00 1.232522960813268398e+00 8.078023049382248022e-01 5.239365469424831723e+00 1.608033230573539418e+00 2.604877469263423784e+00 6.034505897813090769e+00 8.318878279482722071e-01 3.896174989249891141e+00 -1.659794951362471849e-01
7.767648399965340067e-01 4.645306953122110727e+00 5.270807538240942947e+00 2.297674373831888328e+00 5.877213222670757631e+00 4.830561180372796137e+00 1.232262920909642734e+00 8.075877512091514943e-01 5.239583450941022846e+00 1.608035781979963996e+00 2.605202239688756194e+00 6.035080399988572708e+00 8.324326320689443559e-01 3.896214560703885610e+00 -1.666257454339379884e-01
7.764364475721485803e-01 4.645119532666871720e+00 5.270465875738234551e+00 2.297338222197897739e+00 5.877173552420832614e+00 4.830413995720373777e+00 1.232433359062697242e+00 8.077144539273908297e-01 5.239455019361617616e+00 1.608031494499368552e+00 2.605014819233488321e+00 6.034738737486148530e+00 8.320964804347177335e-01 3.896174890453866446e+00 -1.662368037166148116e-01
7.766313432885521006e-01 4.645236923466820045e+00 5.270675042399684429e+00 2.297538398325897013e+00 5.877190379855905533e+00 4.830507409457347023e+00 1.232336305073967297e+00 8.076364565675234752e-01 5.239534202221801884e+00 1.608032835560613716e+00 2.605132210033437534e+00 6.034947904147597519e+00 8.322966565627173408e-01 3.896191717888938921e+00 -1.664727878635499370e-01
7.765118382476947634e-01 4.645167795776575126e+00 5.270549749274948681e+00 2.297415968554097354e+00 5.877176950137068978e+00 4.830452941962669833e+00 1.232397712124606581e+00 8.076829823075868386e-01 5.239487018034417076e+00 1.608031462581739124e+00 2.605063082343192615e+00 6.034822611022861771e+00 8.321742267909177926e-01 3.896178288170103254e+00 -1.663304760436319918e-01
7.765833376516443343e-01 4.645210434182491355e+00 5.270626039588199419e+00 2.297489358119574998e+00 5.877183590279975611e+00 4.830486791326819684e+00 1.232361821240755884e+00 8.076545614562138375e-01 5.239515861419124398e+00 1.608032037474648401e+00 2.605105720749109288e+00 6.034898901336111621e+00 8.322476163563948814e-01 3.896184928313010776e+00 -1.664166912932593390e-01
7.765397624985136416e-01 4.645185036186232352e+00 5.270580154668899731e+00 2.297444695485026944e+00 5.877178902639861313e+00 4.830466741985900647e+00 1.232384084408840508e+00 8.076716134500039335e-01 5.239498564313176843e+00 1.608031574551119558e+00 2.605080322752851174e+00 6.034853016416812821e+00 8.322029537218470496e-01 3.896180240672896922e+00 -1.663646395272660450e-01
7.765659529133687178e-01 4.645200566565413247e+00 5.270608008438407488e+00 2.297471568591845870e+00 5.877181431117705301e+00 4.830479054215500945e+00 1.232370878865276520e+00 8.076612429752489941e-01 5.239509087423705580e+00 1.608031802123392140e+00 2.605095853132032069e+00 6.034880870186321467e+00 8.322298268286658640e-01 3.896182769150740022e+00 -1.663961466043656634e-01
7.765500461733899629e-01 4.645191255449575785e+00 5.270591217243820736e+00 2.297455260513570963e+00 5.877179763307409210e+00 4.830471696143812999e+00 1.232378979450990952e+00 8.076674858419111702e-01 5.239502754184460542e+00 1.608031640821923514e+00 2.605086542016192830e+00 6.034864078991735603e+00 8.322135187503914011e-01 3.896181101340445263e+00 -1.663771122550641024e-01
7.765596315567583341e-01 4.645196921188153638e+00 5.270601392510839034e+00 2.297465093758169541e+00 5.877180708537827591e+00 4.830476184320072974e+00 1.232374134316808645e+00 8.076636986950543884e-01 5.239506596807387950e+00 1.608031727593213667e+00 2.605092207754770683e+00 6.034874254258753901e+00 8.322233519949895353e-01 3.896182046570864088e+00 -1.663886282468667599e-01
7.765538212178917377e-01 4.645193511830915334e+00 5.270595250557451372e+00 2.297459135917350626e+00 5.877180108304424166e+00 4.830473488467673882e+00 1.232377087808159910e+00 8.076659828349717074e-01 5.239504279490529548e+00 1.608031670249126188e+00 2.605088798397524386e+00 6.034868112305373344e+00 8.322173941541554099e-01 3.896181446337450893e+00 -1.663816685775511561e-01
7.765573276545219006e-01 4.645195580662504042e+00 5.270598968882752366e+00 2.297462732612385317e+00 5.877180458173985045e+00 4.830475126580823009e+00 1.232375312920660049e+00 8.076645991792464896e-01 5.239505683367397637e+00 1.608031702706220312e+00 2.605090867229111762e+00 6.034871830630677003e+00 8.322209908491902119e-01 3.896181796207014436e+00 -1.663858781080178317e-01
7.765552045111981938e-01 4.645194333153302324e+00 5.270596722798139844e+00 2.297460555383962877e+00 5.877180240700071501e+00 4.830474139812451995e+00 1.232376391023538353e+00 8.076654346041558519e-01 5.239504835787641923e+00 1.608031682076142665e+00 2.605089619719906047e+00 6.034869584546061816e+00 8.322188136207623321e-01 3.896181578733104889e+00 -1.663833335650170275e-01
7.765564868522043529e-01 4.645195088971236785e+00 5.270598081824576120e+00 2.297461870648386917e+00 5.877180369496277201e+00 4.830474738121230516e+00 1.232375741415864701e+00 8.076649289430968270e-01 5.239505348829760933e+00 1.608031694093180697e+00 2.605090375537841840e+00 6.034870943572498092e+00 8.322201288851857059e-01 3.896181707529311034e+00 -1.663848723857981882e-01
7.765557108796649066e-01 4.645194632675921476e+00 5.270597260553998353e+00 2.297461074870074782e+00 5.877180290396862183e+00 4.830474377126298791e+00 1.232376135211501689e+00 8.076652344385080173e-01 5.239505038885754473e+00 1.608031686619947553e+00 2.605089919242528307e+00 6.034870122301917661e+00 8.322193331068765687e-01 3.896181628429897792e+00 -1.663839421042914712e-01
7.765561797727744686e-01 4.645194908883591545e+00 5.270597757321337617e+00 2.297461555784206855e+00 5.877180337666226606e+00 4.830474595741939048e+00 1.232375897574107926e+00 8.076650496152204539e-01 5.239505226405188232e+00 1.608031691044332412e+00 2.605090195450196600e+00 6.034870619069255149e+00 8.322198140210088635e-01 3.896181675699259994e+00 -1.663845046462203159e-01
7.765558961351516354e-01 4.645194742023356582e+00 5.270597457050707035e+00 2.297461264899100186e+00 5.877180308832632427e+00 4.830474463717225220e+00 1.232376041468380201e+00 8.076651613150140907e-01 5.239505113078084086e+00 1.608031688326427844e+00 2.605090028589959861e+00 6.034870318798623678e+00 8.322195231359021950e-01 3.896181646865666703e+00 -1.663841645438930428e-01
7.765560675728000462e-01 4.645194842977887539e+00 5.270597638645489802e+00 2.297461440728273185e+00 5.877180326151389522e+00 4.830474543615209448e+00 1.232375954561086617e+00 8.076650937547797948e-01 5.239505181623534291e+00 1.608031689950328191e+00 2.605090129544489930e+00 6.034870500393405557e+00 8.322196989650754162e-01 3.896181664184423354e+00 -1.663843701939333453e-01
7.765559638892540750e-01 4.645194781967211917e+00 5.270597528866178827e+00 2.297461334393767984e+00 5.877180315627657414e+00 4.830474495338802576e+00 1.232376007151628761e+00 8.076651345934862114e-01 5.239505140189717025e+00 1.608031688959636440e+00 2.605090068533814751e+00 6.034870390614094582e+00 8.322195926305698821e-01 3.896181653660691691e+00 -1.663842458571789529e-01
