3.768136996065843292e+00 3.138379778754208260e+00 4.129699433175180623e+00 6.179790274180308352e+00 2.318771844349212685e+00 3.646420894418705760e+00 1.470383946464070668e+00 7.503536907289928282e-01 2.983926170620473606e+00 3.256244808698290694e+00 1.673029514988202626e+00 4.825950206505813078e+00 1.654996289674506293e+00 1.507138722858297086e+00 4.491793126178339257e+00
3.707993220599637763e+00 3.131102361444005222e+00 4.204228049607110940e+00 6.180366053737522236e+00 2.337227086979743351e+00 3.556747286762762528e+00 1.324670806935897671e+00 8.736227188488454587e-01 3.094950464815631186e+00 3.094519572559876863e+00 1.665752097677999366e+00 4.900478822937743395e+00 1.655572069231719512e+00 1.525593965488827974e+00 4.470873202943652203e+00
3.681529802018356001e+00 3.127528047499519293e+00 4.239667237258355037e+00 6.175347968468479998e+00 2.345426763214915500e+00 3.512933270131248786e+00 1.247515978737405051e+00 9.428983589867951931e-01 3.146620084149565955e+00 3.010784503533040724e+00 1.662177783733513214e+00 4.935918010588990157e+00 1.650553983962677718e+00 1.533793641724000567e+00 4.463481828512308347e+00
3.667933076099381129e+00 3.125825002600830071e+00 4.258504561894514318e+00 6.171363308953307758e+00 2.349213004277984407e+00 3.489193314905236321e+00 1.203963394873509785e+00 9.831062649102568773e-01 3.173908213049912330e+00 2.964039952446961390e+00 1.660474738834824437e+00 4.954755335225150326e+00 1.646569324447506144e+00 1.537579882787069252e+00 4.461144890570419186e+00
3.661140822443098131e+00 3.123887974842805448e+00 4.269282260276987095e+00 6.167691923862523851e+00 2.352113369472922599e+00 3.474997243281686909e+00 1.177698331134265475e+00 1.007480924475740780e+00 3.190173118494833204e+00 2.935872124298716912e+00 1.658537711076799814e+00 4.965533033607623103e+00 1.642897939356722459e+00 1.540480247982007445e+00 4.459445799003929345e+00
3.656511832921755634e+00 3.123304082397759807e+00 4.276019897721872631e+00 6.165827257973020892e+00 2.353245235364563648e+00 3.466332087437236975e+00 1.161300234680160193e+00 1.022937121051288312e+00 3.199981572225889526e+00 2.918386215999226874e+00 1.657953818631753728e+00 4.972270671052508639e+00 1.641033273467219056e+00 1.541612113873648715e+00 4.459228043820750109e+00
3.654454525279316801e+00 3.122142506530451556e+00 4.279982170801210017e+00 6.163844741337605626e+00 2.354682554740554767e+00 3.460814305178586014e+00 1.151045687468883250e+00 1.032508115153568218e+00 3.206277178008419160e+00 2.907374519881696262e+00 1.656792242764445700e+00 4.976232944131846025e+00 1.639050756831804012e+00 1.543049433249640057e+00 4.458388486955876751e+00
3.652392069652008466e+00 3.122211853827810302e+00 4.282712418359471584e+00 6.163330570669107722e+00 2.354801198876234292e+00 3.457424901343980839e+00 1.144472256387641051e+00 1.038796708331473750e+00 3.210080692307061057e+00 2.900406533042685364e+00 1.656861590061804224e+00 4.978963191690107593e+00 1.638536586163306330e+00 1.543168077385319803e+00 4.458701186899227231e+00
3.651986849168041172e+00 3.121351546604029803e+00 4.284159236143668892e+00 6.162131493443771646e+00 2.355748721678515345e+00 3.455177756087093321e+00 1.140393905057839330e+00 1.042560800441151736e+00 3.212658157267544556e+00 2.895986899699448003e+00 1.656001282838023503e+00 4.980410009474307564e+00 1.637337508937969366e+00 1.544115600187601522e+00 4.458002808861134980e+00
3.650759685788021791e+00 3.121793286136093304e+00 4.285383507221450117e+00 6.162312279728534570e+00 2.355385628342018922e+00 3.453860824842455823e+00 1.137697911151291708e+00 1.045210145198465224e+00 3.214112538254153772e+00 2.893174271804170861e+00 1.656443022370086782e+00 4.981634280552087901e+00 1.637518295222730957e+00 1.543752506851105322e+00 4.458562788924949061e+00
3.651065893777590166e+00 3.120975572833791567e+00 4.285814787227041123e+00 6.161371805313984318e+00 2.356226206622073605e+00 3.452904425848522862e+00 1.136102070883008963e+00 1.046613302331039774e+00 3.215231003667222698e+00 2.891393360398943013e+00 1.655625309067784601e+00 4.982065560557678019e+00 1.636577820808180261e+00 1.544593085131160004e+00 4.457810779473903473e+00
3.650058222680924835e+00 3.121674166356593449e+00 4.286474159945072415e+00 6.161943507577424484e+00 2.355569293492338012e+00 3.452429048007398027e+00 1.134955202326535906e+00 1.047818596588800721e+00 3.215728943916978722e+00 2.890251567860891324e+00 1.656323902590586039e+00 4.982724933275709311e+00 1.637149523071619317e+00 1.543936172001424634e+00 4.458566037129111592e+00
3.650757224229325804e+00 3.120762260691435142e+00 4.286462454270078659e+00 6.161003309452539156e+00 2.356478038354920646e+00 3.451980041438002633e+00 1.134373738978965207e+00 1.048238008343876704e+00 3.216279690983841366e+00 2.889536500744368741e+00 1.655411996925424845e+00 4.982713227600713779e+00 1.636209324946733101e+00 1.544844916864007267e+00 4.457674479841711168e+00
3.649710245253575458e+00 3.121692340050845171e+00 4.286935627047230746e+00 6.161857260945470038e+00 2.355578023988765590e+00 3.451857815907333649e+00 1.133838768847069911e+00 1.048891359432088111e+00 3.216370873814499820e+00 2.889068386258569987e+00 1.656342076284839093e+00 4.983186400377861425e+00 1.637063276439646442e+00 1.543944902497862426e+00 4.458635935120466520e+00
3.650706972593772193e+00 3.120601107203455626e+00 4.286699906776469504e+00 6.160781679702651559e+00 2.356653131473971818e+00 3.451598630593499362e+00 1.133683184509841180e+00 1.048876521293988340e+00 3.216716171487630227e+00 2.888785605733062312e+00 1.655250843437449326e+00 4.982950680107100183e+00 1.635987695196828184e+00 1.545020009983068432e+00 4.457544067704069413e+00
3.649487449958846774e+00 3.121783064008711861e+00 4.287148547206183657e+00 6.161902328941663676e+00 2.355499855154974842e+00 3.451636262824155033e+00 1.133378361853348615e+00 1.049346865961291897e+00 3.216616317554027660e+00 2.888588323795969970e+00 1.656432800242709336e+00 4.983399320536816113e+00 1.637108344435838303e+00 1.543866733664068569e+00 4.458748845212365808e+00
3.650778839174679380e+00 3.120442926957672114e+00 4.286765737332219217e+00 6.160602271171014443e+00 2.356815149303348012e+00 3.451435002961592780e+00 1.133414669894857507e+00 1.049111220095519492e+00 3.216908292832378891e+00 2.888482029789708694e+00 1.655092663191668700e+00 4.983016510662857002e+00 1.635808286665189071e+00 1.545182027812444847e+00 4.457397206698967551e+00
3.649294901021741033e+00 3.121923736264728522e+00 4.287267364328479324e+00 6.162020377838095087e+00 2.355366490914660993e+00 3.451558658152772630e+00 1.133181431076653922e+00 1.049557810622738785e+00 3.216697842106512439e+00 2.888392286340375037e+00 1.656573472498725108e+00 4.983518137659117109e+00 1.637226393332269492e+00 1.543733369423758273e+00 4.458899798221798605e+00
3.650922622263805817e+00 3.120263244973702665e+00 4.286754665773516493e+00 6.160418057152966753e+00 2.356994199530532796e+00 3.451357404435415166e+00 1.133319799087694868e+00 1.049176681463645622e+00 3.217005354284466989e+00 2.888359328003550441e+00 1.654912981207699030e+00 4.983005439104153389e+00 1.635624072647140492e+00 1.545361078039630298e+00 4.457220607010123459e+00
3.649089528123053316e+00 3.122110133268215293e+00 4.287355943141795578e+00 6.162192403741491908e+00 2.355185893289062804e+00 3.451542516598090860e+00 1.133088784527572335e+00 1.049676308730391083e+00 3.216708595307501639e+00 2.888310530794512498e+00 1.656759869502211879e+00 4.983606716472432474e+00 1.637398419235664759e+00 1.543552771798160084e+00 4.459091918702620561e+00
3.651123606306855063e+00 3.120046629045941433e+00 4.286703069575075631e+00 6.160204589978878431e+00 2.357207892119996373e+00 3.451312159123028689e+00 1.133298883438793592e+00 1.049166445591510843e+00 3.217068608883647318e+00 2.888309565554497471e+00 1.654696365279937353e+00 4.982953842905715192e+00 1.635410605473050394e+00 1.545574770629091876e+00 4.457003343939254236e+00
3.648847880271214095e+00 3.122346757529855577e+00 4.287441927671244990e+00 6.162416613403197019e+00 2.354955226698798310e+00 3.451555394285286127e+00 1.133035572984715911e+00 1.049765521730136042e+00 3.216685149519121989e+00 2.888274078396666056e+00 1.656996493763852163e+00 4.983692701001885439e+00 1.637622628897369204e+00 1.543322105207892703e+00 4.459332774387111620e+00
3.651382720193026898e+00 3.119779995302579767e+00 4.286623260145857373e+00 6.159945303226919577e+00 2.357470101612508806e+00 3.451277133714791834e+00 1.133312652969374890e+00 1.049116632752095546e+00 3.217123916734059730e+00 2.888288844121200238e+00 1.654429731536576353e+00 4.982874033476497821e+00 1.635151318721091096e+00 1.545836980121602533e+00 4.456734063922163536e+00
3.648552962479533424e+00 3.122643176031248746e+00 4.287538708560759915e+00 6.162699628923415496e+00 2.354665817447197718e+00 3.451585396721937649e+00 1.132995093915216689e+00 1.049853004029788650e+00 3.216640896817155593e+00 2.888254582892935129e+00 1.657292912265247331e+00 4.983789481891400364e+00 1.637905644417586570e+00 1.543032695956291889e+00 4.459633253705720612e+00
3.651708889074056774e+00 3.119449580622784435e+00 4.286517179225916685e+00 6.159625213108650854e+00 2.357794817177287783e+00 3.451242955057477246e+00 1.133346638923164784e+00 1.049039710293943939e+00 3.217183058820202390e+00 2.888279035484338397e+00 1.654099316856783464e+00 4.982767952556556246e+00 1.634831228602822817e+00 1.546161695686382842e+00 4.456399572049975610e+00
3.648188609178499409e+00 3.123012887687386385e+00 4.287654360343219118e+00 6.163053233678686738e+00 2.354304822923451557e+00 3.451629367389113856e+00 1.132956092285374972e+00 1.049952387537114173e+00 3.216579474458206356e+00 2.888239929241108062e+00 1.657662623921390077e+00 4.983905133673856902e+00 1.638259249172859144e+00 1.542671701432540843e+00 4.460007479416947085e+00
3.652116340308713127e+00 3.119039353724615715e+00 4.286381756992184933e+00 6.159227990014795928e+00 2.358198069357455573e+00 3.451205468475247340e+00 1.133396896392245612e+00 1.048938069018642727e+00 3.217252396609497911e+00 2.888272215616789040e+00 1.653689089958619851e+00 4.982632530322822717e+00 1.634434005508968113e+00 1.546564947866544415e+00 4.455983894016159574e+00
3.647736827517021219e+00 3.123473296016519907e+00 4.287795311853684233e+00 6.163493437154531129e+00 2.353855502804725663e+00 3.451688275558162822e+00 1.132913645218997178e+00 1.050072272752507585e+00 3.216500093417928863e+00 2.888224248544148054e+00 1.658123032250519824e+00 4.984046085184325570e+00 1.638699452648704202e+00 1.542222381313815394e+00 4.460473206985865247e+00
3.652623983973074306e+00 3.118529950558535990e+00 4.286210848448534172e+00 6.158734329183503498e+00 2.358699145323652768e+00 3.451162786804709004e+00 1.133464418203709023e+00 1.048809413154788706e+00 3.217336414419317503e+00 2.888264236969626531e+00 1.653179686792536573e+00 4.982461621779175509e+00 1.633940344677677459e+00 1.547066023832742276e+00 4.455467462601288453e+00
3.647176284795521362e+00 3.124046209041476452e+00 4.287967866418115115e+00 6.164040539297865884e+00 2.353296858121717072e+00 3.451765590367481540e+00 1.132865598220123227e+00 1.050219965279469037e+00 3.216399560294524118e+00 2.888203708557924632e+00 1.658695945275476369e+00 4.984218639748755564e+00 1.639246554792040733e+00 1.541663736630806580e+00 4.461052494282389702e+00
