2.819475933298698944e+00 5.121912245669630437e+00 5.412951655750786628e+00 1.814163230452409570e+00 6.570872526598059427e-02 1.594760375165963584e+00 3.089668332036138998e-01 4.343971244683607402e+00 3.363994571111162735e+00 1.445746517511637075e+00 2.146133089879639577e+00 2.510441997108403100e+00 2.025869255342784392e+00 2.853926579389171270e+00 5.287727717017809859e+00
2.613104466213886479e+00 5.133202062140986399e+00 5.458908735292490100e+00 1.963295313875227377e+00 -7.514390442476309717e-02 1.596878496358633992e+00 1.383665785733180220e-01 4.249208291161659545e+00 3.505265366170050356e+00 1.296215825986930081e+00 2.157422906350995540e+00 2.556399076650107904e+00 2.175001338765602643e+00 2.713073949698427523e+00 5.249464833090947025e+00
2.517178377721739135e+00 5.187720507369173006e+00 5.523412223975005197e+00 2.000486940067256469e+00 -1.093553191541551117e-01 1.627260796462694836e+00 7.466407703487244751e-02 4.192397868059546617e+00 3.612255533708689903e+00 1.195432022664405958e+00 2.211941351579182147e+00 2.620902565332623002e+00 2.212192964957631514e+00 2.678862534969035369e+00 5.277525831687799318e+00
2.471097496810133354e+00 5.193526733788450755e+00 5.530857521846639813e+00 2.035572393364822208e+00 -1.380941660865686038e-01 1.629574475504793174e+00 3.450182055176641283e-02 4.183108196578644744e+00 3.641868921735168296e+00 1.159226321692656381e+00 2.217747577998459452e+00 2.628347863204258061e+00 2.247278418255196808e+00 2.650123688036622127e+00 5.265567923997928723e+00
2.456423475018883806e+00 5.209094966904784130e+00 5.546984324480266793e+00 2.037690893646900037e+00 -1.416165689818427165e-01 1.641257571097401113e+00 2.705220581443303768e-02 4.170167880315339026e+00 3.665370577215566250e+00 1.141423704367216185e+00 2.233315811114793270e+00 2.644474665837885485e+00 2.249396918537274193e+00 2.646601285141347848e+00 5.278342341414445471e+00
2.444689175740797360e+00 5.208363959009330912e+00 5.546349808329820164e+00 2.048197073494183673e+00 -1.493877414445212437e-01 1.639981840094084875e+00 1.571340406274530227e-02 4.170548061704121068e+00 3.670304552551848953e+00 1.132967154940307974e+00 2.232584803219340053e+00 2.643840149687438856e+00 2.259903098384556497e+00 2.638830112678669515e+00 5.272253083794232076e+00
2.441942270252207337e+00 5.213250633413933244e+00 5.551307821789519537e+00 2.047422031457483804e+00 -1.495370526989611704e-01 1.643922513665535545e+00 1.508335342549961197e-02 4.166506690684848024e+00 3.676785772271182307e+00 1.128903617296872053e+00 2.237471477623941940e+00 2.648798163147138673e+00 2.259128056347855740e+00 2.638680801424230005e+00 5.277042151403771086e+00
2.438741752714225441e+00 5.212473954029210432e+00 5.550538730277128963e+00 2.050653112904915698e+00 -1.517958977488178540e-01 1.643069695307073808e+00 1.174467638283799298e-02 4.167160649444342724e+00 3.677504124399247676e+00 1.126799417851034102e+00 2.236694798239220017e+00 2.648029071634750764e+00 2.262359137795288078e+00 2.636421956374373377e+00 5.274656302544713071e+00
2.438285508047827399e+00 5.214005726485905434e+00 5.552085743240140481e+00 2.050075829041869024e+00 -1.516094527962452143e-01 1.644342785319007350e+00 1.192754809877456454e-02 4.165886026394152175e+00 3.679344116914593510e+00 1.125841136521125163e+00 2.238226570695915463e+00 2.649576084597757841e+00 2.261781853932250730e+00 2.636608401326944850e+00 5.276335083301122886e+00
2.437389796289550326e+00 5.213619731581816019e+00 5.551699880164922440e+00 2.051085903852050141e+00 -1.522891889184470049e-01 1.643958629440874786e+00 1.092452822368318241e-02 4.166215218109093676e+00 3.679365664460923391e+00 1.125316055505534152e+00 2.237840575791826048e+00 2.649190221522539357e+00 2.262791928742432290e+00 2.635928665204743115e+00 5.275459378974155733e+00
2.437347438209406025e+00 5.214108199387920806e+00 5.552192502819939257e+00 2.050814522360676406e+00 -1.521669816730919778e-01 1.644372057849204039e+00 1.108034717183415882e-02 4.165807097874649756e+00 3.679903318057898165e+00 1.125089317592291360e+00 2.238329043597930390e+00 2.649682844177556174e+00 2.262520547251059000e+00 2.636050872450098392e+00 5.276040712935485821e+00
2.437089127706687286e+00 5.213946357759227546e+00 5.552030273380083258e+00 2.051137557413164725e+00 -1.523780030408629915e-01 1.644218013190828387e+00 1.077075091316139627e-02 4.165944703852391129e+00 3.679855972088069915e+00 1.124957642541182468e+00 2.238167201969216258e+00 2.649520614737679747e+00 2.262843582303484702e+00 2.635839851082389718e+00 5.275726045471377468e+00
2.437102456129656591e+00 5.214105453188476069e+00 5.552190606363840431e+00 2.051026028417290981e+00 -1.523213746504917809e-01 1.644354445544167875e+00 1.084718434563685177e-02 4.165811450382293835e+00 3.680018109157923600e+00 1.124904425470842240e+00 2.238326297398465670e+00 2.649680947721437363e+00 2.262732053307610958e+00 2.635896479472761289e+00 5.275927532230380024e+00
2.437025512070887245e+00 5.214042333948034624e+00 5.552127252412728531e+00 2.051131628516217553e+00 -1.523887241108915214e-01 1.644295829595955327e+00 1.074897754449699247e-02 4.165864949613681922e+00 3.679988209672949484e+00 1.124871100161167981e+00 2.238263178158024225e+00 2.649617593770325019e+00 2.262837653406537530e+00 2.635829130012361077e+00 5.275815476013847594e+00
2.437037022236183681e+00 5.214095137015867465e+00 5.552180440021252217e+00 2.051088551924912018e+00 -1.523655048037303728e-01 1.644341560871116936e+00 1.078105797890139411e-02 4.165820651771164229e+00 3.680038623027131361e+00 1.124858822477041054e+00 2.238315981225860618e+00 2.649670781378845152e+00 2.262794576815235548e+00 2.635852349319522947e+00 5.275885524391171089e+00
2.437013364260318227e+00 5.214071450894994797e+00 5.552156647535269052e+00 2.051123712236974761e+00 -1.523875072048469503e-01 1.644319888778504879e+00 1.074914584214824165e-02 4.165840685057682791e+00 3.680024896819749980e+00 1.124850275453655346e+00 2.238292295104987506e+00 2.649646988892861099e+00 2.262829737127299623e+00 2.635830346918405898e+00 5.275845812286453551e+00
2.437019067518821913e+00 5.214089242535496993e+00 5.552174562197478735e+00 2.051107635751206804e+00 -1.523785415618745531e-01 1.644335412389911211e+00 1.076168400827032592e-02 4.165825742277864840e+00 3.680041006849413154e+00 1.124847525259630387e+00 2.238310086745489702e+00 2.649664903555070783e+00 2.262813660641531666e+00 2.635839312561377934e+00 5.275870232636804324e+00
2.437011580363948937e+00 5.214080555212297519e+00 5.552165831650601291e+00 2.051119512484777641e+00 -1.523858655985706467e-01 1.644327538030107005e+00 1.075110683999017970e-02 4.165833079658964877e+00 3.680035400735152784e+00 1.124845294252658556e+00 2.238301399422290672e+00 2.649656173008193338e+00 2.262825537375102947e+00 2.635831988524681702e+00 5.275856200842149235e+00
2.437013987921502700e+00 5.214086619364322495e+00 5.552171936075867897e+00 2.051113635948603520e+00 -1.523825193456425087e-01 1.644332858211427384e+00 1.075581962955118528e-02 4.165827982379609828e+00 3.680040668949437599e+00 1.124844709204893656e+00 2.238307463574316092e+00 2.649662277433459945e+00 2.262819660838928826e+00 2.635835334777609784e+00 5.275864732167626414e+00
2.437011559035227481e+00 5.214083478743618549e+00 5.552168778838388441e+00 2.051117691651564545e+00 -1.523849929992746877e-01 1.644330028870267357e+00 1.075225902970417154e-02 4.165830632562486535e+00 3.680038508701403810e+00 1.124844113786864330e+00 2.238304322953613035e+00 2.649659120195979600e+00 2.262823716541889851e+00 2.635832861123977633e+00 5.275859783973161576e+00
2.437012503162649502e+00 5.214085563349578401e+00 5.552170876871419303e+00 2.051115571771449986e+00 -1.523837697043487760e-01 1.644331865028497264e+00 1.075398947248858150e-02 4.165828879303011156e+00 3.680040263702860415e+00 1.124844001219023060e+00 2.238306407559559119e+00 2.649661218229005577e+00 2.262821596661778845e+00 2.635834084418896772e+00 5.275862768915878576e+00
2.437011699138444953e+00 5.214084438587515358e+00 5.552169745922642896e+00 2.051116967869686114e+00 -1.523846143457197599e-01 1.644330855867492946e+00 1.075277668032429204e-02 4.165829827850053846e+00 3.680039458398239649e+00 1.124843838019692344e+00 2.238305282797508067e+00 2.649660087280226062e+00 2.262822992760012308e+00 2.635833239777529258e+00 5.275861026313934055e+00
2.437012054740750777e+00 5.214085159637326328e+00 5.552170471512641647e+00 2.051116209753742314e+00 -1.523841730244834825e-01 1.644331492799607997e+00 1.075340273622323560e-02 4.165829221156847062e+00 3.680040051484189334e+00 1.124843821152207157e+00 2.238306003847318593e+00 2.649660812870224813e+00 2.262822234644068509e+00 2.635833681098765702e+00 5.275862071798528952e+00
2.437011784342722365e+00 5.214084759338284414e+00 5.552170068955262217e+00 2.051116693131068036e+00 -1.523844637595269946e-01 1.644331134628863600e+00 1.075298603064923572e-02 4.165829558604493776e+00 3.680039757307598247e+00 1.124843775042305927e+00 2.238305603548277567e+00 2.649660410312845382e+00 2.262822718021392454e+00 2.635833390363724327e+00 5.275861458672799209e+00
2.437011915081995106e+00 5.214085009852925445e+00 5.552170321021479893e+00 2.051116423579246728e+00 -1.523843059245360287e-01 1.644331356368890162e+00 1.075321035549446982e-02 4.165829347758145396e+00 3.680039959906540759e+00 1.124843774648784711e+00 2.238305854062917710e+00 2.649660662379062614e+00 2.262822448469571590e+00 2.635833548198715626e+00 5.275861825129783078e+00
2.437011823046861370e+00 5.214084867989560834e+00 5.552170178344158380e+00 2.051116591637442088e+00 -1.523844065829400296e-01 1.644331229672993944e+00 1.075306627049977398e-02 4.165829467314393852e+00 3.680039853829422114e+00 1.124843761190153391e+00 2.238305712199552211e+00 2.649660519701740657e+00 2.262822616527766506e+00 2.635833447540312680e+00 5.275861609541824038e+00
2.437011870386748047e+00 5.214084955300647195e+00 5.552170266189639491e+00 2.051116496172376014e+00 -1.523843504617769795e-01 1.644331307066438930e+00 1.075314613419906667e-02 4.165829393813336168e+00 3.680039923587976158e+00 1.124843762401236846e+00 2.238305799510637240e+00 2.649660607547223101e+00 2.262822521062699099e+00 2.635833503661475952e+00 5.275861738056989658e+00
2.437011838780923867e+00 5.214084905170038198e+00 5.552170215768107653e+00 2.051116554774325085e+00 -1.523843854571745315e-01 1.644331262353015743e+00 1.075309608717143692e-02 4.165829436053248180e+00 3.680039885662510279e+00 1.124843758342244149e+00 2.238305749380029130e+00 2.649660557125690374e+00 2.262822579664649059e+00 2.635833468666078261e+00 5.275861662285110221e+00
2.437011855752946765e+00 5.214084935668039655e+00 5.552170246451207269e+00 2.051116521054668684e+00 -1.523843655806523811e-01 1.644331289414068920e+00 1.075312439692064151e-02 4.165829410375333275e+00 3.680039909819746935e+00 1.124843759096744389e+00 2.238305779878031476e+00 2.649660587808789991e+00 2.262822545944992214e+00 2.635833488542600467e+00 5.275861707371274356e+00
2.437011844828715912e+00 5.214084917988280665e+00 5.552170228668048324e+00 2.051116541531655901e+00 -1.523843777833090440e-01 1.644331273658733661e+00 1.075310695726769752e-02 4.165829425270315411e+00 3.680039896337554683e+00 1.124843757834232960e+00 2.238305762198272486e+00 2.649660570025631490e+00 2.262822566421978543e+00 2.635833476339942472e+00 5.275861680748159088e+00
