3.631853167168542562e+00 4.865502804812003923e+00 6.163814300784422606e-01 4.194070998465079469e+00 2.755542521322531524e+00 3.046350297569067056e+00 3.629029022888482281e+00 3.690090079881399365e+00 3.348245210522658777e+00 5.244593858333062464e+00 3.558192515887623308e+00 4.459177460923091640e-01 2.559045963475945040e+00 5.310076728422411740e+00 5.060652372171089652e+00
3.643789632354987429e+00 4.859062799086958151e+00 6.194387138721025865e-01 4.163701969933002900e+00 2.789678655602006341e+00 3.015806020554209876e+00 3.694431538342582755e+00 3.728904964990807258e+00 3.402703054565783258e+00 5.218665225195967317e+00 3.551752510162578425e+00 4.489750298859697675e-01 2.528676934943868915e+00 5.344212862701886557e+00 5.034777923991375026e+00
3.634364582685807754e+00 4.872352808603615415e+00 6.074981234590973722e-01 4.155269623453257566e+00 2.804756116415359379e+00 2.998561865527670456e+00 3.728988059148509837e+00 3.740323394525682854e+00 3.426792300159061444e+00 5.189173648582831255e+00 3.565042519679235244e+00 4.370344394729647752e-01 2.520244588464123581e+00 5.359290323515240040e+00 5.027582902167917922e+00
3.625525660852487508e+00 4.884231880805804948e+00 5.968128151166312012e-01 4.151077420233574067e+00 2.814531774854857726e+00 2.986769786326849641e+00 3.752573767719109998e+00 3.747513628966931520e+00 3.443034398134915186e+00 5.166655508198401137e+00 3.576921591881424334e+00 4.263491311304986597e-01 2.516052385244440082e+00 5.369065981954738831e+00 5.023326051399764403e+00
3.618757095260690893e+00 4.893451770515746091e+00 5.883585827340501728e-01 4.148383412536359671e+00 2.821633836846526577e+00 2.978138298412120299e+00 3.769966360183461873e+00 3.753153687281044260e+00 3.455280743979642910e+00 5.149664353849385812e+00 3.586141481591365032e+00 4.178948987479177424e-01 2.513358377547225242e+00 5.376168043946408126e+00 5.020035103248119412e+00
3.613454773495899719e+00 4.900739257241611746e+00 5.815815924943208426e-01 4.146571567310979312e+00 2.826971051429781667e+00 2.971606557804222781e+00 3.783196272987100706e+00 3.757637915168658971e+00 3.464764754888966625e+00 5.136505821471975430e+00 3.593428968317229355e+00 4.111179085081885787e-01 2.511546532321845326e+00 5.381505258529663216e+00 5.017437526615013965e+00
3.609203413723554021e+00 4.906613821157968403e+00 5.760628305971828844e-01 4.145310657400915311e+00 2.831095624467338645e+00 2.966525194018485134e+00 3.793525391689398507e+00 3.761248371436019866e+00 3.472274364478053599e+00 5.126073065654114025e+00 3.599303532233585567e+00 4.055991466110511201e-01 2.510285622411781770e+00 5.385629831567221082e+00 5.015356162403549867e+00
3.605729315350619579e+00 4.911430022679733831e+00 5.715042909093404067e-01 4.144407049888735095e+00 2.834359169843736037e+00 2.962480239175839802e+00 3.801768785059445932e+00 3.764194521598472676e+00 3.478335522775647615e+00 5.117636097476865764e+00 3.604119733755350996e+00 4.010406069232086423e-01 2.509382014899601110e+00 5.388893376943618030e+00 5.013663939791048740e+00
3.602846118645559592e+00 4.915435010147723993e+00 5.676919811672941352e-01 4.143742995104457982e+00 2.836992870233655761e+00 2.959198446448800368e+00 3.808469467603635916e+00 3.766629385398041485e+00 3.483307836845460859e+00 5.110699615815511798e+00 3.608124721223341158e+00 3.972282971811622043e-01 2.508717960115324441e+00 5.391527077333537754e+00 5.012269537588181834e+00
3.600422691223156946e+00 4.918805441987951887e+00 5.644695457571464736e-01 4.143244315980731507e+00 2.839153585769252253e+00 2.956493415193898855e+00 3.814000363435120722e+00 3.768664966523072479e+00 3.487443437829362392e+00 5.104917659647777661e+00 3.611495153063568608e+00 3.940058617710147093e-01 2.508219280991597966e+00 5.393687792869134690e+00 5.011106731486020927e+00
3.598364056194673921e+00 4.921670639760447052e+00 5.617206038992252903e-01 4.142862763656903091e+00 2.840950915180423753e+00 2.954234133224717951e+00 3.818624900693430746e+00 3.770384131690918128e+00 3.490923470276161122e+00 5.100041998179078107e+00 3.614360350836062441e+00 3.912569199130925268e-01 2.507837728667769106e+00 5.395485122280306634e+00 5.010126822977859717e+00
3.596599685424890058e+00 4.924127342432621290e+00 5.593569652821478444e-01 4.142566043113373730e+00 2.842463491703811851e+00 2.952326040664798423e+00 3.822533944234718373e+00 3.771849057135294281e+00 3.493881054355427285e+00 5.095890174443525211e+00 3.616817053508236235e+00 3.888932812960154695e-01 2.507541008124240633e+00 5.396997698803694732e+00 5.009293436754148843e+00
3.595076064856493669e+00 4.926249327672368672e+00 5.573106806636143329e-01 4.142331981548475817e+00 2.843749081183375438e+00 2.950699268957655885e+00 3.825868945675462207e+00 3.773107093055743544e+00 3.496416044688904545e+00 5.092325173393832394e+00 3.618939038747996495e+00 3.868469966774787383e-01 2.507306946559351601e+00 5.398283288283242776e+00 5.008578971375539091e+00
3.593751822883973546e+00 4.928093837645104003e+00 5.555285937795348961e-01 4.142145008850876664e+00 2.844851019919210522e+00 2.949301114945044766e+00 3.828736861190153551e+00 3.774194828027653603e+00 3.498604736529032699e+00 5.089242133660861533e+00 3.620783548720731382e+00 3.850649097933991905e-01 2.507119973861752449e+00 5.399385227019077860e+00 5.007962164528985127e+00
3.592594447605981234e+00 4.929705969951216460e+00 5.539685425376883465e-01 4.141993970406197434e+00 2.845802430701595220e+00 2.948091090320205332e+00 3.831220018211839662e+00 3.775140927465403529e+00 3.500506395204928456e+00 5.086559440670247234e+00 3.622395681026843395e+00 3.835048585515525854e-01 2.506968935417072775e+00 5.400336637801462558e+00 5.007426404010104193e+00
3.591578019079398665e+00 4.931121742537273533e+00 5.525966643054103233e-01 4.141870731141870543e+00 2.846629053198380443e+00 2.947037582282786783e+00 3.833382800026219339e+00 3.775968139310509120e+00 3.502167743898336738e+00 5.084212616127525841e+00 3.623811453612899580e+00 3.821329803192746177e-01 2.506845696152745884e+00 5.401163260298247337e+00 5.006958539931777530e+00
3.590681607770628503e+00 4.932370275149570382e+00 5.513854526437497183e-01 4.141769262756033854e+00 2.847351187740204903e+00 2.946115549119885824e+00 3.835276275065785168e+00 3.776694730309455572e+00 3.503626110442250141e+00 5.082150036132234483e+00 3.625059986220944719e+00 3.809217686595210983e-01 2.506744227766330990e+00 5.401885394844015309e+00 5.006548037275959651e+00
3.589888120979078945e+00 4.933475369873317362e+00 5.503123340415675413e-01 4.141685033644422198e+00 2.847985058136325076e+00 2.945304896829137320e+00 3.836941467616800772e+00 3.777335528766342154e+00 3.504911674929279464e+00 5.080329872283252612e+00 3.626165080944692143e+00 3.798486500573391988e-01 2.506659998654719335e+00 5.402519265240134594e+00 5.006186362513776800e+00
3.589183457208868333e+00 4.934456675036931195e+00 5.493586103044031388e-01 4.141614592979822262e+00 2.848543785311140830e+00 2.944589313966828215e+00 3.838411711061759934e+00 3.777902691887558451e+00 3.506049102506871407e+00 5.078717867880567560e+00 3.627146386108307308e+00 3.788949263201759621e-01 2.506589557990113626e+00 5.403077992414944575e+00 5.005866533399232488e+00
3.588555876281483314e+00 4.935330555119800344e+00 5.485086620279937542e-01 4.141555281960981993e+00 2.849038094953868505e+00 2.943955421041151155e+00 3.839714369377310810e+00 3.778406277854712059e+00 3.507058748171152818e+00 5.077285695188942682e+00 3.628020266191186671e+00 3.780449780437651341e-01 2.506530246971302223e+00 5.403572302057654930e+00 5.005582784136231034e+00
3.587995523414968524e+00 4.936110749808308995e+00 5.477493411740865792e-01 4.141505030044751123e+00 2.849476839949439899e+00 2.943392139887508918e+00 3.840872115673608089e+00 3.778854677610667512e+00 3.507957558543651988e+00 5.076009724173176529e+00 3.628800460879695766e+00 3.772856571898578482e-01 2.506479995055070908e+00 5.404011047053226768e+00 5.005330313194334302e+00
3.587494064882940759e+00 4.936808879571244368e+00 5.470695024647151961e-01 4.141462208971130821e+00 2.849867391638349456e+00 2.942890219483335290e+00 3.841903895020899018e+00 3.779254944574947039e+00 3.508759755786834411e+00 5.074870087244661931e+00 3.629498590642631140e+00 3.766058184804861875e-01 2.506437173981450606e+00 5.404401598742135882e+00 5.005105091130235273e+00
3.587044405747303433e+00 4.937434837970383406e+00 5.464596379656675440e-01 4.141425526746817631e+00 2.850215936715127629e+00 2.942441874754987197e+00 3.842825658811016787e+00 3.779613049184961326e+00 3.509477362621701069e+00 5.073849960110713653e+00 3.630124549041770621e+00 3.759959539814385354e-01 2.506400491757138305e+00 5.404750143818914054e+00 5.004903712509304547e+00
3.586640468767434253e+00 4.937997099322091188e+00 5.459115892755344035e-01 4.141393949674677444e+00 2.850527705263382394e+00 2.942040508161993806e+00 3.843650931469308585e+00 3.779934077427205885e+00 3.510120609907448230e+00 5.072935002526726578e+00 3.630686810393477959e+00 3.754479052913053949e-01 2.506368914684997673e+00 5.405061912367169263e+00 5.004723280621669268e+00
3.586277019470162308e+00 4.938502962352312231e+00 5.454183187191787852e-01 4.141366644343140280e+00 2.850807147864732993e+00 2.941680492722078988e+00 3.844391252550236615e+00 3.780222387178151511e+00 3.510698256353899538e+00 5.072112918845808061e+00 3.631192673423698558e+00 3.749546347349499431e-01 2.506341609353460509e+00 5.405341354968520307e+00 5.004561316856480424e+00
3.585949526444933255e+00 4.938958744926249089e+00 5.449737258620036551e-01 4.141342934003714227e+00 2.851058074582351498e+00 2.941357001194310428e+00 3.845056525094426192e+00 3.780481732435125863e+00 3.511217841738472067e+00 5.071373109356959397e+00 3.631648455997635860e+00 3.745100418777747575e-01 2.506317899014034900e+00 5.405592281686138811e+00 5.004415688810700757e+00
3.585654048800548832e+00 4.939369941002018649e+00 5.445724991678021487e-01 4.141322265443615258e+00 2.851283765076306764e+00 2.941065870329210075e+00 3.845655292691191995e+00 3.780715362870364249e+00 3.511685889265370619e+00 5.070706391164724103e+00 3.632059652073405420e+00 3.741088151835732512e-01 2.506297230453936375e+00 5.405817972180093633e+00 5.004284552771878225e+00
3.585387144769040191e+00 4.939741348141821753e+00 5.442099951525973811e-01 4.141304183598219169e+00 2.851487056628355443e+00 2.940803492037906697e+00 3.846194961757355646e+00 3.780926104246268071e+00 3.512108068641267788e+00 5.070104772866279141e+00 3.632431059213208524e+00 3.737463111683684835e-01 2.506279148608541174e+00 5.406021263732141868e+00 5.004166307331445296e+00
3.585145796922687644e+00 4.940077171873658912e+00 5.438821392320124515e-01 4.141288311929761434e+00 2.851670415095690192e+00 2.940566725426422501e+00 3.846681981314916676e+00 3.781116423858431830e+00 3.512489328526506416e+00 5.069561271232787547e+00 3.632766882945046127e+00 3.734184552477835539e-01 2.506263276940083884e+00 5.406204622199476617e+00 5.004059555692105477e+00
3.584927350552337799e+00 4.940381111701439565e+00 5.435853438195564769e-01 4.141274337142757389e+00 2.851835992551053689e+00 2.940352825149340710e+00 3.847121989500387862e+00 3.781288484170222119e+00 3.512834004905167173e+00 5.069069760971671279e+00 3.633070822772827224e+00 3.731216598353276348e-01 2.506249302153079839e+00 5.406370199654840114e+00 5.003963074822029178e+00
