5.948934782542818489e+00 5.017983587786057242e+00 2.544764435133518021e-01 1.930983496195325388e+00 3.505516985787924256e+00 8.321386783711948176e-01 7.544251569839639793e-02 2.285764008501093958e+00 2.843051182359600748e+00 2.445469088178072958e+00 5.053368714425833019e+00 4.788984815825904073e-01 4.741467879854670997e+00 2.134772635884413017e+00 6.162650880706138423e+00
6.033370773802310794e+00 5.094509768593353805e+00 3.330430602738068679e-01 1.875716330935501608e+00 3.538446774581965659e+00 8.413803187341323264e-01 4.124956839937490155e-02 2.244224726296781380e+00 2.825895918404270901e+00 2.480237706940823905e+00 5.129894895233129581e+00 5.574650983430452511e-01 4.686200714594847661e+00 2.167702424678454420e+00 6.185496791597858923e+00
6.164597796029247512e+00 5.224949827166907923e+00 4.646448257265237691e-01 1.774035954719419994e+00 3.604533508328725766e+00 8.560908000995091083e-01 -1.160915103565125783e-02 2.191186232210490026e+00 2.798904653626789862e+00 2.525897030651863329e+00 5.260334953806683700e+00 6.890668637957622078e-01 4.584520338378764492e+00 2.233789158425214971e+00 6.206812524705680900e+00
6.253467380366486417e+00 5.318692015647839888e+00 5.582314876909476586e-01 1.698613459826545657e+00 3.654412162276637677e+00 8.616905382421192749e-01 -4.603650909587174433e-02 2.164494453617817893e+00 2.776891820824813006e+00 2.542454410607893678e+00 5.354077142287615665e+00 7.826535257601863194e-01 4.509097843485889712e+00 2.283667812373126882e+00 6.215693126466676155e+00
6.282121508190463999e+00 5.360444705917752017e+00 5.999512077596018678e-01 1.673880279104560831e+00 3.665611429561471901e+00 8.625951101509404806e-01 -4.815612342814291902e-02 2.162378624582415920e+00 2.772245498156130417e+00 2.551617368654412576e+00 5.395829832557527794e+00 8.243732458288399734e-01 4.484364662763905329e+00 2.294867079657961106e+00 6.228563684448675808e+00
6.297615985501013647e+00 5.384751233043210128e+00 6.242352379545097474e-01 1.660793339237526478e+00 3.670530220123735976e+00 8.626150376350502080e-01 -4.775645883246548012e-02 2.161396049036140354e+00 2.768720533510401705e+00 2.555741259456639103e+00 5.420136359682985905e+00 8.486572760237476309e-01 4.471277722896870976e+00 2.299785870220225625e+00 6.237521124184421062e+00
6.307777831688738068e+00 5.400487102790837213e+00 6.399459159547015163e-01 1.652223831021853551e+00 3.673816604315269352e+00 8.624416388097586594e-01 -4.762844442856453003e-02 2.160509966415801841e+00 2.765862016843714244e+00 2.557676018282170727e+00 5.435872229430614766e+00 8.643679540239379566e-01 4.462708214681198271e+00 2.303072254411758557e+00 6.243224615918183673e+00
6.314774761468963327e+00 5.411226409567102991e+00 6.506635233778039762e-01 1.646318243579444340e+00 3.676118055723685440e+00 8.622412397129602946e-01 -4.760979889380651670e-02 2.159801727359590195e+00 2.763666008750272685e+00 2.558675711312502266e+00 5.446611536206881432e+00 8.750855614470401944e-01 4.456802627238788617e+00 2.305373705820175090e+00 6.247062222113446417e+00
6.319696765203200783e+00 5.418741590687044862e+00 6.581614568118159259e-01 1.642159370232813886e+00 3.677754336749862407e+00 8.620617765029385815e-01 -4.762637467163150645e-02 2.159260599732399921e+00 2.762016301712968858e+00 2.559224849631827059e+00 5.454126717326823304e+00 8.825834948810524772e-01 4.452643753892157719e+00 2.307009986846352501e+00 6.249723672971145838e+00
6.323195265706786472e+00 5.424065468649549970e+00 6.634721154509086727e-01 1.639200300583484537e+00 3.678925791449153326e+00 8.619151820996859836e-01 -4.765200262860443819e-02 2.158855856511005644e+00 2.760792878011000262e+00 2.559540125841569758e+00 5.459450595289328412e+00 8.878941535201450019e-01 4.449684684242828148e+00 2.308181441545643864e+00 6.251597675182864577e+00
6.325694510920259361e+00 5.427860223979113385e+00 6.672569489186628289e-01 1.637084642515314048e+00 3.679766885202548909e+00 8.618008620612893633e-01 -4.767707415792571402e-02 2.158556937405357257e+00 2.759893628185666081e+00 2.559727889164617132e+00 5.463245350618890939e+00 8.916789869878984920e-01 4.447569026174657658e+00 2.309022535299039447e+00 6.252927777873625637e+00
6.327484212232469929e+00 5.430573467803539778e+00 6.699628458896688121e-01 1.635568631771564085e+00 3.680371354222542468e+00 8.617141119252076376e-01 -4.769840780688262144e-02 2.158338028377152717e+00 2.759236944808099778e+00 2.559843400929548096e+00 5.465958594443322660e+00 8.943848839589029209e-01 4.446053015430901034e+00 2.309627004319033450e+00 6.253875949217595931e+00
6.328767236882782754e+00 5.432516494460102763e+00 6.719004824143898214e-01 1.634481270664332131e+00 3.680805806704488869e+00 8.616494212241357920e-01 -4.771541121928837142e-02 2.158178654888279979e+00 2.758759704481809294e+00 2.559916562200347023e+00 5.467901621099887421e+00 8.963225204836242632e-01 4.444965654323668858e+00 2.310061456800980739e+00 6.254553509079799234e+00
6.329687472401688275e+00 5.433909061219231340e+00 6.732891201160515759e-01 1.633701081412166412e+00 3.681117986268146680e+00 8.616017398986406395e-01 -4.772847706398673090e-02 2.158063110823919661e+00 2.758414107833107920e+00 2.559964103052899898e+00 5.469294187859007117e+00 8.977111581852843525e-01 4.444185465071509356e+00 2.310373636364644767e+00 6.255038373774790550e+00
6.330347622875819091e+00 5.434907516796246618e+00 6.742847247721146520e-01 1.633141241860795567e+00 3.681342230350623801e+00 8.615668757894991980e-01 -4.773829493904128973e-02 2.157979594210698515e+00 2.758164497234347756e+00 2.559995679239694955e+00 5.470292643436025948e+00 8.987067628413474285e-01 4.443625625520136957e+00 2.310597880447124108e+00 6.255385635942405820e+00
6.330821218842586084e+00 5.435623543952419645e+00 6.749986900613275109e-01 1.632739528579647548e+00 3.681503256685811465e+00 8.615415253445568577e-01 -4.774556620690575265e-02 2.157919357880726974e+00 2.757984558884152726e+00 2.560017034695948102e+00 5.471008670592198975e+00 8.994207281305603985e-01 4.443223912238988049e+00 2.310758906782311772e+00 6.255634474221236196e+00
6.331160976703722021e+00 5.436137083540089066e+00 6.755107419360484311e-01 1.632451297106835453e+00 3.681618855469915186e+00 8.615231647388309488e-01 -4.775089951228961987e-02 2.157875980035349528e+00 2.757855026485861671e+00 2.560031688669661243e+00 5.471522210179869283e+00 8.999327800052817627e-01 4.442935680766175288e+00 2.310874505566415937e+00 6.255812842287548747e+00
6.331404712250447986e+00 5.436505415744511183e+00 6.758780025002288916e-01 1.632244503598338170e+00 3.681701824152272540e+00 8.615099036083786466e-01 -4.775478554349672083e-02 2.157844777418216786e+00 2.757761874157607984e+00 2.560041858651400215e+00 5.471890542384291400e+00 9.003000405694621122e-01 4.442728887257677783e+00 2.310957474248772847e+00 6.255940723726547859e+00
6.331579557786695567e+00 5.436769605277213202e+00 6.761414210292095994e-01 1.632096147326140390e+00 3.681761363171407009e+00 8.615003445469217036e-01 -4.775760405700380656e-02 2.157822350772729436e+00 2.757694933279354110e+00 2.560048978094946470e+00 5.472154731916915260e+00 9.005634590983948584e-01 4.442580530985424936e+00 2.311017013267929965e+00 6.256032421262178289e+00
6.331704980982049591e+00 5.436959099577683752e+00 6.763303611005659910e-01 1.631989719974737518e+00 3.681804083432899777e+00 8.614934637670391693e-01 -4.775964173296231435e-02 2.157806241116544399e+00 2.757646853774780027e+00 2.560053994599505334e+00 5.472344226217384922e+00 9.007523991697511390e-01 4.442474103634022065e+00 2.311059733529423177e+00 6.256098179172915330e+00
6.331794949587373544e+00 5.437095018103407895e+00 6.764658814701034473e-01 1.631913374433102248e+00 3.681834733058056308e+00 8.614885158460818815e-01 -4.776111154927554364e-02 2.157794673931450635e+00 2.757612334350143080e+00 2.560057546478045509e+00 5.472480144743106401e+00 9.008879195392871519e-01 4.442397758092384130e+00 2.311090383154579264e+00 6.256145338305739934e+00
6.331859484709130292e+00 5.437192508505395594e+00 6.765630859650492157e-01 1.631858609663305870e+00 3.681856721090422280e+00 8.614849603917965615e-01 -4.776217005002685034e-02 2.157786370846844992e+00 2.757587557368339048e+00 2.560060070316875436e+00 5.472577635145093211e+00 9.009851240342305889e-01 4.442342993322590416e+00 2.311112371186940795e+00 6.256179160564697028e+00
6.331905775564508509e+00 5.437262435555878071e+00 6.766328077774276251e-01 1.631819326244387636e+00 3.681872494502544058e+00 8.614824068463119433e-01 -4.776293146502526288e-02 2.157780412055413155e+00 2.757569776706376263e+00 2.560061868340194557e+00 5.472647562195575688e+00 9.010548458466088872e-01 4.442303709903671738e+00 2.311128144599063017e+00 6.256203418435222652e+00
6.331938979513849652e+00 5.437312592200558292e+00 6.766828171257646130e-01 1.631791148239784217e+00 3.681883809358556636e+00 8.614805735537364173e-01 -4.776347872877721029e-02 2.157776136326912564e+00 2.757557018602021071e+00 2.560063151706641449e+00 5.472697718840253245e+00 9.011048551949452090e-01 4.442275531899070096e+00 2.311139459455073375e+00 6.256220816945524454e+00
6.331962796178071784e+00 5.437348568093846701e+00 6.767186873239684486e-01 1.631770936391168103e+00 3.681891925711295865e+00 8.614792577076493263e-01 -4.776387184265321051e-02 2.157773068618103807e+00 2.757547865245919105e+00 2.560064068985032026e+00 5.472733694733541654e+00 9.011407253931486006e-01 4.442255320050453093e+00 2.311147575807812604e+00 6.256233295895695434e+00
6.331979879395881028e+00 5.437374372539652612e+00 6.767444159353138700e-01 1.631756438725182612e+00 3.681897747608044114e+00 8.614783134378952711e-01 -4.776415410876006656e-02 2.157770867801966030e+00 2.757541298609514246e+00 2.560064725253464513e+00 5.472759499179348452e+00 9.011664540044941329e-01 4.442240822384468046e+00 2.311153397704560408e+00 6.256242246424972286e+00
6.331992132796779416e+00 5.437392881300578296e+00 6.767628702908645710e-01 1.631746039824539141e+00 3.681901923623612571e+00 8.614776359086514512e-01 -4.776435672269347538e-02 2.157769288996132850e+00 2.757536587937085226e+00 2.560065195117022352e+00 5.472778007940274136e+00 9.011849083600446120e-01 4.442230423483824353e+00 2.311157573720128866e+00 6.256248666242981926e+00
6.332000921854533004e+00 5.437406157080413749e+00 6.767761070413993441e-01 1.631738580924138482e+00 3.681904919027716883e+00 8.614771498175224362e-01 -4.776450213023595431e-02 2.157768156449779262e+00 2.757533208794100688e+00 2.560065531694537988e+00 5.472791283720109590e+00 9.011981451105793850e-01 4.442222964583423916e+00 2.311160569124233177e+00 6.256253270919151177e+00
6.332007226012150269e+00 5.437415679397716417e+00 6.767856013610952237e-01 1.631733230837996151e+00 3.681907067578594983e+00 8.614768010974049872e-01 -4.776460646714397740e-02 2.157767344048581837e+00 2.757530784872562535e+00 2.560065772884302149e+00 5.472800806037410482e+00 9.012076394302743765e-01 4.442217614497283584e+00 2.311162717675109946e+00 6.256256573680305522e+00
6.332011747809930036e+00 5.437422509468262000e+00 6.767924113482289838e-01 1.631729393361528002e+00 3.681908608688616358e+00 8.614765509393176313e-01 -4.776468132567112529e-02 2.157766761306985970e+00 2.757529046182503496e+00 2.560065945765567008e+00 5.472807636107958729e+00 9.012144494174082476e-01 4.442213777020817211e+00 2.311164258785132208e+00 6.256258942633373898e+00
