5.525299244641130869e+00 5.644194243921567100e+00 4.454482327390622665e+00 1.475799176294477766e+00 3.702731427002904918e-01 5.436160863619069694e+00 2.294739382834011465e+00 6.075677298379955182e+00 4.481453996879553592e-01 7.844994908518688748e-01 1.397445021327512249e+00 1.495954516899925535e-01 3.208134740723445955e+00 1.200339132316255997e-01 1.692213476388878535e+00
5.689869732483508358e+00 5.716452330904846946e+00 4.515238499139021755e+00 1.516860427074430362e+00 4.672646446543262666e-01 5.482544717108378762e+00 2.221271267843366370e+00 5.934339476526860224e+00 5.519980243821129839e-01 8.257419600415776273e-01 1.469703108310792095e+00 2.103516234383909500e-01 3.249195991503398329e+00 2.170254151856609859e-01 1.862079963887778522e+00
5.798435689047890307e+00 5.751832296622691132e+00 4.575042947606235089e+00 1.550085116279821928e+00 5.454854387993046672e-01 5.520320460231853410e+00 2.152855002550905006e+00 5.843477158425194773e+00 6.306192972123290108e-01 8.464269432425073347e-01 1.505083074028319423e+00 2.701560719049502235e-01 3.282420680708980409e+00 2.952462093304276114e-01 1.987899704373144560e+00
5.800232277867656272e+00 5.748754116098534261e+00 4.581773038836154832e+00 1.554977492861739030e+00 5.504786438967771423e-01 5.523656417234816374e+00 2.149917360441470748e+00 5.842350512698228471e+00 6.358557636521191547e-01 8.510054474004768998e-01 1.502004893504161664e+00 2.768861631348695229e-01 3.287313057290897955e+00 3.002394144279000865e-01 1.993402590735435354e+00
5.798125186332668157e+00 5.746529242441405394e+00 4.583016041127072171e+00 1.556363226674010170e+00 5.504400419841241066e-01 5.524187118767183158e+00 2.150808872117038639e+00 5.844306257671436633e+00 6.360852857468100030e-01 8.529502701379827467e-01 1.499780019847032797e+00 2.781291654257873613e-01 3.288698791103168872e+00 3.002008125152472173e-01 1.992323899240677321e+00
5.797377916529574904e+00 5.745505694568382893e+00 4.583826918913949555e+00 1.557144444214029644e+00 5.506655957922502731e-01 5.524555790725426796e+00 2.151024926755849442e+00 5.845023028394091824e+00 6.364219953774663541e-01 8.539312781526274820e-01 1.498756471974009186e+00 2.789400432126432072e-01 3.289480008643185016e+00 3.004263663233717185e-01 1.992161365876553125e+00
5.796980886966573543e+00 5.744997003419554993e+00 4.584202473261238531e+00 1.557516082385726142e+00 5.507494745875552988e-01 5.524725061270505222e+00 2.151155024993589127e+00 5.845400495316190437e+00 6.365636626419292066e-01 8.544095422731594613e-01 1.498247780825181064e+00 2.793155975599321827e-01 3.289851646814881292e+00 3.005102451186770218e-01 1.992042458532749194e+00
5.796789463020917132e+00 5.744748473536753330e+00 4.584388751296227582e+00 1.557699356943618385e+00 5.507933011038553817e-01 5.524809261638836233e+00 2.151216433680146256e+00 5.845582796355455635e+00 6.366356149028190581e-01 8.546442589809272183e-01 1.497999250942379179e+00 2.795018755948832090e-01 3.290034921372797072e+00 3.005540716349741626e-01 1.991988275335815128e+00
5.796695267875208835e+00 5.744626600498357938e+00 4.584479756112463278e+00 1.557789023064985789e+00 5.508144355719457597e-01 5.524850388423826253e+00 2.151246847754027858e+00 5.845672463232494565e+00 6.366705999199372412e-01 8.547592594682306144e-01 1.497877377903982898e+00 2.795928804111190713e-01 3.290124587494164032e+00 3.005752061030645406e-01 1.991961235334634983e+00
5.796649142362984897e+00 5.744566888947300498e+00 4.584524373529355046e+00 1.557832973220445894e+00 5.508248195442887463e-01 5.524870557026808626e+00 2.151261731239312525e+00 5.845716374464421605e+00 6.366877743651008226e-01 8.548156187510349557e-01 1.497817666352924348e+00 2.796374978280101731e-01 3.290168537649623914e+00 3.005855900754079157e-01 1.991948029705705059e+00
5.796626533914439605e+00 5.744537628243108429e+00 4.584546232366919050e+00 1.557854507161769098e+00 5.508299023294306318e-01 5.524880438407340222e+00 2.151269030324574505e+00 5.845737896957453827e+00 6.366961868587296403e-01 8.548432360419020437e-01 1.497788405648732502e+00 2.796593566655747320e-01 3.290190071590946896e+00 3.005906728605496347e-01 1.991941551527967036e+00
5.796615455545126139e+00 5.744523290225302503e+00 4.584556943519056738e+00 1.557865059077841563e+00 5.508323929814218367e-01 5.524885280622890527e+00 2.151272607200189757e+00 5.845748443200128541e+00 6.367003094928055384e-01 8.548567690809969477e-01 1.497774067630926131e+00 2.796700678177131971e-01 3.290200623507019362e+00 3.005931635125408952e-01 1.991938377396623494e+00
5.796610026863458387e+00 5.744516264421792862e+00 4.584562191989983049e+00 1.557870229572382303e+00 5.508336132838108634e-01 5.524887653348016237e+00 2.151274360097033433e+00 5.845753611109962833e+00 6.367023295944433947e-01 8.548634004566922906e-01 1.497767041827416712e+00 2.796753162886400079e-01 3.290205794001560324e+00 3.005943838149300884e-01 1.991936821878111052e+00
5.796607366734998656e+00 5.744512821706667438e+00 4.584564763781229679e+00 1.557872763160099261e+00 5.508342112264483781e-01 5.524888816011525705e+00 2.151275219064868516e+00 5.845756143454620357e+00 6.367033194713014321e-01 8.548666499092193449e-01 1.497763599112289290e+00 2.796778880798859168e-01 3.290208327589279058e+00 3.005949817575676031e-01 1.991936059644506818e+00
5.796606063239217121e+00 5.744511134742011471e+00 4.584566023979546934e+00 1.557874004640411592e+00 5.508345042180383677e-01 5.524889385728215530e+00 2.151275639976510057e+00 5.845757384334063111e+00 6.367038045205973829e-01 8.548682421752776817e-01 1.497761912147636432e+00 2.796791482782021165e-01 3.290209569069587836e+00 3.005952747491559829e-01 1.991935686136538708e+00
5.796605424512352833e+00 5.744510308113027541e+00 4.584566641487916705e+00 1.557874612977200313e+00 5.508346477854647594e-01 5.524889664895008323e+00 2.151275846229239619e+00 5.845757992378108447e+00 6.367040421995878718e-01 8.548690224015856876e-01 1.497761085518652946e+00 2.796797657865713327e-01 3.290210177406376335e+00 3.005954183165817084e-01 1.991935503112895578e+00
5.796605111529742338e+00 5.744509903056919775e+00 4.584566944072665073e+00 1.557874911067894663e+00 5.508347181345444321e-01 5.524889801689422342e+00 2.151275947295538504e+00 5.845758290325796303e+00 6.367041586645794116e-01 8.548694047200624535e-01 1.497760680462547622e+00 2.796800683713215885e-01 3.290210475497072462e+00 3.005954886656626024e-01 1.991935413429257062e+00
5.796604958165204380e+00 5.744509704575574638e+00 4.584567092342008543e+00 1.557875057135135410e+00 5.508347526061839750e-01 5.524889868719990105e+00 2.151275996819102865e+00 5.845758436323063911e+00 6.367042157335378594e-01 8.548695920597821907e-01 1.497760481981203151e+00 2.796802166406646695e-01 3.290210621564312543e+00 3.005955231373019232e-01 1.991935369483349927e+00
5.796604883015077370e+00 5.744509607317825228e+00 4.584567164995376309e+00 1.557875128709460544e+00 5.508347694975945785e-01 5.524889901565608774e+00 2.151276021086138357e+00 5.845758507863130227e+00 6.367042436978694875e-01 8.548696838580318591e-01 1.497760384723450411e+00 2.796802892940306595e-01 3.290210693138626130e+00 3.005955400287171342e-01 1.991935347949417956e+00
5.796604846190822613e+00 5.744509559660616382e+00 4.584567200596214143e+00 1.557875163781555106e+00 5.508347777745467022e-01 5.524889917660273042e+00 2.151276032977220698e+00 5.845758542918433776e+00 6.367042574006612776e-01 8.548697288400408656e-01 1.497760337066242009e+00 2.796803248948685483e-01 3.290210728210720248e+00 3.005955483056693689e-01 1.991935337397593875e+00
5.796604828146588062e+00 5.744509536308133768e+00 4.584567218040962011e+00 1.557875180967211115e+00 5.508347818303265253e-01 5.524889925546811575e+00 2.151276038803969115e+00 5.845758560095868361e+00 6.367042641151561266e-01 8.548697508816500701e-01 1.497760313713757618e+00 2.796803423396121424e-01 3.290210745396375369e+00 3.005955523614503022e-01 1.991935332227095845e+00
5.796604819304739920e+00 5.744509524865195615e+00 4.584567226589050470e+00 1.557875189388345127e+00 5.508347838176963496e-01 5.524889929411288314e+00 2.151276041659131000e+00 5.845758568512974485e+00 6.367042674053216000e-01 8.548697616822475975e-01 1.497760302270819910e+00 2.796803508877006572e-01 3.290210753817509381e+00 3.005955543488202375e-01 1.991935329693501178e+00
5.796604814972154074e+00 5.744509519258047980e+00 4.584567230777692792e+00 1.557875193514777878e+00 5.508347847915270323e-01 5.524889931304921120e+00 2.151276043058189202e+00 5.845758572637435257e+00 6.367042690175356290e-01 8.548697669746432304e-01 1.497760296663668500e+00 2.796803550763451440e-01 3.290210757943942355e+00 3.005955553226480337e-01 1.991935328452018261e+00
5.796604812849143862e+00 5.744509516510492020e+00 4.584567232830168315e+00 1.557875195536770896e+00 5.508347852687136559e-01 5.524889932232817991e+00 2.151276043743739930e+00 5.845758574658460383e+00 6.367042698075353613e-01 8.548697695679673414e-01 1.497760293916112095e+00 2.796803571288213330e-01 3.290210759965934706e+00 3.005955557998343797e-01 1.991935327843679326e+00
5.796604811808850677e+00 5.744509515164161861e+00 4.584567233835900701e+00 1.557875196527564343e+00 5.508347855025389483e-01 5.524889932687497840e+00 2.151276044079666327e+00 5.845758575648781097e+00 6.367042701946422634e-01 8.548697708387208438e-01 1.497760292569782603e+00 2.796803581345537193e-01 3.290210760956729708e+00 3.005955560336605048e-01 1.991935327545587331e+00
5.796604811299095772e+00 5.744509514504448688e+00 4.584567234328718932e+00 1.557875197013063318e+00 5.508347856171158519e-01 5.524889932910294732e+00 2.151276044244273322e+00 5.845758576134048035e+00 6.367042703843281970e-01 8.548697714614020837e-01 1.497760291910068986e+00 2.796803586273723385e-01 3.290210761442228460e+00 3.005955561482372973e-01 1.991935327399519284e+00
5.796604811049311579e+00 5.744509514181182830e+00 4.584567234570204874e+00 1.557875197250962573e+00 5.508347856732597192e-01 5.524889933019466959e+00 2.151276044324932357e+00 5.845758576371833826e+00 6.367042704772762907e-01 8.548697717665215690e-01 1.497760291586802683e+00 2.796803588688578923e-01 3.290210761680127494e+00 3.005955562043811091e-01 1.991935327327944538e+00
5.796604810926914375e+00 5.744509514022779761e+00 4.584567234688535109e+00 1.557875197367535325e+00 5.508347857007704906e-01 5.524889933072962833e+00 2.151276044364456297e+00 5.845758576488350400e+00 6.367042705228217470e-01 8.548697719160331943e-01 1.497760291428399393e+00 2.796803589871880713e-01 3.290210761796700023e+00 3.005955562318924357e-01 1.991935327292872371e+00
5.796604810866937463e+00 5.744509513945160961e+00 4.584567234746517173e+00 1.557875197424659186e+00 5.508347857142522619e-01 5.524889933099176531e+00 2.151276044383826580e+00 5.845758576545446061e+00 6.367042705451390061e-01 8.548697719892952573e-01 1.497760291350781037e+00 2.796803590451668597e-01 3.290210761853826327e+00 3.005955562453750396e-01 1.991935327275684342e+00
5.796604810837549415e+00 5.744509513907127385e+00 4.584567234774928224e+00 1.557875197452650129e+00 5.508347857208585330e-01 5.524889933112022256e+00 2.151276044393316322e+00 5.845758576573422793e+00 6.367042705560752580e-01 8.548697720251940968e-01 1.497760291312746794e+00 2.796803590735796319e-01 3.290210761881815937e+00 3.005955562519811441e-01 1.991935327267263967e+00
