4.415974690982044315e+00 5.038096702922747028e+00 5.028245792581068407e+00 5.360722024418191900e+00 3.272059902141270182e+00 7.536010006023968755e-01 5.293770097594108215e-01 4.514406731300661058e+00 3.836081224583373750e+00 4.783975332063596042e+00 6.036973749303363945e+00 4.732638114622747416e+00 1.824126103516038988e+00 3.590253217511796713e+00 1.690255144933166864e+00
4.512577558301470226e+00 5.099326541653192990e+00 5.055850729969216140e+00 5.263394265540549455e+00 3.321474489976441458e+00 7.976992731257844804e-01 4.571950202450371648e-01 4.558121635384113191e+00 3.856428854904468739e+00 4.851765946620597347e+00 6.098203588033810796e+00 4.760243052010895148e+00 1.726798344638396543e+00 3.639667805346967988e+00 1.760108288276749144e+00
4.643981993342745973e+00 5.182689006394048725e+00 5.096522211986424189e+00 5.126793127277705864e+00 3.397099986872239796e+00 8.556816912080531523e-01 3.686505067756690179e-01 4.599478039685217290e+00 3.874934278135283350e+00 4.942237046080564689e+00 6.181566052774666531e+00 4.800914534028103198e+00 1.590197206375552508e+00 3.715293302242766327e+00 1.852652911943515335e+00
4.712808935182727588e+00 5.227525411351432005e+00 5.129656048491776588e+00 5.067754961288892801e+00 3.418035919493037866e+00 8.613592215584322531e-01 3.219849971460875815e-01 4.623430457677057959e+00 3.885465664090504312e+00 4.997254747629927607e+00 6.226402457732049811e+00 4.834048370533454708e+00 1.531159040386739445e+00 3.736229234863564841e+00 1.892587674266668962e+00
4.729369576072918413e+00 5.238305399703819809e+00 5.145002470382521231e+00 5.065349685470414087e+00 3.404767994464172443e+00 8.371131526023531944e-01 2.999827387606650575e-01 4.648440854996810145e+00 3.904522298994711260e+00 5.023275002548698964e+00 6.237182446084437615e+00 4.849394792424199352e+00 1.528753764568260953e+00 3.722961309834699861e+00 1.885974270266206787e+00
4.742840533793260427e+00 5.247140602126824760e+00 5.155901674928633049e+00 5.060636207870843783e+00 3.397767081769300201e+00 8.224391798393976272e-01 2.841848795946930184e-01 4.664622925715497637e+00 3.916679574306419997e+00 5.041923054011463456e+00 6.246017648507441677e+00 4.860293996970311170e+00 1.524040286968690650e+00 3.715960397139827620e+00 1.884120940421702750e+00
4.752615119751402162e+00 5.253548133585600688e+00 5.163750393247312331e+00 5.057077782106848218e+00 3.392688692588778920e+00 8.115330678707506351e-01 2.724864054535822699e-01 4.676574281437138048e+00 3.925809077043386441e+00 5.055662468238010021e+00 6.252425179966216717e+00 4.868142715288991340e+00 1.520481861204694862e+00 3.710882007959306339e+00 1.882653648362327736e+00
4.760046066638696338e+00 5.258421672309713024e+00 5.169650529285544138e+00 5.054230735497386995e+00 3.388925112949430662e+00 8.032493673667069345e-01 2.635363166550937497e-01 4.685639708102449674e+00 3.932801170488140485e+00 5.066138261139731647e+00 6.257298718690329942e+00 4.874042851327224035e+00 1.517634814595233861e+00 3.707118428319958081e+00 1.881582322625705572e+00
4.765803018976728644e+00 5.262198493675813715e+00 5.174186253085512277e+00 5.051946977547839168e+00 3.386056931440800000e+00 7.968204485035047524e-01 2.565614545875236630e-01 4.692662186612674979e+00 3.938258732031798992e+00 5.074280982500460446e+00 6.261075540056430633e+00 4.878578575127192174e+00 1.515351056645685812e+00 3.704250246811327418e+00 1.880769506633081622e+00
4.770318517122218438e+00 5.265161576450215541e+00 5.177723281336145789e+00 5.050108939945390674e+00 3.383834430063180854e+00 7.917680161243251247e-01 2.510642605780437076e-01 4.698171379671031822e+00 3.942565587738747990e+00 5.080685781791944855e+00 6.264038622830831571e+00 4.882115603377825686e+00 1.513513019043238206e+00 3.702027745433708272e+00 1.880141353780114377e+00
4.773888034902361355e+00 5.267504334731469839e+00 5.180506937097008269e+00 5.048627297438748052e+00 3.382093528241523650e+00 7.877663535030219322e-01 2.467014894404332415e-01 4.702527972658624655e+00 3.945987294835460624e+00 5.085760898387561291e+00 6.266381381112084981e+00 4.884899259138688166e+00 1.512031376536596028e+00 3.700286843612051513e+00 1.879650008910322301e+00
4.776723945297664642e+00 5.269365871399991796e+00 5.182710897920830284e+00 5.047432294742322689e+00 3.380720065153201670e+00 7.845815096291851587e-01 2.432241163750386015e-01 4.705990621806583007e+00 3.948716975129278772e+00 5.089801046055625555e+00 6.268242917780606049e+00 4.887103219962510181e+00 1.510836373840171110e+00 3.698913380523729533e+00 1.879262623893113160e+00
4.778984369861290382e+00 5.270849810661244028e+00 5.184462883893323770e+00 5.046468536671760319e+00 3.379631236766130975e+00 7.820390268840803349e-01 2.404450644785710300e-01 4.708751731502989202e+00 3.950900052442491539e+00 5.093026685256804242e+00 6.269726857041859169e+00 4.888855205935004555e+00 1.509872615769609849e+00 3.697824552136658394e+00 1.878955589083492805e+00
4.780789937815789870e+00 5.272035241573691522e+00 5.185859352548277457e+00 5.045691572864353880e+00 3.378765186174126800e+00 7.800054592797293074e-01 2.382204472695355901e-01 4.710958069911804103e+00 3.952648621672574247e+00 5.095606772553028740e+00 6.270912287954305775e+00 4.890251674589959130e+00 1.509095651962203188e+00 3.696958501544653330e+00 1.878711370384944956e+00
4.782234210365239768e+00 5.272983528424859401e+00 5.186974507048388361e+00 5.045065530817749000e+00 3.378074736578204007e+00 7.783769861390641420e-01 2.364378626586403631e-01 4.712723513394856845e+00 3.954050420167303237e+00 5.097672903139440770e+00 6.271860574805474542e+00 4.891366829090069146e+00 1.508469609915598975e+00 3.696268051948731426e+00 1.878516641910342511e+00
4.783390565985470744e+00 5.273742811876809711e+00 5.187866160038696606e+00 5.044561382937462035e+00 3.377523381199819763e+00 7.770719315030796270e-01 2.350086124616322658e-01 4.714137426637761585e+00 3.955174799029605115e+00 5.099328668420679556e+00 6.272619858257426628e+00 4.892258482080378279e+00 1.507965462035310678e+00 3.695716696570347626e+00 1.878361111597753652e+00
4.784316983535434886e+00 5.274351138006400319e+00 5.188579748759881483e+00 5.044155620918504113e+00 3.377082581500005176e+00 7.760255752561758813e-01 2.338622497347228046e-01 4.715270467970210433e+00 3.956076917323420705e+00 5.100656181426095337e+00 6.273228184387017237e+00 4.892972070801563156e+00 1.507559700016352533e+00 3.695275896870533039e+00 1.878236741118884501e+00
4.785059501686622419e+00 5.274838722931642465e+00 5.189151199180191298e+00 5.043829210390668116e+00 3.376729868227013931e+00 7.751863946060261190e-01 2.329425942919247372e-01 4.716178782563530625e+00 3.956800815482419686e+00 5.101720821159662300e+00 6.273715769312260271e+00 4.893543521221872972e+00 1.507233289488516315e+00 3.694923183597541350e+00 1.878137203452954207e+00
4.785654798901458840e+00 5.275229642750140613e+00 5.189609035127986658e+00 5.043566751036439477e+00 3.376447461288440088e+00 7.745132513860168988e-01 2.322047291564992566e-01 4.716907128970041718e+00 3.957381738948872574e+00 5.102574791840659429e+00 6.274106689130759307e+00 4.894001357169668331e+00 1.506970830134287898e+00 3.694640776658968395e+00 1.878057491603565721e+00
4.786132161112229610e+00 5.275543123076396057e+00 5.189975968969631204e+00 5.043355794964385908e+00 3.376221240590717265e+00 7.739732373610178628e-01 2.316126861759277289e-01 4.717491264872152534e+00 3.957847933797799200e+00 5.103259853685777614e+00 6.274420169457014751e+00 4.894368291011312877e+00 1.506759874062234106e+00 3.694414555961245572e+00 1.877993628208734167e+00
4.786515006408833983e+00 5.275794538688463930e+00 5.190270122394384344e+00 5.043186291037580204e+00 3.376039963681540357e+00 7.735399967434283264e-01 2.311376358811547960e-01 4.717959797414730261e+00 3.958222054815744961e+00 5.103809450784252633e+00 6.274671585069082624e+00 4.894662444436066906e+00 1.506590370135428181e+00 3.694233279052067331e+00 1.877942445388983250e+00
4.786822079530632656e+00 5.275996196956108442e+00 5.190505975137740258e+00 5.043050131362281086e+00 3.375894662514414613e+00 7.731924060126579290e-01 2.307564577604714617e-01 4.718335634396146894e+00 3.958522280204562094e+00 5.104250386523145444e+00 6.274873243336727135e+00 4.894898297179421931e+00 1.506454210460129062e+00 3.694087977884941587e+00 1.877901415219197068e+00
4.787068394736743393e+00 5.276157956409631922e+00 5.190695108876153263e+00 5.042940781401048511e+00 3.375778173483594991e+00 7.729135275174477959e-01 2.304506038532568302e-01 4.718637131035362309e+00 3.958763199317891779e+00 5.104604151837673243e+00 6.275035002790251504e+00 4.895087430917835825e+00 1.506344860498896265e+00 3.693971488854120633e+00 1.877868517703480844e+00
4.787265983870167219e+00 5.276287717613959316e+00 5.190846794211378956e+00 5.042852978755433924e+00 3.375684768517224210e+00 7.726897762610643872e-01 2.302051918913787798e-01 4.718879000757281617e+00 3.958956522230509645e+00 5.104887982918664413e+00 6.275164763994578898e+00 4.895239116253061518e+00 1.506257057853280790e+00 3.693878083887749852e+00 1.877842137122492483e+00
4.787424491921255409e+00 5.276391814040652051e+00 5.190968455921350255e+00 5.042782488328369617e+00 3.375609863903824781e+00 7.725102544874846711e-01 2.300082798444373355e-01 4.719073040986203615e+00 3.959111648129267635e+00 5.105115705887398825e+00 6.275268860421257422e+00 4.895360777963030152e+00 1.506186567426218037e+00 3.693803179274349091e+00 1.877820980184224053e+00
4.787551652292871829e+00 5.276475324030063696e+00 5.191066042902673594e+00 5.042725903691120948e+00 3.375549789547794610e+00 7.723662192898053114e-01 2.298502847219759948e-01 4.719228712809493409e+00 3.959236121178482115e+00 5.105298412567369937e+00 6.275352370410669067e+00 4.895458364944353491e+00 1.506129982788969590e+00 3.693743104918319364e+00 1.877804011123413552e+00
4.787653666672463615e+00 5.276542320164849365e+00 5.191144323003648253e+00 5.042680486220763925e+00 3.375501605570988328e+00 7.722506561557803684e-01 2.297235165423126835e-01 4.719353604616906672e+00 3.959335996379889089e+00 5.105445001743582623e+00 6.275419366545454736e+00 4.895536645045329038e+00 1.506084565318612345e+00 3.693694920941513082e+00 1.877790400086056355e+00
4.787735508990172306e+00 5.276596068825493369e+00 5.191207118387258568e+00 5.042644035031616845e+00 3.375462956224994482e+00 7.721579371274096548e-01 2.296218044640288558e-01 4.719453803303152561e+00 3.959416133292021467e+00 5.105562612991759508e+00 6.275473115206098740e+00 4.895599440428940241e+00 1.506048114129466153e+00 3.693656271595520124e+00 1.877779481990335064e+00
4.787801168817428454e+00 5.276639189997966994e+00 5.191257493647610133e+00 5.042614781949271929e+00 3.375431953332139745e+00 7.720835466677182790e-01 2.295401967761663831e-01 4.719534191658080857e+00 3.959480431862276273e+00 5.105656974552195138e+00 6.275516236378572366e+00 4.895649815689291806e+00 1.506018861047120572e+00 3.693625268702665387e+00 1.877770723685411758e+00
4.787853846374302336e+00 5.276673785316148724e+00 5.191297906298711240e+00 5.042591306803815066e+00 3.375407083171018563e+00 7.720238617679104909e-01 2.294747201268503844e-01 4.719598686726873993e+00 3.959532021781973832e+00 5.105732682352452478e+00 6.275550831696754095e+00 4.895690228340392913e+00 1.505995385901663708e+00 3.693600398541542429e+00 1.877763697703508372e+00
