2.240613962383833258e+00 2.232916460388629787e+00 2.937909465383272689e+00 2.531688793056212194e+00 3.666365159124087114e+00 5.935371406549989182e+00 1.417046445286169964e+00 8.112043728131341780e-01 3.138460172742397969e+00 4.595334655023211923e+00 8.887004050869695693e-01 5.645045093699983418e+00 5.148728009253308535e+00 1.773463121767821393e+00 3.311870215152119101e+00
2.250471752584208396e+00 2.237310728634277268e+00 2.922338875015523030e+00 2.514336254633196877e+00 3.683773886060932590e+00 5.953424885470371741e+00 1.398660969105516516e+00 8.285674115413973473e-01 3.136539774106362088e+00 4.580680943993423071e+00 8.930946733326171616e-01 5.629474503332232871e+00 5.131375470830293217e+00 1.790871848704666203e+00 3.320240628764442370e+00
2.251670805171127832e+00 2.236295364191950963e+00 2.915684932928547468e+00 2.505217485315308856e+00 3.692920044204130559e+00 5.961640183291847528e+00 1.390371573002989747e+00 8.339905511803323845e-01 3.137010219929720733e+00 4.577102017130599165e+00 8.920793088902906343e-01 5.622820561245257309e+00 5.122256701512405641e+00 1.800018006847864172e+00 3.323071694716006164e+00
2.251115069612732444e+00 2.234660078428476471e+00 2.912348431121719816e+00 2.499975272624415989e+00 3.698170634736735352e+00 5.965968080950517560e+00 1.386002408142146258e+00 8.359368988535421652e-01 3.137691884417863175e+00 4.576291204384844491e+00 8.904440231268158090e-01 5.619484059438430101e+00 5.117014488821513218e+00 1.805268597380469853e+00 3.324109785361399449e+00
2.250413755955053219e+00 2.233362311724554239e+00 2.910475174966601131e+00 2.496806143535895917e+00 3.701342578803218597e+00 5.968469786563826318e+00 1.383472937568998251e+00 8.367675617801811905e-01 3.138216533877312475e+00 4.576161237790016934e+00 8.891462564228935772e-01 5.617610803283384691e+00 5.113845359732928308e+00 1.808440541447008387e+00 3.324548946697965857e+00
2.249869972853788092e+00 2.232464009971697472e+00 2.909351429662053068e+00 2.494833295861321965e+00 3.703316559173611466e+00 5.969993949708049641e+00 1.381929916509929246e+00 8.371828138213046611e-01 3.138575137561929740e+00 4.576185786693767632e+00 8.882479546700366990e-01 5.616487057978836184e+00 5.111872512058353912e+00 1.810414521817401257e+00 3.324764535746899341e+00
2.249493774988762240e+00 2.231868310081328577e+00 2.908651937758135908e+00 2.493583064764890889e+00 3.704567329744203441e+00 5.970950230630170275e+00 1.380960932537627084e+00 8.374159187428968920e-01 3.138811826694531959e+00 4.576232725404149271e+00 8.876522547796676932e-01 5.615787566074918580e+00 5.110622280961923281e+00 1.811665292387993009e+00 3.324883737366565395e+00
2.249243376662097393e+00 2.231478887061874694e+00 2.908207519162481436e+00 2.492781913455287324e+00 3.705368771561859287e+00 5.971560250427709882e+00 1.380342425666367445e+00 8.375564254324622260e-01 3.138966368895961701e+00 4.576272278283791017e+00 8.872628317602135883e-01 5.615343147479263664e+00 5.109821129652320160e+00 1.812466734205648633e+00 3.324954933169589122e+00
2.249079034938933130e+00 2.231225359803032049e+00 2.907921889026477746e+00 2.492264908041497584e+00 3.705885946105470286e+00 5.971953126475701978e+00 1.379943915854662917e+00 8.376444885000127183e-01 3.139066998565939404e+00 4.576300701946499849e+00 8.870093045013721644e-01 5.615057517343260862e+00 5.109304124238529532e+00 1.812983908749259410e+00 3.324999350480538407e+00
2.248971693532287208e+00 2.231060382666341102e+00 2.907737092519599997e+00 2.491929764790365986e+00 3.706221192513587059e+00 5.972207585763129600e+00 1.379685734690253129e+00 8.377008112713903998e-01 3.139132520411054283e+00 4.576320026686148346e+00 8.868443273646812175e-01 5.614872720836382669e+00 5.108968980987397934e+00 1.813319155157376183e+00 3.325027700672148701e+00
2.248901673051106886e+00 2.230952953401129868e+00 2.907617065165001069e+00 2.491711880991604566e+00 3.706439140974044033e+00 5.972372957095848811e+00 1.379517912918538647e+00 8.377372072846831497e-01 3.139175213689446409e+00 4.576332873474187046e+00 8.867368980994704275e-01 5.614752693481783297e+00 5.108751097188636514e+00 1.813537103617833823e+00 3.325046006102855056e+00
2.248855998125060207e+00 2.230882934462675937e+00 2.907538922178217522e+00 2.491569964066607579e+00 3.706581099090896281e+00 5.972480656185715553e+00 1.379408604314435349e+00 8.377608509621545796e-01 3.139203054512260671e+00 4.576341332029529418e+00 8.866668791610161637e-01 5.614674550494999750e+00 5.108609180263639971e+00 1.813679061734685849e+00 3.325057894769953393e+00
2.248826192890853726e+00 2.230837261680567174e+00 2.907487973963395422e+00 2.491477414917341537e+00 3.706673674736555402e+00 5.972550887743556913e+00 1.379337317299319521e+00 8.377762526530279086e-01 3.139221222131646449e+00 4.576346877947104375e+00 8.866212063789072895e-01 5.614623602280177650e+00 5.108516631114373929e+00 1.813771637380345192e+00 3.325065638907527266e+00
2.248806735298774839e+00 2.230807451137923891e+00 2.907454726318065230e+00 2.491417012426266453e+00 3.706734094372463151e+00 5.972596724305697435e+00 1.379290789367713099e+00 8.377863001370141616e-01 3.139233083518174094e+00 4.576350507514430177e+00 8.865913958362632297e-01 5.614590354634847458e+00 5.108456228623301065e+00 1.813832057016252275e+00 3.325070691103718001e+00
2.248794028398183098e+00 2.230787985049238920e+00 2.907433017247607943e+00 2.491377570189261981e+00 3.706773547744050212e+00 5.972626655301298548e+00 1.379260405828073965e+00 8.377928599993612613e-01 3.139240830477598276e+00 4.576352881042953236e+00 8.865719297475779248e-01 5.614568645564389726e+00 5.108416786386296593e+00 1.813871510387839336e+00 3.325073989798929208e+00
2.248785727844750948e+00 2.230775269797146354e+00 2.907418837122996091e+00 2.491351806117022782e+00 3.706799319064252529e+00 5.972646206692452608e+00 1.379240558363527214e+00 8.377971447827609053e-01 3.139245891484127249e+00 4.576354432686004614e+00 8.865592144954851372e-01 5.614554465439777431e+00 5.108391022314057395e+00 1.813897281708042097e+00 3.325076144555934921e+00
2.248780304610424441e+00 2.230766962393553321e+00 2.907409572651145968e+00 2.491334973061526625e+00 3.706816156844658039e+00 5.972658980763169367e+00 1.379227590651739277e+00 8.377999442620158721e-01 3.139249198354470582e+00 4.576355446909012414e+00 8.865509070918919932e-01 5.614545200967927308e+00 5.108374189258561238e+00 1.813914119488447829e+00 3.325077552429900329e+00
2.248776760820213827e+00 2.230761534028161464e+00 2.907403518866061631e+00 2.491323973541154757e+00 3.706827159448057518e+00 5.972667327997740472e+00 1.379219116796990274e+00 8.378017735987715042e-01 3.139251359318642187e+00 4.576356109820897800e+00 8.865454787265001357e-01 5.614539147182842527e+00 5.108363189738189369e+00 1.813925122091847308e+00 3.325078472440071486e+00
2.248774444933236971e+00 2.230757986587035724e+00 2.907399562687324135e+00 2.491316785256515676e+00 3.706834349745599333e+00 5.972672783012963116e+00 1.379213578997581457e+00 8.378029691039508009e-01 3.139252771567874856e+00 4.576356543105687180e+00 8.865419312853748401e-01 5.614535191004105030e+00 5.108356001453549844e+00 1.813932312389389123e+00 3.325079073695695442e+00
2.248772931394909413e+00 2.230755668181390927e+00 2.907396977140177530e+00 2.491312087360608274e+00 3.706839048956238170e+00 5.972676348143009406e+00 1.379209959748282088e+00 8.378037504346742548e-01 3.139253694558378438e+00 4.576356826304643022e+00 8.865396128797299324e-01 5.614532605456958869e+00 5.108351303557642886e+00 1.813937011600028182e+00 3.325079466655894045e+00
2.248771942187671957e+00 2.230754152938628110e+00 2.907395287294631814e+00 2.491309016932740761e+00 3.706842120243041716e+00 5.972678678228024118e+00 1.379207594285539740e+00 8.378042610977357585e-01 3.139254297808887983e+00 4.576357011406981812e+00 8.865380976369672261e-01 5.614530915611412709e+00 5.108348233129775373e+00 1.813940082886831728e+00 3.325079723489670069e+00
2.248771295651332824e+00 2.230753162591983862e+00 2.907394182826258611e+00 2.491307010124991894e+00 3.706844127612042517e+00 5.972680201155536217e+00 1.379206048232545889e+00 8.378045948653600750e-01 3.139254692091615340e+00 4.576357132392747218e+00 8.865371072903267535e-01 5.614529811143038174e+00 5.108346226322018069e+00 1.813942090255832751e+00 3.325079891356386597e+00
2.248770873073824283e+00 2.230752515299921246e+00 2.907393460942611529e+00 2.491305698468643914e+00 3.706845439635163775e+00 5.972681196547029003e+00 1.379205037724927196e+00 8.378048130180214548e-01 3.139254949797363192e+00 4.576357211471244746e+00 8.865364599982648031e-01 5.614529089259392869e+00 5.108344914665672754e+00 1.813943402278952677e+00 3.325080001075599867e+00
2.248770596873022942e+00 2.230752092223720062e+00 2.907392989112002724e+00 2.491304841156031902e+00 3.706846297187476047e+00 5.972681847145946854e+00 1.379204377245422553e+00 8.378049556053833724e-01 3.139255118237112008e+00 4.576357263158542743e+00 8.865360369220643966e-01 5.614528617428784507e+00 5.108344057353060741e+00 1.813944259831265837e+00 3.325080072789672325e+00
2.248770416344073375e+00 2.230751815694924645e+00 2.907392680716327504e+00 2.491304280803249949e+00 3.706846857696917574e+00 5.972682272387633162e+00 1.379203945545407928e+00 8.378050488028864207e-01 3.139255228332156200e+00 4.576357296942473951e+00 8.865357603932677577e-01 5.614528309033110176e+00 5.108343497000278788e+00 1.813944820340708475e+00 3.325080119663282208e+00
2.248770298347070096e+00 2.230751634950715712e+00 2.907392479143228847e+00 2.491303914546257658e+00 3.706847224056301737e+00 5.972682550333574980e+00 1.379203663378085976e+00 8.378051097185920115e-01 3.139255300292416617e+00 4.576357319024412895e+00 8.865355796490586027e-01 5.614528107460012407e+00 5.108343130743286054e+00 1.813945186700093082e+00 3.325080150300824489e+00
2.248770221221826571e+00 2.230751516812638613e+00 2.907392347390914011e+00 2.491303675153133668e+00 3.706847463516348196e+00 5.972682732004806816e+00 1.379203478947632400e+00 8.378051495343908917e-01 3.139255347327166934e+00 4.576357333457679921e+00 8.865354615109812819e-01 5.614527975707698459e+00 5.108342891350161175e+00 1.813945426160139762e+00 3.325080170326187634e+00
2.248770170811087432e+00 2.230751439595025420e+00 2.907392261274716727e+00 2.491303518680530793e+00 3.706847620032691637e+00 5.972682850749126970e+00 1.379203358399806900e+00 8.378051755588873384e-01 3.139255378070129332e+00 4.576357342891603786e+00 8.865353842933679784e-01 5.614527889591500731e+00 5.108342734877559188e+00 1.813945582676483870e+00 3.325080183415219270e+00
2.248770137861483498e+00 2.230751389123842632e+00 2.907392204987208739e+00 2.491303416406466464e+00 3.706847722335346873e+00 5.972682928363130195e+00 1.379203279606982857e+00 8.378051925690999102e-01 3.139255398164438216e+00 4.576357349057841972e+00 8.865353338221840795e-01 5.614527833303991855e+00 5.108342632603494415e+00 1.813945684979139772e+00 3.325080191970515298e+00
2.248770116324854129e+00 2.230751356134701879e+00 2.907392168196377469e+00 2.491303349557745239e+00 3.706847789202755816e+00 5.972682979093461242e+00 1.379203228106143930e+00 8.378052036873755437e-01 3.139255411298552012e+00 4.576357353088243762e+00 8.865353008330435491e-01 5.614527796513160141e+00 5.108342565754773190e+00 1.813945751846548271e+00 3.325080197562459983e+00
