4.769067002978064629e+00 2.453690162103224992e+00 4.989733808930827408e+00 1.378448910520890802e+00 3.735934949606637634e+00 6.309215094606059893e-01 3.898981952194727985e+00 4.370215076289599487e+00 5.460007625099589923e+00 3.418701518152431618e+00 7.512973449887810906e-01 1.255495084173753773e+00 3.650655075213169454e+00 3.166723536760824853e+00 8.115623659613013796e-01
4.681836446488849113e+00 2.388866485964544317e+00 5.084686516582662463e+00 1.335022798380557596e+00 3.573134391086368655e+00 7.986446446011873368e-01 3.735342441631127386e+00 4.206923865609269342e+00 5.490235600546537142e+00 3.390057962913910927e+00 6.864736688501007489e-01 1.350447791825589272e+00 3.607228963072836248e+00 3.003922978240554986e+00 9.429203360372443443e-01
4.756136945450092135e+00 2.439549085132328710e+00 5.010380704045906519e+00 1.394357288784543236e+00 3.591641489974577883e+00 8.514078466381335142e-01 3.686293500445582794e+00 4.161390589366702031e+00 5.429142229087966953e+00 3.312739715322182477e+00 7.371562680178825877e-01 1.276141979288831552e+00 3.666563453476821888e+00 3.022430077128758885e+00 9.140210352812219163e-01
4.744642478115593143e+00 2.433811650987892428e+00 5.021612873238207264e+00 1.382272218896829052e+00 3.542959932171214632e+00 9.071816927730176339e-01 3.630914040679205534e+00 4.105986517068709318e+00 5.415631808270886971e+00 3.291388870347968343e+00 7.314188338734463057e-01 1.287374148481135627e+00 3.654478383589110813e+00 2.973748519325394746e+00 9.584883214995857381e-01
4.779759336187368923e+00 2.455376199927889136e+00 4.989526309046853569e+00 1.412325623444559586e+00 3.568500737479839646e+00 9.045722374252030962e-01 3.632867684320450152e+00 4.108310373533974769e+00 5.399117246049150332e+00 3.271215851278194808e+00 7.529833828134429030e-01 1.255287584289781710e+00 3.684531788136841346e+00 2.999289324634019760e+00 9.312272778222833169e-01
4.767721777309654740e+00 2.449254737795744319e+00 5.000647992908721307e+00 1.398823828942042713e+00 3.541680687876922473e+00 9.294196830868617365e-01 3.608776105020331304e+00 4.084536176691679898e+00 5.394089119065723636e+00 3.265118344042443166e+00 7.468619206812980860e-01 1.266409268151652112e+00 3.671029993634326249e+00 2.972469275031102143e+00 9.574429408697997523e-01
4.785371565017485729e+00 2.459439731467803369e+00 4.984861396237567632e+00 1.415221767088988392e+00 3.559539883000858218e+00 9.209735063598927240e-01 3.616423763788100043e+00 4.092042831278879689e+00 5.389591836587585227e+00 3.259223827380151484e+00 7.570469143533572476e-01 1.250622671480499104e+00 3.687427931781271706e+00 2.990328470155037000e+00 9.390520269603115366e-01
4.776175103300260183e+00 2.454611285291808720e+00 4.993181234606599794e+00 1.405348663449911273e+00 3.543956183124506332e+00 9.336141459279722055e-01 3.604408270573912443e+00 4.080309148615971715e+00 5.388060871831666709e+00 3.257783541073383748e+00 7.522184681773622650e-01 1.258942509849530378e+00 3.677554828142194143e+00 2.974744770278684669e+00 9.545910902120614550e-01
4.785699957968633456e+00 2.459928890214857944e+00 4.984699234648775068e+00 1.414620918871320354e+00 3.555249219136620287e+00 9.268153738991260493e-01 3.610676647241426007e+00 4.086416454886737881e+00 5.386801923694807037e+00 3.255898643603410747e+00 7.575360731004118220e-01 1.250460509891705208e+00 3.686827083563603225e+00 2.986037806290798180e+00 9.430890671294397398e-01
4.779575115625540604e+00 2.456658226964517411e+00 4.990199341458944282e+00 1.408217101147609895e+00 3.546038585228206141e+00 9.337381161009128405e-01 3.604168233478682648e+00 4.080089208520757182e+00 5.386397893680409332e+00 3.255721173458730799e+00 7.542654098500713999e-01 1.255960616701874200e+00 3.680423265839892544e+00 2.976827172382384479e+00 9.523434598467807044e-01
4.784991556267274682e+00 2.459634582008893844e+00 4.985376247389706528e+00 1.413613729127113583e+00 3.552967597826342416e+00 9.291988500198877787e-01 3.608382382714660608e+00 4.084189327813691150e+00 5.386020882099932905e+00 3.255029209423530023e+00 7.572417648944473889e-01 1.251137522632636223e+00 3.685819893819396675e+00 2.983756184980520310e+00 9.453179258184849498e-01
4.781137452406765576e+00 2.457559244175429480e+00 4.988827002440377356e+00 1.409638481251568543e+00 3.547472985569793735e+00 9.331676435050080265e-01 3.604670056236526143e+00 4.080585363264628285e+00 5.385936190345324448e+00 3.255122953960943200e+00 7.551664270609859120e-01 1.254588277683307274e+00 3.681844645943848970e+00 2.978261572723973849e+00 9.508563952476517533e-01
4.784310174491030132e+00 2.459290169790146585e+00 4.985999852581993075e+00 1.412834671893452132e+00 3.551678028501653372e+00 9.303160716253929818e-01 3.607324921953959151e+00 4.083167060237443913e+00 5.385810070058582255e+00 3.254824376619934956e+00 7.568973526757029058e-01 1.251761127824923658e+00 3.685040836585733448e+00 2.982466615655833042e+00 9.466012011008188010e-01
4.781943267854535051e+00 2.458010549599029648e+00 4.988116162455399127e+00 1.410409845654295724e+00 3.548383935057964678e+00 9.326495489796398086e-01 3.605146856260098787e+00 4.081053051960911837e+00 5.385805152679088437e+00 3.254937290524526627e+00 7.556177324845813059e-01 1.253877437698325492e+00 3.682616010346581259e+00 2.979172522212141239e+00 9.499262026700460160e-01
4.783829474399885484e+00 2.459036315457383104e+00 4.986434348642196035e+00 1.412319938106166850e+00 3.550924699626709202e+00 9.309006430329211934e-01 3.606776962749259408e+00 4.082637700579505591e+00 5.385756201204985771e+00 3.254789040496726127e+00 7.566434983429343175e-01 1.252195623885123510e+00 3.684526102798451053e+00 2.981713286780886207e+00 9.473573813420080869e-01
4.782391435007510516e+00 2.458257413300450445e+00 4.987719228808813909e+00 1.410851633710973108e+00 3.548944973991855711e+00 9.322902278053576408e-01 3.605480968962905486e+00 4.081379675465107937e+00 5.385766276079908543e+00 3.254872608719646454e+00 7.558645961860017692e-01 1.253480504051737610e+00 3.683057798403258420e+00 2.979733561146026943e+00 9.493568797155315098e-01
4.783520711875422826e+00 2.458870677824708917e+00 4.986711888589294261e+00 1.411998059568026154e+00 3.550477317970852642e+00 9.312284637871816040e-01 3.606471014562302457e+00 4.082341867027738935e+00 5.385744070324948396e+00 3.254791746162150723e+00 7.564778607102601304e-01 1.252473163832218406e+00 3.684204224260311022e+00 2.981265905125023430e+00 9.478082028041640017e-01
4.782651218596082110e+00 2.458399319343276712e+00 4.987488471486247299e+00 1.411111736150211904e+00 3.549286129266080891e+00 9.320610355126438540e-01 3.605694723949821601e+00 4.081588188658158423e+00 5.385753765584074593e+00 3.254846296780512738e+00 7.560065022288280367e-01 1.253249746729171887e+00 3.683317900842496329e+00 2.980074716420251679e+00 9.490115939268257694e-01
4.783329521398669293e+00 2.458767450624928852e+00 4.986883244934533721e+00 1.411801169624389285e+00 3.550209554858208882e+00 9.314193066799644205e-01 3.606293176324420369e+00 4.082169694320072928e+00 5.385742356929711150e+00 3.254799828609025614e+00 7.563746335104801766e-01 1.252644520177458087e+00 3.684007334316673710e+00 2.980998142012379670e+00 9.480784753111355379e-01
4.782804935408459635e+00 2.458482958771989413e+00 4.987351669645832430e+00 1.411266870028559328e+00 3.549492441436302492e+00 9.319195649771958578e-01 3.605826762884777104e+00 4.081716800151119706e+00 5.385749193144503622e+00 3.254833807495904008e+00 7.560901416575400713e-01 1.253112944888757019e+00 3.683473034720843753e+00 2.980281028590473280e+00 9.488030101595603671e-01
4.783212963855258515e+00 2.458704346117071893e+00 4.986987538633786521e+00 1.411681840146320921e+00 3.550048726003760535e+00 9.315324725604844369e-01 3.606187754175915305e+00 4.082067522363476364e+00 5.385742851890025662e+00 3.254806405578659856e+00 7.563115290026199977e-01 1.252748813876709777e+00 3.683888004838608676e+00 2.980837313157931323e+00 9.482409226941094227e-01
4.782896779015604949e+00 2.458532844455387778e+00 4.987269835479507307e+00 1.411359933849284598e+00 3.549616910331591768e+00 9.318334482302457200e-01 3.605907138260931344e+00 4.081795011117899996e+00 5.385747240091383503e+00 3.254827163425986658e+00 7.561400273409357720e-01 1.253031110722430563e+00 3.683566098541572575e+00 2.980405497485762556e+00 9.486772248344189640e-01
4.783142389911683168e+00 2.458666092210970433e+00 4.987050626148087140e+00 1.411609797498783569e+00 3.549951973754362111e+00 9.316001587918985027e-01 3.606124692240872509e+00 4.082006357344924119e+00 5.385743562964449005e+00 3.254810809933870619e+00 7.562732750965178719e-01 1.252811901391010840e+00 3.683815962191071325e+00 2.980740560908532899e+00 9.483386743315855849e-01
4.782951898983480277e+00 2.458562760540075054e+00 4.987220687111086015e+00 1.411415900402484214e+00 3.549691925586480057e+00 9.317813438296921325e-01 3.605955759139249039e+00 4.081842291437181913e+00 5.385746278552786315e+00 3.254823386006488573e+00 7.561699434256223817e-01 1.252981962354011047e+00 3.683622065094771525e+00 2.980480512740650845e+00 9.486014280251069408e-01
4.783099787493219957e+00 2.458642988501406723e+00 4.987088687549139365e+00 1.411566372404861935e+00 3.549893729401964126e+00 9.316408018010019498e-01 3.606086817949872181e+00 4.081969603066565533e+00 5.385744101610123735e+00 3.254813573971678142e+00 7.562501713869544950e-01 1.252849962792064620e+00 3.683772537097149247e+00 2.980682316556135802e+00 9.483975255396415172e-01
4.782985045426180193e+00 2.458580744855965783e+00 4.987191118747871243e+00 1.411449591328640008e+00 3.549737116307462692e+00 9.317499020355624051e-01 3.605985092604526709e+00 4.081870803903667522e+00 5.385745756323821354e+00 3.254821166074296279e+00 7.561879277415137768e-01 1.252952393990796720e+00 3.683655756020927541e+00 2.980525703461633924e+00 9.485557686146075529e-01
4.783074104535915083e+00 2.458629057551701358e+00 4.987111625095857370e+00 1.411540213359815388e+00 3.549858656622447928e+00 9.316652488349541628e-01 3.606064031938155612e+00 4.081947483337433624e+00 5.385744455056919122e+00 3.254815265318697914e+00 7.562362404372503510e-01 1.252872900338782625e+00 3.683746378052103587e+00 2.980647243776619604e+00 9.484329645031468470e-01
4.783004995651532809e+00 2.458591567901620589e+00 4.987173317402919359e+00 1.411469880397097532e+00 3.549764335289286699e+00 9.317309507270915558e-01 3.606002770113911016e+00 4.081887981953189026e+00 5.385745456595408598e+00 3.254819841780490997e+00 7.561987507871702485e-01 1.252934592645844836e+00 3.683676045089385287e+00 2.980552922443459263e+00 9.485282675083549497e-01
4.783058630491027863e+00 2.458620663465734602e+00 4.987125442187988256e+00 1.411524458758885325e+00 3.549837534590362775e+00 9.316799649722625754e-01 3.606050313671429475e+00 4.081934163318453379e+00 5.385744675390689906e+00 3.254816289793170725e+00 7.562278463512847049e-01 1.252886717430913954e+00 3.683730623451173525e+00 2.980626121744534895e+00 9.484543070205009307e-01
4.783017007893635153e+00 2.458598084268956097e+00 4.987162597321006530e+00 1.411482100218826030e+00 3.549780728537696994e+00 9.317195335765540154e-01 3.606013418561567985e+00 4.081898327763444634e+00 5.385745279821895437e+00 3.254819046783671954e+00 7.562052671545067550e-01 1.252923872563937557e+00 3.683688264911116672e+00 2.980569315691863785e+00 9.485117042397888110e-01
