4.365265783067499683e+00 2.905580488293164176e+00 1.212793075372720741e+00 5.154960274839554657e+00 4.447410759429853755e+00 1.589413130022029996e+00 5.111744491199935680e+00 2.256759747295290719e+00 4.066522862777114611e+00 2.029629930386743553e+00 5.529987296838505983e+00 5.320901850248472620e+00 3.066134060222198698e-01 6.243794059675050079e+00 2.612139485918390402e+00
4.316377058052489168e+00 2.913542197602913664e+00 1.255569981983685857e+00 5.115049655100310844e+00 4.468085365754975946e+00 1.569917877366279413e+00 5.081719950633856620e+00 2.230005497201241305e+00 4.031745156393660601e+00 2.007238856760078960e+00 5.537949006148255471e+00 5.363678756859437513e+00 2.667027862829760010e-01 6.264468666000173158e+00 2.641971734169433539e+00
4.293756010541438961e+00 2.922628413675184778e+00 1.287514300183264071e+00 5.091844379239207186e+00 4.490317851531955284e+00 1.548138188556187123e+00 5.075264568968866463e+00 2.224775971373720296e+00 4.010909449786081105e+00 2.001207322410829104e+00 5.547035222220526585e+00 5.395623075059015505e+00 2.434975104218724540e-01 6.286701151777152496e+00 2.653600573025974185e+00
4.288503014214206210e+00 2.930534862819654585e+00 1.307024410690131866e+00 5.082591736689618500e+00 4.507249803066955884e+00 1.530096131632735945e+00 5.081248318493742921e+00 2.229878872598826334e+00 3.999682006245578236e+00 2.005781412018218024e+00 5.554941671364995948e+00 5.415133185565883522e+00 2.342448678722840738e-01 6.303633103312153096e+00 2.656064624806158125e+00
4.289527312958784755e+00 2.936590323545519077e+00 1.318820791668904313e+00 5.079607261804674145e+00 4.518903376012772810e+00 1.516757894688094188e+00 5.089750979549491738e+00 2.236754176542329109e+00 3.993213767904226774e+00 2.012992002876817121e+00 5.560997132090860440e+00 5.426929566544655970e+00 2.312603929873400799e-01 6.315286676257970022e+00 2.655899585061659796e+00
4.291783250096041336e+00 2.940954245552823032e+00 1.326320504030278125e+00 5.078741071481387870e+00 4.526802174653359323e+00 1.507317478155330903e+00 5.097034441683616635e+00 2.242503950904429999e+00 3.989135424690934517e+00 2.019337369655595626e+00 5.565361054098163507e+00 5.434429278906029559e+00 2.303942026640545260e-01 6.323185474898556535e+00 2.655320420864910158e+00
4.293785525573919237e+00 2.943990932894220869e+00 1.331240907535867990e+00 5.078513712938303115e+00 4.532131196813156571e+00 1.500799375097039645e+00 5.102432174847249868e+00 2.246707510507091499e+00 3.986447597319190184e+00 2.024082132259942046e+00 5.568397741439560455e+00 5.439349682411619646e+00 2.301668441209701321e-01 6.328514497058353783e+00 2.654830450028066835e+00
4.295277666104559522e+00 2.946059559225115088e+00 1.334500886688936294e+00 5.078471920142754392e+00 4.535704870824444512e+00 1.496373448662107641e+00 5.106208626668564676e+00 2.249624374875519806e+00 3.984655797592093318e+00 2.027411076296904646e+00 5.570466367770454674e+00 5.442609661564687507e+00 2.301250513254209928e-01 6.332088171069640836e+00 2.654484808757131109e+00
4.296322953660347110e+00 2.947450554294562597e+00 1.336661962976448237e+00 5.078481211774595216e+00 4.538087430728647398e+00 1.493401472656723294e+00 5.108781415598857123e+00 2.251601266608449503e+00 3.983462056886116986e+00 2.029680725198613089e+00 5.571857362839901739e+00 5.444770737852199893e+00 2.301343429572619559e-01 6.334470730973843722e+00 2.654252826143085553e+00
4.297035504847216636e+00 2.948378464068984073e+00 1.338092035953377890e+00 5.078501106754045757e+00 4.539668808732933769e+00 1.491420227225677575e+00 5.110510116537729353e+00 2.252925125084946245e+00 3.982669285398594106e+00 2.031205952653861502e+00 5.572785272614322771e+00 5.446200810829129324e+00 2.301542379367124413e-01 6.336052108978130093e+00 2.654099456044114014e+00
4.297514485655437255e+00 2.948994394643480899e+00 1.339036684248459563e+00 5.078519723354633086e+00 4.540715217826021721e+00 1.490105574038934844e+00 5.111662564041823842e+00 2.253805746280703737e+00 3.982144329603381383e+00 2.032222724899513722e+00 5.573401203188819153e+00 5.447145459124211442e+00 2.301728545373011303e-01 6.337098518071217157e+00 2.653998511514353620e+00
4.297833903801578259e+00 2.949401962163302304e+00 1.339659851876151775e+00 5.078534276468217534e+00 4.541406250316574855e+00 1.489235832918980984e+00 5.112427212623956940e+00 2.254389194730365364e+00 3.981797454617270304e+00 2.032897314036471670e+00 5.573808770708641447e+00 5.447768626751901877e+00 2.301874076508856060e-01 6.337789550561770291e+00 2.653932147723319535e+00
4.298045887396272136e+00 2.949671116122385861e+00 1.340070573614096094e+00 5.078544831403788429e+00 4.541862008012886420e+00 1.488661535873262887e+00 5.112933053711463671e+00 2.254774798576218320e+00 3.981568582383157917e+00 2.033343554865884695e+00 5.574077924667724560e+00 5.448179348489845530e+00 2.301979625864553902e-01 6.338245308258080968e+00 2.653888523223224105e+00
4.298186144914323492e+00 2.949848634739606457e+00 1.340341114139145251e+00 5.078552196441240341e+00 4.542162343905345345e+00 1.488282792409208577e+00 5.113267051758763060e+00 2.255029246434266721e+00 3.981417715285482828e+00 2.033638188591786911e+00 5.574255443284945599e+00 5.448449889014894687e+00 2.302053276239079960e-01 6.338545644150539893e+00 2.653859841887157511e+00
4.298278765010844715e+00 2.949965618400960388e+00 1.340519248786690376e+00 5.078557223470412829e+00 4.542360152835027698e+00 1.488033215611058946e+00 5.113487315313781423e+00 2.255196979262838131e+00 3.981318330433103903e+00 2.033832487094871411e+00 5.574372426946299086e+00 5.448628023662440256e+00 2.302103546530805678e-01 6.338743453080222245e+00 2.653840981371514918e+00
4.298339850391007744e+00 2.950042668073173058e+00 1.340636510034052264e+00 5.078560609271653981e+00 4.542490389143872598e+00 1.487868840767092138e+00 5.113632458271309744e+00 2.255307476956947443e+00 3.981252887206153002e+00 2.033960517988643080e+00 5.574449476618511312e+00 5.448745284909801256e+00 2.302137404543219412e-01 6.338873689389066257e+00 2.653828576859770028e+00
4.298380104752821396e+00 2.950093397775722881e+00 1.340713687193639592e+00 5.078562870804248952e+00 4.542576116378024054e+00 1.487760618295168147e+00 5.113728050749791088e+00 2.255380238710944063e+00 3.981209805761262821e+00 2.034044839260774840e+00 5.574500206321061135e+00 5.448822462069389694e+00 2.302160019869167740e-01 6.338959416623217713e+00 2.653820417433318202e+00
4.298406617551683517e+00 2.950126790581777847e+00 1.340764476942411632e+00 5.078564373424910627e+00 4.542632537341805943e+00 1.487689381909026443e+00 5.113790987421154455e+00 2.255428138322220111e+00 3.981181450237069264e+00 2.034100354678196609e+00 5.574533599127117434e+00 5.448873251818159957e+00 2.302175046075788101e-01 6.339015837587000490e+00 2.653815049862892295e+00
4.298424073582161498e+00 2.950148768032091695e+00 1.340797898949499967e+00 5.078565368414721171e+00 4.542669666881535839e+00 1.487642498171581229e+00 5.113832414750431710e+00 2.255459665234996081e+00 3.981162789286783799e+00 2.034136896853346865e+00 5.574555576577431282e+00 5.448906673825248070e+00 2.302184995973891590e-01 6.339052967126730387e+00 2.653811518664318303e+00
4.298435563983110441e+00 2.950163231026600830e+00 1.340819891154222177e+00 5.078566025814671647e+00 4.542694099536539021e+00 1.487611644952490320e+00 5.113859679812345682e+00 2.255480413357943803e+00 3.981150509351458311e+00 2.034160946703330364e+00 5.574570039571939972e+00 5.448928666029970280e+00 2.302191569973396912e-01 6.339077399781733568e+00 2.653809195476561911e+00
4.298443126372638368e+00 2.950172748256627564e+00 1.340834361927260465e+00 5.078566459541243638e+00 4.542710176476549400e+00 1.487591342379408266e+00 5.113877622365457398e+00 2.255494066794188956e+00 3.981142428889136831e+00 2.034176773356453083e+00 5.574579556801966262e+00 5.448943136803008791e+00 2.302195907239118766e-01 6.339093476721743947e+00 2.653807667001377268e+00
4.298448103051724090e+00 2.950179010704576221e+00 1.340843883440308026e+00 5.078566745427888662e+00 4.542720754975531960e+00 1.487577983085698108e+00 5.113889429228194672e+00 2.255503051060869790e+00 3.981137111949337282e+00 2.034187187862389834e+00 5.574585819249914032e+00 5.448952658316057907e+00 2.302198766105573446e-01 6.339104055220726508e+00 2.653806661366322039e+00
4.298451377904514814e+00 2.950183131350909704e+00 1.340850148344934434e+00 5.078566933751155865e+00 4.542727715416748246e+00 1.487569192780460181e+00 5.113897198256772469e+00 2.255508962708214327e+00 3.981133613483191613e+00 2.034194040699747852e+00 5.574589939896247515e+00 5.448958923220684092e+00 2.302200649338246863e-01 6.339111015661942794e+00 2.653805999717303354e+00
4.298453532795081244e+00 2.950185842656258384e+00 1.340854270451239394e+00 5.078567057755927650e+00 4.542732295193124159e+00 1.487563408936753317e+00 5.113902310211975610e+00 2.255512852484999886e+00 3.981131311578743226e+00 2.034198549805774192e+00 5.574592651201598414e+00 5.448963045326988386e+00 2.302201889385966649e-01 6.339115595438319595e+00 2.653805564387484051e+00
4.298454950697529142e+00 2.950187626620628389e+00 1.340856982649477613e+00 5.078567139387359930e+00 4.542735308534553873e+00 1.487559603329484226e+00 5.113905673774788774e+00 2.255515411863083131e+00 3.981129796996873971e+00 2.034201516704720714e+00 5.574594435165968420e+00 5.448965757525225939e+00 2.302202705700287233e-01 6.339118608779749309e+00 2.653805277962131282e+00
4.298455883649721088e+00 2.950188800410632251e+00 1.340858767172021793e+00 5.078567193115349099e+00 4.542737291203272854e+00 1.487557099366043412e+00 5.113907886904673461e+00 2.255517095855015253e+00 3.981128800455162153e+00 2.034203468840339202e+00 5.574595608955971393e+00 5.448967542047769896e+00 2.302203242980176423e-01 6.339120591448469177e+00 2.653805089507849324e+00
4.298456497506563778e+00 2.950189572721816589e+00 1.340859941316592696e+00 5.078567228473855444e+00 4.542738595722490835e+00 1.487555451849592147e+00 5.113909343070651481e+00 2.255518203862767024e+00 3.981128144768410149e+00 2.034204753280504097e+00 5.574596381267154399e+00 5.448968716192339912e+00 2.302203596565231547e-01 6.339121895967684495e+00 2.653804965513594016e+00
4.298456901404198227e+00 2.950190080872741927e+00 1.340860713855575259e+00 5.078567251741605837e+00 4.542739454043673852e+00 1.487554367847641723e+00 5.113910301174601436e+00 2.255518932890031358e+00 3.981127713352500486e+00 2.034205598395042891e+00 5.574596889418080181e+00 5.448969488731322919e+00 2.302203829242737698e-01 6.339122754288867512e+00 2.653804883930952485e+00
4.298457167154162484e+00 2.950190415215649953e+00 1.340861222154003496e+00 5.078567267052246592e+00 4.542740018783657518e+00 1.487553654617977950e+00 5.113910931569830787e+00 2.255519412561121761e+00 3.981127429498431791e+00 2.034206154447575798e+00 5.574597223760988207e+00 5.448969997029751156e+00 2.302203982349144140e-01 6.339123319028851178e+00 2.653804830253190250e+00
4.298457342007368176e+00 2.950190635199527289e+00 1.340861556592933379e+00 5.078567277126621704e+00 4.542740390358943614e+00 1.487553185342247897e+00 5.113911346344513831e+00 2.255519728165144233e+00 3.981127242734254335e+00 2.034206520307737520e+00 5.574597443744865544e+00 5.448970331468681039e+00 2.302204083092891651e-01 6.339123690604137273e+00 2.653804794935578748e+00
