3.117054765668795913e+00 5.728911663050291203e+00 2.670354478284667099e+00 5.432134504049990653e+00 2.575390964055054521e+00 3.791931218709323037e+00 2.427753586989256807e+00 4.984708950959940488e+00 3.717817100462893709e+00 4.845464141392939461e-01 5.704845392154685335e+00 2.209731361516368509e+00 5.412922750059491861e+00 1.805244130084722842e+00 5.521855218369723595e+00
3.050761370025355745e+00 5.760354827597857330e+00 2.627140391516471940e+00 5.361946920448477094e+00 2.627653944250428530e+00 3.792795381132086696e+00 2.366398861807150755e+00 4.976305865031061870e+00 3.694095742369787327e+00 4.465248013328238508e-01 5.736288556702250574e+00 2.166517274748175570e+00 5.342735166457974749e+00 1.857507110280097518e+00 5.585889938121326281e+00
3.052054569136622320e+00 5.778013218771993920e+00 2.624757698106433779e+00 5.383168566128435195e+00 2.597780682717928169e+00 3.789987394813269184e+00 2.387243434424655586e+00 4.955273568935639972e+00 3.692269895694099358e+00 4.391263170910693070e-01 5.753946947876387163e+00 2.164134581338137409e+00 5.363956812137932850e+00 1.827633848747597156e+00 5.560493649246448733e+00
3.038501412080750086e+00 5.790228017854169629e+00 2.613768027560068763e+00 5.375618975394564458e+00 2.599677001942803045e+00 3.789777454682146551e+00 2.381702863217656230e+00 4.948725632422661391e+00 3.684718861405520407e+00 4.303877982990951812e-01 5.766161746958562873e+00 2.153144910791767064e+00 5.356407221404056784e+00 1.829530167972478694e+00 5.566653674697603194e+00
3.034516325528670677e+00 5.798138816612246060e+00 2.609915249371642876e+00 5.377852301570807292e+00 2.593534215685532995e+00 3.788966234371719199e+00 2.384527241329192471e+00 4.941460911147177448e+00 3.682265975169677130e+00 4.254522071293470042e-01 5.774072545716639304e+00 2.149292132603341621e+00 5.358640547580300506e+00 1.823387381715208866e+00 5.562736183421447045e+00
3.030080495280896624e+00 5.803632542117154181e+00 2.606089448424705690e+00 5.376906221827113974e+00 2.591887070262488102e+00 3.788617730620526647e+00 2.384262664443442592e+00 4.937502713591864101e+00 3.679695954256152923e+00 4.218173734288427346e-01 5.779566271221550089e+00 2.145466331656403103e+00 5.357694467836607188e+00 1.821740236292164195e+00 5.562801287432738384e+00
3.027640092027978902e+00 5.807347961982179285e+00 2.603908450088924020e+00 5.377065121888261245e+00 2.589925986980348149e+00 3.788289263692095510e+00 2.384804093385815005e+00 4.934424985212198855e+00 3.678293228278076477e+00 4.193864095338825093e-01 5.783281691086576082e+00 2.143285333320622321e+00 5.357853367897753571e+00 1.819779153010023798e+00 5.561919550304160076e+00
3.025778793712670112e+00 5.809911603631636723e+00 2.602278973280286678e+00 5.376909993569311652e+00 2.588854582199616061e+00 3.788084475417031971e+00 2.384943125548743659e+00 4.932422651849908135e+00 3.677229038291519370e+00 4.176950656370367887e-01 5.785845332736028190e+00 2.141655856511984535e+00 5.357698239578802202e+00 1.818707748229293264e+00 5.561610042249877317e+00
3.024564245261362139e+00 5.811668473599427287e+00 2.601208499360402548e+00 5.376887377969195470e+00 2.588030411715417145e+00 3.787932408639981929e+00 2.385114496747088086e+00 4.931003418707595287e+00 3.676540327040755507e+00 4.165348868101955704e-01 5.787602202703818755e+00 2.140585382592099961e+00 5.357675623978686019e+00 1.817883577745094126e+00 5.561297686042031785e+00
3.023709838727865140e+00 5.812878732650341718e+00 2.600458876311749989e+00 5.376844531009751904e+00 2.587491810453201868e+00 3.787829303146016624e+00 2.385208696501368575e+00 4.930037603156612214e+00 3.676056869103900393e+00 4.157340623376518662e-01 5.788812461754734073e+00 2.139835759543448290e+00 5.357632777019242454e+00 1.817344976482879737e+00 5.561112832403797057e+00
3.023128634349804500e+00 5.813711301449032476e+00 2.599948415415418879e+00 5.376823518601020702e+00 2.587112107176611442e+00 3.787756818284125249e+00 2.385281339424374814e+00 4.929367733955593245e+00 3.675729203067685802e+00 4.151825724873715595e-01 5.789645030553425720e+00 2.139325298647118068e+00 5.357611764610511251e+00 1.816965273206288867e+00 5.560975063440000810e+00
3.022726624407052753e+00 5.814284813024294785e+00 2.599595750302541308e+00 5.376806267364593772e+00 2.586853508553113912e+00 3.787706897881742307e+00 2.385329018724681838e+00 4.928907257698838862e+00 3.675502874237900119e+00 4.148023784368544686e-01 5.790218542128688028e+00 2.138972633534240053e+00 5.357594513374084322e+00 1.816706674582791115e+00 5.560883081776145431e+00
3.022450484407706472e+00 5.814679800833001622e+00 2.599353492249571129e+00 5.376795222071359959e+00 2.586674487380893783e+00 3.787672282530444523e+00 2.385362664313944947e+00 4.928589440590250170e+00 3.675347648679482049e+00 4.145403879796503155e-01 5.790613529937394865e+00 2.138730375481270318e+00 5.357583468080850508e+00 1.816527653410570542e+00 5.560818591502209252e+00
3.022260099480420514e+00 5.814951937136268789e+00 2.599186526390343754e+00 5.376787328246611430e+00 2.586551444773878661e+00 3.787648398118407034e+00 2.385385619392792922e+00 4.928370510624426437e+00 3.675240711771364577e+00 4.143598164350984492e-01 5.790885666240662921e+00 2.138563409622042499e+00 5.357575574256101092e+00 1.816404610803555641e+00 5.560774417153160343e+00
3.022129016005091096e+00 5.815139435215744612e+00 2.599071574983098376e+00 5.376781969812712170e+00 2.586466579381856867e+00 3.787631901239155052e+00 2.385401520458921620e+00 4.928219574671005354e+00 3.675167133412981624e+00 4.142353724728299325e-01 5.791073164320137856e+00 2.138448458214796677e+00 5.357570215822202719e+00 1.816319745411534292e+00 5.560743851162442297e+00
3.022038685142365289e+00 5.815268634049527208e+00 2.598992370925323314e+00 5.376778247794301357e+00 2.586408131590892001e+00 3.787620521974760290e+00 2.385412457168894385e+00 4.928115559946013136e+00 3.675116450235195398e+00 4.141496069773595301e-01 5.791202363153920452e+00 2.138369254157021615e+00 5.357566493803791907e+00 1.816261297620569648e+00 5.560722806931216233e+00
3.021976451631136040e+00 5.815357663528597065e+00 2.598937805986504035e+00 5.376775690286875964e+00 2.586367847071755044e+00 3.787612672642294509e+00 2.385420003098547514e+00 4.928043868563278807e+00 3.675081542735433082e+00 4.140904995735598670e-01 5.791291392632990309e+00 2.138314689218203224e+00 5.357563936296367402e+00 1.816221013101432691e+00 5.560708288858398518e+00
3.021933566508895108e+00 5.815419015438973993e+00 2.598900207220860015e+00 5.376773924584730580e+00 2.586340089350364302e+00 3.787607260471617998e+00 2.385425201651448557e+00 4.927994460662239007e+00 3.675057492730516184e+00 4.140497640840126170e-01 5.791352744543367237e+00 2.138277090452559648e+00 5.357562170594222017e+00 1.816193255380041727e+00 5.560698284164342198e+00
3.021904015034582613e+00 5.815461295035267320e+00 2.598874299216007877e+00 5.376772708350855190e+00 2.586320959780514794e+00 3.787603529083073628e+00 2.385428785337088797e+00 4.927960409035693878e+00 3.675040922609519978e+00 4.140216902791405973e-01 5.791395024139661452e+00 2.138251182447707066e+00 5.357560954360345740e+00 1.816174125810191997e+00 5.560691387096763805e+00
3.021883650288707202e+00 5.815490431808846061e+00 2.598856445692823147e+00 5.376771869790815117e+00 2.586307777065519176e+00 3.787600956889782822e+00 2.385431254984545113e+00 4.927936941441762642e+00 3.675029504766960109e+00 4.140023425748446950e-01 5.791424160913239305e+00 2.138233328924521892e+00 5.357560115800304779e+00 1.816160943095195934e+00 5.560686633613153518e+00
3.021869616269997394e+00 5.815510511477940625e+00 2.598844142413729408e+00 5.376771291916838003e+00 2.586298692099795904e+00 3.787599183889068577e+00 2.385432957120923625e+00 4.927920768071985869e+00 3.675021636883115228e+00 4.139890086908676325e-01 5.791444240582335645e+00 2.138221025645435702e+00 5.357559537926330329e+00 1.816151858129469776e+00 5.560683357299936347e+00
3.021859944756280836e+00 5.815524349535955650e+00 2.598835663723958245e+00 5.376770893614429170e+00 2.586292431164513239e+00 3.787597961844576755e+00 2.385434130184357571e+00 4.927909621807340379e+00 3.675016214995614483e+00 4.139798193658932868e-01 5.791458078640350671e+00 2.138212546955664983e+00 5.357559139623921496e+00 1.816145597194187555e+00 5.560681099272671624e+00
3.021853279604735487e+00 5.815533886188365642e+00 2.598829820650533140e+00 5.376770619114108030e+00 2.586288116366662226e+00 3.787597119577067684e+00 2.385434938643812952e+00 4.927901940098453615e+00 3.675012478604905208e+00 4.139734863558295896e-01 5.791467615292760662e+00 2.138206703882240323e+00 5.357558865123600356e+00 1.816141282396336099e+00 5.560679543041164408e+00
3.021848686257445404e+00 5.815540458503427601e+00 2.598825793865201295e+00 5.376770429929122130e+00 2.586285142769521705e+00 3.787596539078700086e+00 2.385435495812958440e+00 4.927896646082151833e+00 3.675009903694721469e+00 4.139691218350682322e-01 5.791474187607817292e+00 2.138202677096909365e+00 5.357558675938629555e+00 1.816138308799179812e+00 5.560678470509359705e+00
3.021845520698628995e+00 5.815544987915798103e+00 2.598823018768289028e+00 5.376770299547025900e+00 2.586283093469301964e+00 3.787596139000928286e+00 2.385435879800434478e+00 4.927892997598980251e+00 3.675008129192079753e+00 4.139661139392691869e-01 5.791478717020188682e+00 2.138199901999997099e+00 5.357558545556532437e+00 1.816136259498960071e+00 5.560677731339175089e+00
3.021843339108897464e+00 5.815548109435684232e+00 2.598821106275313930e+00 5.376770209690262980e+00 2.586281681160750967e+00 3.787595863272032570e+00 2.385436144433937589e+00 4.927890483172155278e+00 3.675006906281088614e+00 4.139640409888480366e-01 5.791481838540074811e+00 2.138197989507021557e+00 5.357558455699769517e+00 1.816134847190408630e+00 5.560677221919808844e+00
3.021841835632116169e+00 5.815550260685574457e+00 2.598819788252854313e+00 5.376770147763274110e+00 2.586280707843821247e+00 3.787595673244525063e+00 2.385436326811939178e+00 4.927888750304300736e+00 3.675006063498821085e+00 4.139626123746248942e-01 5.791483989789965037e+00 2.138196671484561939e+00 5.357558393772781535e+00 1.816133873873478688e+00 5.560676870840548069e+00
3.021840799485789653e+00 5.815551743258186690e+00 2.598818879916484192e+00 5.376770105084807128e+00 2.586280037065068704e+00 3.787595542281691596e+00 2.385436452501537907e+00 4.927887556064039387e+00 3.675005482684095437e+00 4.139616278173705033e-01 5.791485472362577269e+00 2.138195763148191819e+00 5.357558351094314553e+00 1.816133203094725701e+00 5.560676628886121797e+00
3.021840085407342613e+00 5.815552765000380653e+00 2.598818253920983867e+00 5.376770075672001603e+00 2.586279574785594892e+00 3.787595452025315002e+00 2.385436539123100275e+00 4.927886733029875010e+00 3.675005082406780588e+00 4.139609492906593524e-01 5.791486494104773897e+00 2.138195137152690606e+00 5.357558321681511693e+00 1.816132740815248559e+00 5.560676462137883469e+00
3.021839593287256154e+00 5.815553469153088351e+00 2.598817822505078645e+00 5.376770055401538961e+00 2.586279256197092202e+00 3.787595389823007697e+00 2.385436598820087628e+00 4.927886165819802322e+00 3.675004806549067915e+00 4.139604816708533641e-01 5.791487198257479818e+00 2.138194705736782719e+00 5.357558301411052604e+00 1.816132422226746757e+00 5.560676347219808413e+00
