6.611909112837325297e-01 6.209111446773436072e+00 5.174445723180919998e+00 1.346180007478794627e+00 3.280191159632245501e+00 1.871341004848747991e+00 1.830946551591551286e+00 6.265863315059675642e+00 5.986442100466034866e+00 5.965985240991844130e+00 2.769624082763526562e+00 1.376159121448717659e+00 1.597755698361339904e+00 4.612404921478644226e+00 1.714592377586462990e-01
6.503703044741323547e-01 6.221922038888079598e+00 5.161473539716141978e+00 1.333355761382818194e+00 3.265082849586634861e+00 1.863515649220578219e+00 1.834832067833375824e+00 6.272201287568326400e+00 5.981926534165226350e+00 5.960610701939030420e+00 2.782434674878169645e+00 1.363186937983939417e+00 1.584931452265363472e+00 4.597296611433033142e+00 1.585788978369630231e-01
6.364917486340668784e-01 6.243170053700953126e+00 5.143399085126405978e+00 1.315440851423176793e+00 3.242886832256643981e+00 1.849814352310947152e+00 1.844037717084701544e+00 6.285234900003446867e+00 5.972455047135444062e+00 5.949631538671932063e+00 2.803682689691045393e+00 1.345112483394203862e+00 1.567016542305720961e+00 4.575100594103044038e+00 1.405595838864927838e-01
6.178251653102949659e-01 6.279103408569943312e+00 5.117126157976946921e+00 1.289115662300882370e+00 3.208386252319094911e+00 1.826139993641553216e+00 1.862675131984914412e+00 6.309588205762667101e+00 5.955441854295787429e+00 5.927698391189011318e+00 2.839616044560036023e+00 1.318839556244744582e+00 1.540691353183426981e+00 4.540600014165494080e+00 1.132757055512084443e-01
5.909720073305831933e-01 6.340074225412007713e+00 5.077287923792238367e+00 1.248080643156984415e+00 3.151679504420915379e+00 1.786341719449551002e+00 1.897057381315055746e+00 6.351437053215215123e+00 5.929350771492744698e+00 5.885873196182132006e+00 2.900586861402100869e+00 1.279001322060035584e+00 1.499656334039529915e+00 4.483893266267314992e+00 6.771155887428956244e-02
5.510101410326354587e-01 6.436220708189238415e+00 5.017546117467779787e+00 1.183225588369755776e+00 3.059409131002302384e+00 1.726173324037452383e+00 1.952573342745459462e+00 6.412741855206567365e+00 5.900662072420576720e+00 5.818520171712619593e+00 2.996733344179331127e+00 1.219259515735577448e+00 1.434801279252301498e+00 4.391622892848701554e+00 -1.178474878818445981e-02
5.060051920295943750e-01 6.536806805501847784e+00 4.952860861609357457e+00 1.108095413078204139e+00 2.954962414650711189e+00 1.667941814731091599e+00 2.011046533860179064e+00 6.467330914594451308e+00 5.891369939019958757e+00 5.761229667996539128e+00 3.097319441491940495e+00 1.154574259877154674e+00 1.359671103960749861e+00 4.287176176497109914e+00 -1.115744289976978304e-01
4.915617497716446294e-01 6.554449815502590759e+00 4.935722097762689664e+00 1.088817645583327387e+00 2.931968073109382455e+00 1.658899013827287661e+00 2.022550470974476156e+00 6.476659342628892979e+00 5.890258828173870143e+00 5.756359891803386475e+00 3.114962451492683915e+00 1.137435496030486215e+00 1.340393336465874441e+00 4.264181834955781625e+00 -1.325338498871181103e-01
4.872521143346782435e-01 6.548761420003627265e+00 4.933279594347088626e+00 1.087912468775781072e+00 2.933570762030453416e+00 1.662160227968440651e+00 2.020555918313795996e+00 6.476273903046676494e+00 5.885266825729126516e+00 5.758238315890255699e+00 3.109274055993720420e+00 1.134992992614884511e+00 1.339488159658328126e+00 4.265784523876852141e+00 -1.272469148927445615e-01
4.823963673402157926e-01 6.545939055746071489e+00 4.929646137505303116e+00 1.085283549681226312e+00 2.932614875012191646e+00 1.663897684504296093e+00 2.020052382578148897e+00 6.476824402550112048e+00 5.881255169452573206e+00 5.759373623182465707e+00 3.106451691736163756e+00 1.131359535773099001e+00 1.336859240563773366e+00 4.264828636858590372e+00 -1.251029424271103418e-01
4.780975461187495501e-01 6.543110094698415757e+00 4.926509013296368700e+00 1.083104761097457569e+00 2.932029043145916170e+00 1.665595733604132045e+00 2.019431993710915307e+00 6.477244608759857414e+00 5.877517886700943883e+00 5.760412489789737300e+00 3.103622730688508025e+00 1.128222411564164362e+00 1.334680451980004845e+00 4.264242804992314895e+00 -1.228498787991136598e-01
4.741707399730750172e-01 6.540573595539029839e+00 4.923629955238197020e+00 1.081093077584042605e+00 2.931461202180834835e+00 1.667109546276894338e+00 2.018876743427001408e+00 6.477655189435425065e+00 5.874101927735294382e+00 5.761312193799145831e+00 3.101086231529121662e+00 1.125343353505993793e+00 1.332668768466589437e+00 4.263674964027234005e+00 -1.208397886582786712e-01
4.705900956894452647e-01 6.538261072473137148e+00 4.921003259145914299e+00 1.079258654121034722e+00 2.930946465981540516e+00 1.668479456109815739e+00 2.018361093120182304e+00 6.478042110203348969e+00 5.870966607166701934e+00 5.762100491575400163e+00 3.098773708463228971e+00 1.122716657413711294e+00 1.330834345003581332e+00 4.263160227827939686e+00 -1.190050514082572064e-01
4.673179276312112718e-01 6.536152845376423492e+00 4.918600453753126267e+00 1.077580071490093605e+00 2.930474855143206270e+00 1.669720186803732354e+00 2.017884368261582573e+00 6.478407243841013852e+00 5.868086813147190384e+00 5.762793179670793187e+00 3.096665481366515760e+00 1.120313852020923262e+00 1.329155762372639993e+00 4.262688616989605883e+00 -1.173319569138951413e-01
4.643236240949638605e-01 6.534227314704388334e+00 4.916399809466672544e+00 1.076042468605063807e+00 2.930042650167604457e+00 1.670846531082399222e+00 2.017443272702692969e+00 6.478750876893362154e+00 5.865439196473776207e+00 5.763404032810378830e+00 3.094739950694480601e+00 1.118113207734469539e+00 1.327618159487610194e+00 4.262256412014004070e+00 -1.158033578163358140e-01
4.615803204105385360e-01 6.532466350790721243e+00 4.914382030400592960e+00 1.074632424187108359e+00 2.929646026186678132e+00 1.671870860939050019e+00 2.017035132597102542e+00 6.479073675813283195e+00 5.863003278317244771e+00 5.763944401223535685e+00 3.092978986780813067e+00 1.116095428668389067e+00 1.326208115069654525e+00 4.261859788033079965e+00 -1.144050360667216021e-01
4.590644908911478694e-01 6.530854055014994941e+00 4.912530209627764322e+00 1.073338192708044314e+00 2.929281709709668835e+00 1.672803880072557092e+00 2.016657464881256079e+00 6.479376392702540954e+00 5.860760808378514319e+00 5.764423787388485820e+00 3.091366691005087652e+00 1.114243607895559984e+00 1.324913883590590480e+00 4.261495471556070669e+00 -1.131244791667636446e-01
4.567553632295307531e-01 6.529376460900878421e+00 4.910829387581828520e+00 1.072149369286937937e+00 2.928946803689188361e+00 1.673654881228064717e+00 2.016307998243762611e+00 6.479659856065884682e+00 5.858695449707279401e+00 5.764850189463456509e+00 3.089889096890970688e+00 1.112542785849624405e+00 1.323725060169484324e+00 4.261160565535590194e+00 -1.119506837147451750e-01
4.546344887464611739e-01 6.528021214432230934e+00 4.909266253706555894e+00 1.071056689347697599e+00 2.928638736103936324e+00 1.674431988848682051e+00 2.015984643888919958e+00 6.479924938753381269e+00 5.856792501143125662e+00 5.765230380162745583e+00 3.088533850422324090e+00 1.110979651974352223e+00 1.322632380230243765e+00 4.260852497950337714e+00 -1.108739047176309223e-01
4.526853949024151058e-01 6.526777329505229375e+00 4.907828901639945229e+00 1.070051860101709496e+00 2.928355208600539328e+00 1.675142346594182596e+00 2.015685476867025816e+00 6.480172537007646838e+00 5.855038676021215416e+00 5.765570124893336867e+00 3.087289965495321642e+00 1.109542299907740448e+00 1.321627550984255439e+00 4.260568970446940718e+00 -1.098854671494225443e-01
4.508933053991061035e-01 6.525634989475638470e+00 4.906506632396010481e+00 1.069127425368708861e+00 2.928094156861928088e+00 1.675792268324755474e+00 2.015408719599851128e+00 6.480403554273916455e+00 5.853421920977671000e+00 5.765874355285982134e+00 3.086147625465731181e+00 1.108220030663805034e+00 1.320703116251254583e+00 4.260307918708330810e+00 -1.089776122378259965e-01
4.492449119940769564e-01 6.524585385823199246e+00 4.905289793784038288e+00 1.068276655080072635e+00 2.927853718461245869e+00 1.676387360226906598e+00 2.015152727971144753e+00 6.480618889003830319e+00 5.851931266546614552e+00 5.766147308355336953e+00 3.085098021813291957e+00 1.107003192051833285e+00 1.319852345962618356e+00 4.260067480307648147e+00 -1.081433723247605255e-01
4.477281867435517482e-01 6.523620585595649501e+00 4.904169648210976895e+00 1.067493454204873737e+00 2.927632206682653671e+00 1.676932620572274324e+00 2.014915979385426770e+00 6.480819425441569415e+00 5.850556702715474344e+00 5.766392639042551060e+00 3.084133221585742213e+00 1.105883046478772114e+00 1.319069145087419237e+00 4.259845968529056393e+00 -1.073764678518525778e-01
4.463322260490401594e-01 6.522733421528855047e+00 4.903138262795524227e+00 1.066772286952005322e+00 2.927428088960838615e+00 1.677432521901229823e+00 2.014697062429492203e+00 6.481006026715300905e+00 5.849289074271049493e+00 5.766613511921563351e+00 3.083246057518947758e+00 1.104851661063319668e+00 1.318347977834550377e+00 4.259641850807240893e+00 -1.066712218163478054e-01
4.450471199362423524e-01 6.521917400158809386e+00 4.902188417177343105e+00 1.066108113101638777e+00 2.927239968947093818e+00 1.677891079287590737e+00 2.014494667831224994e+00 6.481179529725626942e+00 5.848119991946653329e+00 5.766812676445881358e+00 3.082430036148902541e+00 1.103901815445138324e+00 1.317683803984183610e+00 4.259453730793495652e+00 -1.060224881096809707e-01
4.438638415129008141e-01 6.521166624326866668e+00 4.901313525471390875e+00 1.065496334042687732e+00 2.927066571442993759e+00 1.678311907487437971e+00 2.014307580475528603e+00 6.481340741449423071e+00 5.847041756281760705e+00 5.766992529081369945e+00 3.081679260316959823e+00 1.103026923739180098e+00 1.317072024925235896e+00 4.259280333289394704e+00 -1.054255909796501661e-01
4.427741526940915939e-01 6.520475727290419243e+00 4.900507569621088244e+00 1.064932746640132155e+00 2.926906729620307068e+00 1.678698269139950794e+00 2.014134672287399397e+00 6.481490436366692087e+00 5.846047291790165801e+00 5.767155164907559417e+00 3.080988363280512843e+00 1.102220967888877245e+00 1.316508437522680319e+00 4.259120491466708458e+00 -1.048762734756796128e-01
4.417705231474068350e-01 6.519839816264926036e+00 4.899765042012163896e+00 1.064413503470171385e+00 2.926759374078751641e+00 1.679053115709862931e+00 2.013974895832544298e+00 6.481629354783075669e+00 5.845130089556596076e+00 5.767302420699322418e+00 3.080352452255019191e+00 1.101478440279954674e+00 1.315989194352715996e+00 4.258973135925148590e+00 -1.043706532057431524e-01
4.408460600686261444e-01 6.519254423690775013e+00 4.899080895672102365e+00 1.063935078277039592e+00 2.926623523393555804e+00 1.679379122498016352e+00 2.013827278517799968e+00 6.481758201868299984e+00 5.844284156784323336e+00 5.767435911069788368e+00 3.079767059680867725e+00 1.100794293939893809e+00 1.315510769159584425e+00 4.258837285239953196e+00 -1.039051840912603858e-01
4.399944469029876126e-01 6.518715464876656540e+00 4.898450500735202162e+00 1.063494235747483696e+00 2.926498275881426192e+00 1.679678718768893297e+00 2.013690917298768479e+00 6.481877647266871989e+00 5.843503972126891988e+00 5.767557058926869651e+00 3.079228100866747919e+00 1.100163899002992940e+00 1.315069926630028530e+00 4.258712037727823585e+00 -1.034766230807730725e-01
