4.485342812375157528e+00 1.588007837473276895e+00 4.209697423441354225e+00 6.219375250204669747e+00 6.011142650183215252e+00 5.304214049382582452e+00 4.698035389644721782e+00 5.782394796763208333e+00 5.389055504829132204e-01 3.331212094723207784e+00 5.538851431229685041e+00 4.914388008239508387e+00 5.462083971194500620e+00 4.309289459828822721e+00 6.033278412308887617e+00
4.531263440396925191e+00 1.633298842567482811e+00 4.115860066101681980e+00 6.150159898152470994e+00 5.953302129054219627e+00 5.406817877273262241e+00 4.747646062470537665e+00 5.721993280341717281e+00 4.472644565092264157e-01 3.418260075673917875e+00 5.584142436323891623e+00 4.820550650899835254e+00 5.392868619142302755e+00 4.251448938699827096e+00 6.081091483668813247e+00
4.579102088373559809e+00 1.666003308470928479e+00 4.084272288989557964e+00 6.144147788799362964e+00 5.936231302988431047e+00 5.421671788560456839e+00 4.728314433709845943e+00 5.723188324822173101e+00 4.053735538384000137e-01 3.432790269441012843e+00 5.616846902227337068e+00 4.788962873787711239e+00 5.386856509789194725e+00 4.234378112634038516e+00 6.085254639060593718e+00
4.614992272016199770e+00 1.688977612750760304e+00 4.073043623761411602e+00 6.152160785196735482e+00 5.933568138755443755e+00 5.417734471989293255e+00 4.702984596449390153e+00 5.732628364369073637e+00 3.810171229726795894e-01 3.432681465100085649e+00 5.639821206507168228e+00 4.777734208559564877e+00 5.394869506186567243e+00 4.231714948401051224e+00 6.077466981011328429e+00
4.642010961127414070e+00 1.706526065288478611e+00 4.062202908189624040e+00 6.155574549867206535e+00 5.929947224323112387e+00 5.418168921378036629e+00 4.685426932051725224e+00 5.737898370211123478e+00 3.613917186697171990e-01 3.434875865190966326e+00 5.657369659044886312e+00 4.766893492987778203e+00 5.398283270857038296e+00 4.228094033968720744e+00 6.073276106432468069e+00
4.663389116544163215e+00 1.720418006705704439e+00 4.053763766390700241e+00 6.158335013414587777e+00 5.927426110701643935e+00 5.418643796525912215e+00 4.671313798874044743e+00 5.741911213652697299e+00 3.458574838603371004e-01 3.436728284167104519e+00 5.671261600462112362e+00 4.758454351188853515e+00 5.401043734404419538e+00 4.225572920347251404e+00 6.069574199263373160e+00
4.680757152909084340e+00 1.731722612944605943e+00 4.046634080519866394e+00 6.160249790185662988e+00 5.925284866573595544e+00 5.419526741384368407e+00 4.659906240164625402e+00 5.744907886245401052e+00 3.330705746961874492e-01 3.438557925906843948e+00 5.682566206701013201e+00 4.751324665318019669e+00 5.402958511175495637e+00 4.223431676219203013e+00 6.066631267589898791e+00
4.695236388258112292e+00 1.741153001107633491e+00 4.040574932431964861e+00 6.161699224137590747e+00 5.923500238237924265e+00 5.420516170079008766e+00 4.650385341043448584e+00 5.747266313907936741e+00 3.223261873053585025e-01 3.440254653912360627e+00 5.691996594864040304e+00 4.745265517230118135e+00 5.404407945127423396e+00 4.221647047883531734e+00 6.064152558233303125e+00
4.707542969299396418e+00 1.749170990331440967e+00 4.035318007305863652e+00 6.162803166085576656e+00 5.921961138031021754e+00 5.421562733870574746e+00 4.642291298356669316e+00 5.749167593212906269e+00 3.131242611507303319e-01 3.441831556159879568e+00 5.700014584087846892e+00 4.740008592104017815e+00 5.405511887075409305e+00 4.220107947676630111e+00 6.062047644661893386e+00
4.718173885322888950e+00 1.756097788294048945e+00 4.030699351287577947e+00 6.163665089934958097e+00 5.920616553382927805e+00 5.422615442641702366e+00 4.635293155324621495e+00 5.750737846774803153e+00 3.051242302071876522e-01 3.443291092514078500e+00 5.706941382050454870e+00 4.735389936085732110e+00 5.406373810924790746e+00 4.218763363028536162e+00 6.060227617171120684e+00
4.727479576158736485e+00 1.762160600304218283e+00 4.026594126476699564e+00 6.164347217463311601e+00 5.919424943251640592e+00 5.423652672667225616e+00 4.629161428494509956e+00 5.752058910441148143e+00 2.980814515273564891e-01 3.444643586817460079e+00 5.713004194060624208e+00 4.731284711274852839e+00 5.407055938453144250e+00 4.217571752897248949e+00 6.058635209601771265e+00
4.735715955708248437e+00 1.767525706156433785e+00 4.022910934643177505e+00 6.164893997797245895e+00 5.918357741170789943e+00 5.424661494739523526e+00 4.623728265036297636e+00 5.753187908837611886e+00 2.918163842273881481e-01 3.445898975299860556e+00 5.718369299912840376e+00 4.727601519441330780e+00 5.407602718787077656e+00 4.216504550816398300e+00 6.057226706506610547e+00
4.743074154964610933e+00 1.772317494813615557e+00 4.019579854729962598e+00 6.165336479829090166e+00 5.917393299849067922e+00 5.425635664036495776e+00 4.618868721132387556e+00 5.754165463699724370e+00 2.861938572958068194e-01 3.447066943147628848e+00 5.723161088570022592e+00 4.724270439528114984e+00 5.408045200818921039e+00 4.215540109494676280e+00 6.055969641016419658e+00
4.749700142596444685e+00 1.776631086853693420e+00 4.016546717420538037e+00 6.165697304927187261e+00 5.916515208928002423e+00 5.426572303465873937e+00 4.614487474224708841e+00 5.755021349773728367e+00 2.811100205041519029e-01 3.448156231064959165e+00 5.727474680610100677e+00 4.721237302218690424e+00 5.408406025917019022e+00 4.214662018573609892e+00 6.054838994396539498e+00
4.755707479284168038e+00 1.780540558089756864e+00 4.013768729084365994e+00 6.165993237159655749e+00 5.915710667236453446e+00 5.427470589872704032e+00 4.610510456107706823e+00 5.755777866748140958e+00 2.764836151864848990e-01 3.449174610699931698e+00 5.731384151846163455e+00 4.718459313882517492e+00 5.408701958149487510e+00 4.213857476882060915e+00 6.053815253119235962e+00
4.761185995031861573e+00 1.784104551669022376e+00 4.011211589794018373e+00 6.166236954230710055e+00 5.914969536169166098e+00 5.428330851517842781e+00 4.606879120742880751e+00 5.756452058402198091e+00 2.722500358580050572e-01 3.450128908105866365e+00 5.734948145425430077e+00 4.715902174592171647e+00 5.408945675220539151e+00 4.213116345814776231e+00 6.052882927628998821e+00
4.766207795258184277e+00 1.787370169510706708e+00 4.008847426197566399e+00 6.166438197642502672e+00 5.914283652663550939e+00 5.429154072293910005e+00 4.603546501511758926e+00 5.757057179815030068e+00 2.683571818290766409e-01 3.451025097760483717e+00 5.738213763267114409e+00 4.713538010995723226e+00 5.409146918632335321e+00 4.212430462309161072e+00 6.052029556497936724e+00
4.770831520855029595e+00 1.790375737399596323e+00 4.006653312849934423e+00 6.166604566318682146e+00 5.913646355115028896e+00 5.429941586284808608e+00 4.600474416979062120e+00 5.757603701079005099e+00 2.647624999047407668e-01 3.451868405086233160e+00 5.741219331156004912e+00 4.711343897648091250e+00 5.409313287308514795e+00 4.211793164760639030e+00 6.051244985551165634e+00
4.775105425929354830e+00 1.793152805341776679e+00 4.004610186223197310e+00 6.166742066082625762e+00 5.913052139756021397e+00 5.430694896559989715e+00 4.597631456544876372e+00 5.758100007533036191e+00 2.614308354916374810e-01 3.452663407170283971e+00 5.743996399098185712e+00 4.709300771021353249e+00 5.409450787072457523e+00 4.211198949401631531e+00 6.050520846797559749e+00
4.779069641362474918e+00 1.795727620474673270e+00 4.002702036321674761e+00 6.166855500188443528e+00 5.912496409320417534e+00 5.431415565742911511e+00 4.594991500825504893e+00 5.758552898768908967e+00 2.583328444521121314e-01 3.453414123735603081e+00 5.746571214231082081e+00 4.707392621119830700e+00 5.409564221178275290e+00 4.210643218966027668e+00 6.049850172790172564e+00
4.782757865744648562e+00 1.798122228427216696e+00 4.000915295378778325e+00 6.166948751066723133e+00 5.911975285377698341e+00 5.432105151175543156e+00 4.592532617675084694e+00 5.758967950620700549e+00 2.554438012307462258e-01 3.454124096811411526e+00 5.748965822183626173e+00 4.705605880176934264e+00 5.409657472056554894e+00 4.210122095023308475e+00 6.049227107628867728e+00
4.786198646732655604e+00 1.800355308596999659e+00 3.999238369530913051e+00 6.167024987014620763e+00 5.911485466234740471e+00 5.432765167363857728e+00 4.590236226389835750e+00 5.759349782123662997e+00 2.527426918648398857e-01 3.454796459174560574e+00 5.751198902353409359e+00 4.703928954329069434e+00 5.409733708004451636e+00 4.209632275880351493e+00 6.048646687216685081e+00
4.789416364672894666e+00 1.802442815791421626e+00 3.997661275598010544e+00 6.167086815971184244e+00 5.911024117807717637e+00 5.433397065378594348e+00 4.588086456620877662e+00 5.759702255323450260e+00 2.502115150140755695e-01 3.455433992594585391e+00 5.753286409547832214e+00 4.702351860396166039e+00 5.409795536961016005e+00 4.209170927453328659e+00 6.048104670130737937e+00
4.792431996642065428e+00 1.804398478928784577e+00 3.996175356253329980e+00 6.167136401451130290e+00 5.910588788782964897e+00 5.434002222746861399e+00 4.586069650721632307e+00 5.760028626859109657e+00 2.478347370583700304e-01 3.456039177160471265e+00 5.755242072685195609e+00 4.700865941051485919e+00 5.409845122440961163e+00 4.208735598428575919e+00 6.047597405942371829e+00
4.795263716367869300e+00 1.806234192817997686e+00 3.994773054385170052e+00 6.167175551005866119e+00 5.910177343912673464e+00 5.434581939803467598e+00 4.584173973201796315e+00 5.760331664384678696e+00 2.455988628019721287e-01 3.456614232978485468e+00 5.757077786574408940e+00 4.699463639183326436e+00 5.409884271995696992e+00 4.208324153558284486e+00 6.047121731618825713e+00
4.797927369976133782e+00 1.807960328985740661e+00 3.993447732679506146e+00 6.167205784476913699e+00 5.909787911031364693e+00 5.435137439952630878e+00 4.582389101154644706e+00 5.760613737000711332e+00 2.434920939680228769e-01 3.457161155419731902e+00 5.758803922742151471e+00 4.698138317477662973e+00 5.409914505466744572e+00 4.207934720676975715e+00 6.046674889227316108e+00
4.800436856723932166e+00 1.809585984524133329e+00 3.992193528120262513e+00 6.167228387201417306e+00 5.909418838576185884e+00 5.435669872224443644e+00 4.580705976602383878e+00 5.760876886230628990e+00 2.415040550997709090e-01 3.457681744948699620e+00 5.760429578280544582e+00 4.696884112918420229e+00 5.409937108191248178e+00 4.207565648221796017e+00 6.046254459977128626e+00
4.802804436271247646e+00 1.811119182993258914e+00 3.991005233719232326e+00 6.167244451884970502e+00 5.909068661236553943e+00 5.436180315100203941e+00 4.579116606688311997e+00 5.761122882263203238e+00 2.396255717473359803e-01 3.458177632412579250e+00 5.761962776749670390e+00 4.695695818517390485e+00 5.409953172874801375e+00 4.207215470882164077e+00 6.045858310918896805e+00
4.805040978605759960e+00 1.812567037878943799e+00 3.989878201675162828e+00 6.167254911849727961e+00 5.908736071958602842e+00 5.436669780957960718e+00 4.577613901203267943e+00 5.761353268916015402e+00 2.378484895952100719e-01 3.458650300531531219e+00 5.763410631635355053e+00 4.694568786473320543e+00 5.409963632839558834e+00 4.206882881604212976e+00 6.045484551541785656e+00
4.807156168799206597e+00 1.813935886546095944e+00 3.988808263540707610e+00 6.167260567654513359e+00 5.908419898963291672e+00 5.437139220732239764e+00 4.576191539507002304e+00 5.761569399878108122e+00 2.361655259289100750e-01 3.459101102207777334e+00 5.764779480302506975e+00 4.693498848338865770e+00 5.409969288644346008e+00 4.206566708608900917e+00 6.045131498178390572e+00
