5.626954095147186585e+00 6.103599214685486274e+00 1.287786633158365168e+00 6.208509751496689155e+00 3.362341730275754781e+00 1.189350030156956922e-01 6.092194462181444337e+00 5.588086829823451396e+00 1.897363519096809004e+00 1.602680833699545726e+00 1.811366545362081304e+00 5.537561551278235683e+00 4.557443532949255527e+00 1.927165574010876403e+00 6.221895168393118958e+00
5.617687548738083514e+00 6.093781470829664038e+00 1.278858758922325034e+00 6.203274006891764003e+00 3.359640248445058486e+00 1.149328047741324660e-01 6.096491693417886104e+00 5.594627867749960792e+00 1.888414348869832837e+00 1.603197441520359146e+00 1.801548801506259290e+00 5.528633677042195771e+00 4.552207788344330375e+00 1.924464092180180108e+00 6.232990743439203563e+00
5.614042984046847096e+00 6.089810323242705437e+00 1.275381596161418774e+00 6.201368026954740209e+00 3.357398963142067316e+00 1.125328548130610645e-01 6.099207978963699261e+00 5.598474572753313616e+00 1.884434102024594715e+00 1.603350746278561445e+00 1.797577653919301133e+00 5.525156514281289510e+00 4.550301808407306581e+00 1.922222806877188717e+00 6.237892350672429309e+00
5.612912014181127951e+00 6.088419584854585231e+00 1.274344380760481732e+00 6.200961090992543667e+00 3.355018482044782591e+00 1.106530131158233177e-01 6.101504443079458717e+00 5.601473573052911270e+00 1.882602054647581902e+00 1.603378370217040771e+00 1.796186915531180706e+00 5.524119298880352247e+00 4.549894872445109151e+00 1.919842325779903991e+00 6.240158509895875838e+00
5.612978405855600705e+00 6.088216597139412656e+00 1.274480002123060896e+00 6.201315197537476287e+00 3.352116002912739923e+00 1.087221966477717877e-01 6.103990610681042206e+00 5.604554326998202995e+00 1.881641096202533170e+00 1.603342581367155795e+00 1.795983927816005021e+00 5.524254920242929856e+00 4.550248978990024895e+00 1.916939846647858658e+00 6.241365875590027201e+00
5.613725757096438507e+00 6.088642035638929251e+00 1.275295698809397527e+00 6.202159371244314379e+00 3.348377334404488703e+00 1.064030369694231731e-01 6.107049182898919959e+00 5.608258697268897031e+00 1.880991252978690964e+00 1.603266175555840833e+00 1.796409366315521394e+00 5.525070616929266265e+00 4.551093152696863875e+00 1.913201178139606995e+00 6.242205008130789601e+00
5.614987356343331903e+00 6.089498205050132285e+00 1.276637402081181927e+00 6.203426114635247401e+00 3.343472536858491218e+00 1.034351129195946045e-01 6.111002630234859900e+00 5.613006539691610897e+00 1.880399930959097299e+00 1.603163892125322620e+00 1.797265535726724428e+00 5.526412320201050221e+00 4.552359896087796898e+00 1.908296380593609731e+00 6.242994577910201848e+00
5.616757324048374578e+00 6.090751512081272523e+00 1.278507685255463544e+00 6.205143693079631539e+00 3.337007474126136852e+00 9.955769492554947253e-02 6.116195809858398391e+00 5.619222303329701518e+00 1.879743507994303897e+00 1.603053950965093621e+00 1.798518842757864888e+00 5.528282603375331838e+00 4.554077474532181036e+00 1.901831317861255366e+00 6.243902661488728079e+00
5.619110809229221459e+00 6.092450388559105257e+00 1.280988888141135984e+00 6.207389419960039234e+00 3.328492156094584153e+00 9.447027047131893729e-02 6.123041830086718207e+00 5.627400672778125390e+00 1.878952632718002835e+00 1.602968225052684659e+00 1.800217719235697400e+00 5.530763806261004945e+00 4.556323201412588730e+00 1.893315999829702889e+00 6.245041761050229567e+00
5.622166033474644387e+00 6.094689664103698945e+00 1.284206223284068527e+00 6.210263501661466456e+00 3.317322388609380113e+00 8.781337683379238090e-02 6.132048553009367353e+00 5.638141201926010204e+00 1.877983936513070384e+00 1.602966496811355279e+00 1.802456994780291311e+00 5.533981141403937265e+00 4.559197283114015953e+00 1.882146232344498626e+00 6.246509094797888295e+00
5.626055186398691177e+00 6.097589081499937613e+00 1.288298716878558459e+00 6.213862489544255574e+00 3.302785717323084569e+00 7.916917192050994256e-02 6.143823714953617454e+00 5.652153086927555137e+00 1.876814649270485580e+00 1.603157743583575545e+00 1.805356412176530201e+00 5.538073634998427863e+00 4.562796270996805958e+00 1.867609561058203305e+00 6.248400383695559945e+00
5.630882416377298583e+00 6.101266087496820312e+00 1.293376565579240633e+00 6.218237386911873443e+00 3.284121622331932500e+00 6.809583358559513633e-02 6.159037588741804292e+00 5.670206312193180054e+00 1.875451032493356651e+00 1.603728654137091869e+00 1.809033418173412677e+00 5.543151483699110038e+00 4.567171168364423828e+00 1.848945466067051457e+00 6.250805078029355144e+00
5.636651282073785296e+00 6.105785975258606335e+00 1.299447534525149051e+00 6.223325842630370808e+00 3.260690217928698953e+00 5.422505654586495111e-02 6.178298611350180991e+00 5.692977593217541710e+00 1.873945538438748892e+00 1.604970292531891607e+00 1.813553305935198923e+00 5.549222452645018677e+00 4.572259624082921192e+00 1.825514061663818133e+00 6.253780177728585521e+00
5.643158319333085871e+00 6.111079387237158045e+00 1.306309463718490660e+00 6.228865093971405642e+00 3.232313471368553515e+00 3.745770969972654629e-02 6.201881379015993900e+00 5.720723859316974469e+00 1.872413036425134125e+00 1.607270579650678322e+00 1.818846717913748190e+00 5.556084381838360287e+00 4.577798875423955138e+00 1.797137315103673583e+00 6.257296741329148482e+00
5.649899716799201776e+00 6.116850074780548319e+00 1.313456033679997637e+00 6.234340671548216584e+00 3.199778653316934562e+00 1.825140949822984943e-02 6.229292539074679169e+00 5.752778099018795110e+00 1.871025031373765080e+00 1.611006559666776861e+00 1.824617405457138242e+00 5.563230951799867263e+00 4.583274453000766080e+00 1.764602497052054186e+00 6.261168086649832709e+00
5.656123294743529151e+00 6.122565494496112315e+00 1.320126539282618916e+00 6.239088420169816906e+00 3.165237281999790042e+00 -2.148584781112350406e-03 6.258864128622316336e+00 5.787108139723388334e+00 1.869957766554483980e+00 1.616283182552512576e+00 1.830332825172702460e+00 5.569901457402488987e+00 4.588022201622366403e+00 1.730061125734909444e+00 6.265015256881833139e+00
5.661141340887573925e+00 6.127641970252533099e+00 1.325613188946172416e+00 6.242609874732835351e+00 3.131925859249486077e+00 -2.185828116397086143e-02 6.287866693131899609e+00 5.820512922230904884e+00 1.869306343666017112e+00 1.622643484448450524e+00 1.835409300929123244e+00 5.575388107066043375e+00 4.591543656185385736e+00 1.696749702984605479e+00 6.268367046901237138e+00
5.664710592127920386e+00 6.131734404450968512e+00 1.329637754846484610e+00 6.244865026697410393e+00 3.102942576999897284e+00 -3.904915870685983503e-02 6.313488413324727766e+00 5.849801595491237904e+00 1.869036079673406681e+00 1.629126616953211260e+00 1.839501735127559101e+00 5.579412672966355125e+00 4.593798808149960777e+00 1.667766420735016242e+00 6.270897110963661092e+00
5.667051606935173957e+00 6.134823547043087189e+00 1.332381871184374456e+00 6.246184772564853382e+00 3.079943503128777404e+00 -5.271859352693024359e-02 6.334059537906164827e+00 5.873168787098909327e+00 1.869021661506570231e+00 1.634805520794314848e+00 1.842590877719679776e+00 5.582156789304246303e+00 4.595118554017403767e+00 1.644767346863884150e+00 6.272583317014184701e+00
5.668538242834201490e+00 6.137062492687284099e+00 1.334195366072863376e+00 6.246941528353846529e+00 3.062909522160909948e+00 -6.285565563389931831e-02 6.349417311043792367e+00 5.890531434639068031e+00 1.869128684887401803e+00 1.639250923809816074e+00 1.844829823363876908e+00 5.583970284192736777e+00 4.595875309806395137e+00 1.627733365896015583e+00 6.273620757963453975e+00
5.669477809284935610e+00 6.138639596312079227e+00 1.335382636650074950e+00 6.247383406608519429e+00 3.050844917997081129e+00 -7.004065826535559036e-02 6.360351312058440953e+00 5.902851374286290920e+00 1.869266226741010506e+00 1.642494852347182732e+00 1.846406926988671593e+00 5.585157554769947907e+00 4.596317188061068038e+00 1.615668761732186764e+00 6.274238349900826961e+00
5.670075589767007429e+00 6.139728550158332077e+00 1.336159675099214628e+00 6.247649082293285083e+00 3.042521803007253389e+00 -7.499955445725060843e-02 6.367919797236536006e+00 5.911359556791814462e+00 1.869391195950289797e+00 1.644769448470208228e+00 1.847495880834924442e+00 5.585934593219087141e+00 4.596582863745833691e+00 1.607345646742359246e+00 6.274605661643327892e+00
5.670459789400001505e+00 6.140470759263938483e+00 1.336669799325159502e+00 6.247813383021193268e+00 3.036864084643476680e+00 -7.837127060344363516e-02 6.373075742650801345e+00 5.917146627617815291e+00 1.869490226402257482e+00 1.646329717493834277e+00 1.848238089940531514e+00 5.586444717445032460e+00 4.596747164473741876e+00 1.601687928378582759e+00 6.274827435593510749e+00
5.670709100728462460e+00 6.140972507618092102e+00 1.337005919339532722e+00 6.247917301731169992e+00 3.033049712072735993e+00 -8.064479974756366687e-02 6.376556751041534632e+00 5.921049649625358846e+00 1.869563439355507839e+00 1.647387146763152455e+00 1.848739838294684912e+00 5.586780837459405902e+00 4.596851083183719489e+00 1.597873555807841628e+00 6.274964073999846015e+00
5.670872139473575935e+00 6.141309959252638784e+00 1.337228090819168047e+00 6.247984121276381586e+00 3.030490032228813746e+00 -8.217062733204351377e-02 6.378894891113882970e+00 5.923669415863500376e+00 1.869615486113856750e+00 1.648098957213148363e+00 1.849077289929231149e+00 5.587003008939041671e+00 4.596917902728931082e+00 1.595313875963919603e+00 6.275049917112328401e+00
5.670979376795461491e+00 6.141536175128313069e+00 1.337375301848025444e+00 6.248027585053164579e+00 3.028776953641099112e+00 -8.319185862295740141e-02 6.380460659113272648e+00 5.925422959540572521e+00 1.869651628429157775e+00 1.648576247738338330e+00 1.849303505804905212e+00 5.587150219967899289e+00 4.596961366505714075e+00 1.593600797376204969e+00 6.275104734769882953e+00
5.671050202329277035e+00 6.141687506852369083e+00 1.337473016567774176e+00 6.248056081236337711e+00 3.027632310680491656e+00 -8.387425122209146711e-02 6.381507294520913476e+00 5.926594748302440152e+00 1.869676363718560053e+00 1.648895543931067520e+00 1.849454837528961448e+00 5.587247934687648687e+00 4.596989862688887207e+00 1.592456154415597958e+00 6.275140183536890071e+00
5.671097113719970828e+00 6.141788607044439630e+00 1.337537957503184494e+00 6.248074864497435321e+00 3.026868238712743242e+00 -8.432977379471356949e-02 6.382206131292990747e+00 5.927376987335260417e+00 1.869693136305204506e+00 1.649108842830153465e+00 1.849555937721031995e+00 5.587312875623059227e+00 4.597008645949985706e+00 1.591692082447849765e+00 6.275163319856872590e+00
5.671128246607914036e+00 6.141856089762288029e+00 1.337581153974032988e+00 6.248087290138078842e+00 3.026358520983395195e+00 -8.463366129679121552e-02 6.382672412894404346e+00 5.927898844818298763e+00 1.869704441778809123e+00 1.649251206079158649e+00 1.849623420438880173e+00 5.587356072093907500e+00 4.597021071590629226e+00 1.591182364718501496e+00 6.275178519695538526e+00
5.671148935584225725e+00 6.141901107409733385e+00 1.337609903497015251e+00 6.248095529889384103e+00 3.026018619019883005e+00 -8.483630900474788128e-02 6.382983386423394911e+00 5.928246851039383536e+00 1.869712032529563306e+00 1.649346170601704520e+00 1.849668438086325084e+00 5.587384821616890207e+00 4.597029311341934488e+00 1.590842462754989750e+00 6.275188551224392342e+00
