2.721490047961896974e-01 3.124168443583759114e+00 5.449009671256269449e+00 2.264544038040743779e+00 4.003037206413757043e-01 4.489906481945715733e+00 2.442408836033030717e+00 2.942667266448643293e+00 5.872594446843542926e+00 1.302798737356365866e+00 6.252570030654571731e+00 6.362238482383414384e-01 2.241261192672519442e+00 4.306311393967974799e-01 1.798578654080723815e+00
2.097231619687290882e-01 3.172519146996802597e+00 5.446422295484951270e+00 2.253405358146794324e+00 3.873421321150832264e-01 4.499799649313204419e+00 2.435075321632814482e+00 2.921307649053327626e+00 5.943869108199636209e+00 1.349471465838051332e+00 6.300920734067616991e+00 6.336364724670225934e-01 2.230122512778570432e+00 4.176695508705047799e-01 1.847122464909227935e+00
1.177368086024739718e-01 3.236532105023726125e+00 5.449485672460196994e+00 2.229144756846201503e+00 3.605844647774816281e-01 4.509512533378812194e+00 2.421468528253936547e+00 2.887364788846360497e+00 6.043436205934751726e+00 1.416377912132441796e+00 6.364933692094540518e+00 6.366998494422685395e-01 2.205861911477977610e+00 3.909118835329032371e-01 1.913243182533087117e+00
2.609838173049813803e-03 3.312638066461064845e+00 5.457677297979937947e+00 2.191642278337190497e+00 3.204259388165229816e-01 4.515901888993588464e+00 2.397270843564471843e+00 2.839219862195924371e+00 6.164100568885476861e+00 1.500209443707450685e+00 6.441039653531879239e+00 6.448914749620092701e-01 2.168359432968966605e+00 3.507533575719444796e-01 1.993051035895134104e+00
-8.695364316695321227e-02 3.380409569722372165e+00 5.457700516949935299e+00 2.163659611894606094e+00 2.915409003692843726e-01 4.516035703596349649e+00 2.372004845603620904e+00 2.796390308895228216e+00 6.263003115927819664e+00 1.574006080796287010e+00 6.508811156793187003e+00 6.449146939320067329e-01 2.140376766526381758e+00 3.218683191247058706e-01 2.056957211457225654e+00
-1.172166874439042328e-01 3.422881390004521851e+00 5.442150839737197821e+00 2.163749639291803639e+00 2.917175833538950824e-01 4.512785518500315618e+00 2.364873817160726865e+00 2.781295893094927862e+00 6.310941270647751011e+00 1.615675468083087818e+00 6.551282977075337577e+00 6.293650167192694767e-01 2.140466793923578859e+00 3.220450021093165804e-01 2.081042856706514232e+00
-1.250279242242574307e-01 3.448792061008207455e+00 5.426372834307183091e+00 2.171227457733045263e+00 2.990033869948635625e-01 4.509858639592138729e+00 2.365945626552412584e+00 2.777950507909839661e+00 6.335128198830709323e+00 1.639491096559535954e+00 6.577193648079023625e+00 6.135870112892538586e-01 2.147944612364820482e+00 3.293308057502850605e-01 2.088899401204624695e+00
-1.278002217890335801e-01 3.466522664335955906e+00 5.414118261828699374e+00 2.178057693384228166e+00 3.055382687991934909e-01 4.507655246165612972e+00 2.368221258893849601e+00 2.777069962047650886e+00 6.350712182217701063e+00 1.655542240893914219e+00 6.594924251406768079e+00 6.013324388107661456e-01 2.154774848016002498e+00 3.358656875546159326e-01 2.092861122859104750e+00
-1.288109375247961375e-01 3.479619387726123225e+00 5.404501743277187131e+00 2.183760385264044146e+00 3.109319021375004932e-01 4.505963380194521584e+00 2.370584711746281936e+00 2.776995337144406939e+00 6.361913102676167497e+00 1.667366543041564508e+00 6.608020974796937175e+00 5.917159202592564560e-01 2.160477539895814925e+00 3.412593208929240451e-01 2.095280002412069020e+00
-1.290316962970844417e-01 3.489781627948843834e+00 5.396742413162567864e+00 2.188528881499988366e+00 3.154036891976902957e-01 4.504624520858867776e+00 2.372810805812405111e+00 2.777263147085244022e+00 6.370462560321830559e+00 1.676557924019599355e+00 6.618183215019658228e+00 5.839565901446363005e-01 2.165246036131758700e+00 3.457311079531131814e-01 2.096889853066155940e+00
-1.288598985863348145e-01 3.497937087410764256e+00 5.390335604512191736e+00 2.192561751079379562e+00 3.191599949795408397e-01 4.503538372644574572e+00 2.374849308667284831e+00 2.777687829190001345e+00 6.377247625882317195e+00 1.683962215800348217e+00 6.626338674481579538e+00 5.775497814942605057e-01 2.169278905711150340e+00 3.494874137349637255e-01 2.098017116792072922e+00
-1.284866278983724519e-01 3.504640964287346616e+00 5.384952042347633139e+00 2.196010138618456509e+00 3.223538023953504417e-01 4.502640151550007630e+00 2.376697035192914420e+00 2.778180998548477110e+00 6.382780498580071793e+00 1.690077138711865379e+00 6.633042551358161454e+00 5.721662193297021304e-01 2.172727293250227287e+00 3.526812211507731609e-01 2.098834070980243549e+00
-1.280127846194767105e-01 3.510249271780385261e+00 5.380368156583615225e+00 2.198985664621080804e+00 3.250964219201786798e-01 4.501886298448270374e+00 2.378365001763860231e+00 2.778696567775085224e+00 6.387381632840775758e+00 1.695218420456527930e+00 6.638650858851200987e+00 5.675823335656839941e-01 2.175702819252851583e+00 3.554238406756012880e-01 2.099440998432681837e+00
-1.274949331705441391e-01 3.515003068137784847e+00 5.376425925832328367e+00 2.201571735690693199e+00 3.274701554526641689e-01 4.501246351583405136e+00 2.379868084711614706e+00 2.779209279246527498e+00 6.391263992284845763e+00 1.699598387851513515e+00 6.643404655208600573e+00 5.636401028143971370e-01 2.178288890322463534e+00 3.577975742080866661e-01 2.099900318289127377e+00
-1.269660001517534664e-01 3.519072961474680739e+00 5.373009570014656511e+00 2.203832006324098813e+00 3.295372833885663044e-01 4.500698248464622075e+00 2.381221475101796159e+00 2.779704995768634834e+00 6.394576064904955892e+00 1.703366722081484985e+00 6.647474548529591409e+00 5.602237469919053581e-01 2.180549160956505528e+00 3.598647021251395461e-01 2.100252888553943098e+00
-1.264455149651023680e-01 3.522584213318302293e+00 5.370031556546209117e+00 2.205816159857911796e+00 3.313460589029981751e-01 4.500225514775125113e+00 2.382439481251368285e+00 2.780175878478047480e+00 6.397425536454758976e+00 1.706633131857533625e+00 6.650985800373213408e+00 5.572457335234580755e-01 2.182533314490318510e+00 3.616734776395713058e-01 2.100526531609977265e+00
-1.259450416079386792e-01 3.525631668372144922e+00 5.367423890068519832e+00 2.207563808222480439e+00 3.329346950651821402e-01 4.499815520607244324e+00 2.383535193674798158e+00 2.780617820929782713e+00 6.399893104492432094e+00 1.709480695514680182e+00 6.654033255427055593e+00 5.546380670457685680e-01 2.184280962854887154e+00 3.632621138017552154e-01 2.100740800543577702e+00
-1.254712274699738006e-01 3.528289033433847255e+00 5.365132506739731078e+00 2.209107144598897676e+00 3.343340520257310211e-01 4.499458361650203742e+00 2.384520466941509209e+00 2.781029005077776617e+00 6.402040933033267045e+00 1.711974082376188866e+00 6.656690620488756593e+00 5.523466837169807020e-01 2.185824299231304835e+00 3.646614707623037632e-01 2.100909790467521354e+00
-1.250275986868512879e-01 3.530614863675856085e+00 5.363113556491937217e+00 2.210472775556098668e+00 3.355694812166426511e-01 4.499146118974754138e+00 2.385406008690740265e+00 2.781409048631986902e+00 6.403918037911905614e+00 1.714164818377466482e+00 6.659016450730766756e+00 5.503277334691872857e-01 2.187189930188504938e+00 3.658968999532158928e-01 2.101043872481499264e+00
-1.246156619501132129e-01 3.532656551780463339e+00 5.361330869527025200e+00 2.211683008992997301e+00 3.366621159270190011e-01 4.498872355481722707e+00 2.386201494617508079e+00 2.781758479939878903e+00 6.405563836655843168e+00 1.716094772276869129e+00 6.661058138835374010e+00 5.485450465042754908e-01 2.188400163625403572e+00 3.669895346635921873e-01 2.101150805093112695e+00
-1.242356051815002443e-01 3.534453063236025372e+00 5.359754186395140785e+00 2.212756776501291434e+00 3.376297924885336976e-01 4.498631764558456148e+00 2.386915679670346790e+00 2.782078402520914651e+00 6.407010559605585520e+00 1.717798531900032399e+00 6.662854650290896075e+00 5.469683633724108374e-01 2.189473931133682605e+00 3.679572112250955040e-01 2.101236470726532968e+00
-1.238867567382517104e-01 3.536036860666641246e+00 5.358357892602100492e+00 2.213710306551690099e+00 3.384877208540048588e-01 4.498419919170594916e+00 2.387556496333743894e+00 2.782370274046834346e+00 6.408284931894044689e+00 1.719305066680741012e+00 6.664438447721511949e+00 5.455720695793707664e-01 2.190427461184081714e+00 3.688151395905664987e-01 2.101305378150595260e+00
-1.235678938581448588e-01 3.537435289734307542e+00 5.357120093964859997e+00 2.214557625305775268e+00 3.392489823263756255e-01 4.498233088787907619e+00 2.388131138896308236e+00 2.782635757129692244e+00 6.409409375521747165e+00 1.720638919059005456e+00 6.665836876789178689e+00 5.443342709421298276e-01 2.191274779938166883e+00 3.695764010629370433e-01 2.101361013974340164e+00
-1.232774537820688909e-01 3.538671599110859489e+00 5.356021926749803264e+00 2.215310936398114716e+00 3.399249061243850289e-01 4.498068103113188165e+00 2.388646135387373359e+00 2.782876616842849149e+00 6.410402887764164781e+00 1.721821077546457746e+00 6.667073186165730192e+00 5.432361037270734272e-01 2.192028091030506776e+00 3.702523248609467243e-01 2.101406093970869637e+00
-1.230136801282931958e-01 3.539765706418564140e+00 5.355047032625421366e+00 2.215980914459053874e+00 3.405253596493694190e-01 4.497922248747451057e+00 2.389107409505504709e+00 2.783094649689788369e+00 6.411281696424106613e+00 1.722869630145277720e+00 6.668167293473435286e+00 5.422612096026919737e-01 2.192698069091445934e+00 3.708527783859311144e-01 2.101442746171980236e+00
-1.227747250309283722e-01 3.540734784324044870e+00 5.354181151389238558e+00 2.216576936214921911e+00 3.410589762983791684e-01 4.497793189465932429e+00 2.389520334692063042e+00 2.783291634363307399e+00 6.412059758089040606e+00 1.723800263243614017e+00 6.669136371378916017e+00 5.413953283665088323e-01 2.193294090847313971e+00 3.713863950349407528e-01 2.101472646397815058e+00
-1.225587203688754540e-01 3.541593716935589331e+00 5.353411799324851117e+00 2.217107265698826435e+00 3.415333373475633039e-01 4.497678903718298038e+00 2.389889782085753200e+00 2.783469297972042789e+00 6.412749143836928845e+00 1.724626649786659138e+00 6.669995303990459590e+00 5.406259763021211695e-01 2.193824420331218494e+00 3.718607560841249438e-01 2.101497119935520796e+00
-1.223638270020864782e-01 3.542355461012632656e+00 5.352728010892759514e+00 2.217579205170314705e+00 3.419551195019909784e-01 4.497577634904899924e+00 2.390220163660128350e+00 2.783629293449116471e+00 6.413360342800875635e+00 1.725360756687527086e+00 6.670757048067501138e+00 5.399421878700302324e-01 2.194296359802708096e+00 3.722825382385531179e-01 2.101517218684862964e+00
-1.221882681467306997e-01 3.543031336126416075e+00 5.352120128069085325e+00 2.217999219973174618e+00 3.423302163519024721e-01 4.497487851281517734e+00 2.390515471477761000e+00 2.783773185144292395e+00 6.413902504755792044e+00 1.726013092300383578e+00 6.671432923181284558e+00 5.393343050463574873e-01 2.194716374605568454e+00 3.726576350884648337e-01 2.101533780240325111e+00
-1.220303512098452475e-01 3.543631260920624193e+00 5.351579626144019386e+00 2.218373043239080022e+00 3.426638396647864182e-01 4.497408213231538276e+00 2.390779313711449916e+00 2.783902440441582193e+00 6.414383636690029533e+00 1.726592908640450119e+00 6.672032847975493119e+00 5.387938031212922141e-01 2.195090197871474302e+00 3.729912584013488908e-01 2.101547473490917639e+00
