2.090606417157754582e-01
1.122207450552218377e-01
9.533490477806216834e-02
9.043538420005434175e-02
8.889440946088600359e-02
8.617615242720153002e-02
8.571470248386699187e-02
8.510048615796117488e-02
8.532450764648373542e-02
8.496706329388274692e-02
8.460715200965701621e-02
8.405983167340955187e-02
8.381508908076541753e-02
8.439373854483690762e-02
8.397838042917275814e-02
8.415432541768766428e-02
8.420302706416399330e-02
8.434389202631831228e-02
8.403966562644277216e-02
8.409858893333639618e-02
8.448198353262068028e-02
8.427834235755689296e-02
8.421765671597405967e-02
8.438240467649611720e-02
8.466874501035141776e-02
8.432605371992395182e-02
8.474291254870211509e-02
8.459489468397712875e-02
8.496540297700928834e-02
8.493053342824162522e-02
8.501124426412622059e-02
8.537607384438040958e-02
8.542308656545555268e-02
8.553357686302837104e-02
8.574571211494222411e-02
8.582490147958689308e-02
8.606315185393552392e-02
8.621577782026006165e-02
8.652628133666831478e-02
8.672197554163799116e-02
8.687416647209195153e-02
8.710720227597511245e-02
8.736408322555007377e-02
8.758878622044742601e-02
8.800591870339127820e-02
8.824170155911774394e-02
8.839613673045461362e-02
8.862054538651362168e-02
8.902016549337403439e-02
8.926043923468307550e-02
8.941971606412819906e-02
8.990520045573033303e-02
9.030352696535164092e-02
9.062796559188279755e-02
9.099633994749910249e-02
9.137034145686720454e-02
9.179102723098600536e-02
9.226207896660389152e-02
9.255301864828797964e-02
9.304570042745839709e-02
9.359788307448897726e-02
9.399390324477019387e-02
9.452091033957034372e-02
9.502829368029720725e-02
9.558973556247962744e-02
9.619286028809366507e-02
9.670940005103792481e-02
9.732514548307955038e-02
9.794760874813021601e-02
9.854640319134234938e-02
9.921491989235992071e-02
9.990401527004590110e-02
1.006370446113709766e-01
1.013574430603162851e-01
1.021438105831180138e-01
1.028816052540511838e-01
1.036680106293830089e-01
1.045322540116041254e-01
1.053968821658252397e-01
1.062930742371098469e-01
1.072152789704397258e-01
1.081911759439296988e-01
1.091857219159137193e-01
1.101752075487620192e-01
1.112766713047583927e-01
1.123160695121443731e-01
1.134717196747839496e-01
1.146070847406803067e-01
1.158174686468290970e-01
1.170748159236044694e-01
1.183435447020447923e-01
1.196623254990989565e-01
1.210271292880776423e-01
1.224180569118391709e-01
1.239047464992738407e-01
1.253971095562898264e-01
1.268959117048925611e-01
1.284427878512985621e-01
1.300963820048131880e-01
1.317616607208647039e-01
1.335107271043732002e-01
1.352391972858692781e-01
1.370451162166949066e-01
1.389279738503190753e-01
1.408381719826710399e-01
1.427660657604723493e-01
1.448051856589958886e-01
1.468982300728219059e-01
1.490094344150709182e-01
1.511773838969332207e-01
1.533890789581220659e-01
1.556697870551025098e-01
1.580431812665568370e-01
1.603991375335465930e-01
1.628606127130877435e-01
1.653439865828058297e-01
1.678489933221419539e-01
1.704857933572759277e-01
1.731084834796433047e-01
1.758220866450167785e-01
1.785864064863789957e-01
1.813977568104982174e-01
1.842369213352394175e-01
1.871252475275084204e-01
1.900681607976328902e-01
1.930838319635358180e-01
1.961402336114375367e-01
1.991867570144028321e-01
2.022548240666338371e-01
2.054157916620554247e-01
2.086405026484127456e-01
2.118267299603651399e-01
2.150717777836104461e-01
2.183041834086058841e-01
2.215945030759490231e-01
2.249205495810049915e-01
2.282367999074316478e-01
2.315609679912294105e-01
2.348889791482424994e-01
2.381760268193390817e-01
