1.678914390929252265e-01
1.022718664191528959e-01
9.048162644217033757e-02
8.798684857234496948e-02
8.715208840789964717e-02
8.506072252228566444e-02
8.480465896151317962e-02
8.436993925726753163e-02
8.475525713813059081e-02
8.442447151903263725e-02
8.408783822306066524e-02
8.358692644819989970e-02
8.336186601580518329e-02
8.391056271825572677e-02
8.347484251320771986e-02
8.361165072974986734e-02
8.361939240841174958e-02
8.371242896217623297e-02
8.335712099970669919e-02
8.335811355518239762e-02
8.367026099085334012e-02
8.339258833323957842e-02
8.325405212894163021e-02
8.333271570817535334e-02
8.352238723961767641e-02
8.308191861239029585e-02
8.339764227652091133e-02
8.313556990815311465e-02
8.338934258816144141e-02
8.323129425764320966e-02
8.317938034197791541e-02
8.341096953313377471e-02
8.330974499907597974e-02
8.326032601578622905e-02
8.331504167752380730e-02
8.322315197017891852e-02
8.328655369906622086e-02
8.325978458196547916e-02
8.337623308971728320e-02
8.336948633419224985e-02
8.330341503415274185e-02
8.331973945181068986e-02
8.334921293329339287e-02
8.333790365151014234e-02
8.350665321913852690e-02
8.347626413705425130e-02
8.336347490368629931e-02
8.329867740800570020e-02
8.341508943510149432e-02
8.334310437715415631e-02
8.317018546606988472e-02
8.333578526236165573e-02
8.339731910423349437e-02
8.335831421230420479e-02
8.336809941284661907e-02
8.334468511833591220e-02
8.336979414895014096e-02
8.342475063191943929e-02
8.327935181730877767e-02
8.332187014228321920e-02
8.342173017247155042e-02
8.332810409091333248e-02
8.335608413314909981e-02
8.334492810385819850e-02
8.337637022580500490e-02
8.342951111906983519e-02
8.336718623655330063e-02
8.338978139260848355e-02
8.339306835566250020e-02
8.334358371534517085e-02
8.334858534350840509e-02
8.335563927085692937e-02
8.339125601357705309e-02
8.337502053138337588e-02
8.340836907188478588e-02
8.334419025793320113e-02
8.331373432492578113e-02
8.333750225204959727e-02
8.333684295810121767e-02
8.332884465398567031e-02
8.332458701900279097e-02
8.334862325977525355e-02
8.334474246510049922e-02
8.330090378489606040e-02
8.335833207429764469e-02
8.329012187671670786e-02
8.332433953891868472e-02
8.328688671130177190e-02
8.329855826717233458e-02
8.332449588134693830e-02
8.331148588135242616e-02
8.331454967439003156e-02
8.332106688222747082e-02
8.330734583374101165e-02
8.337565462755909540e-02
8.338639423233314141e-02
8.333724146782452158e-02
8.328838213326246465e-02
8.334326321040902430e-02
8.334101804103347111e-02
8.339601481775345271e-02
8.334100137162754607e-02
8.332585777023131246e-02
8.336010059015845630e-02
8.335690121795300001e-02
8.328446569830705304e-02
8.332976508069898924e-02
8.337567502928169838e-02
8.336370767392865810e-02
8.336024943944154997e-02
8.333788102949654664e-02
8.332529662733360876e-02
8.341598702769752183e-02
8.334025583294063511e-02
8.339398559033361913e-02
8.337001257866950843e-02
8.327829748496173856e-02
8.335328769049962783e-02
8.330620114545800314e-02
8.333905575557580547e-02
8.334708357689817049e-02
8.338904125057458594e-02
8.336661563803064723e-02
8.327877210413922593e-02
8.326950079928681359e-02
8.337114272293282002e-02
8.348630146881660941e-02
8.340457295946857030e-02
8.327311588184155289e-02
8.327189864827910792e-02
8.345314904187484117e-02
8.341424012093398566e-02
8.350651731960766211e-02
8.340825434027127061e-02
8.342943403496547172e-02
8.340892139395063298e-02
8.341565452361390798e-02
8.359723658671933122e-02
8.365039789230223344e-02
8.319983539646588766e-02
