1.521784175092307512e-01
6.457988865693700675e-02
3.949306303733752382e-02
3.014496778301251761e-02
2.326280874917569658e-02
1.996301475192101965e-02
1.655597624209502461e-02
1.527396416071931384e-02
1.259657663885089922e-02
1.123145606731472054e-02
1.035787191415629867e-02
9.302657318730081157e-03
8.825388836644290289e-03
7.915675446250760791e-03
7.407291835416216982e-03
6.983723444288564980e-03
6.287708747520117346e-03
6.243793930332035454e-03
5.586936312190187576e-03
5.199807531540081781e-03
5.157124424235409732e-03
4.648052099653411998e-03
4.662192179652420443e-03
4.414830832285490322e-03
4.166729200623418145e-03
4.022159062276524193e-03
3.948222103014709973e-03
3.701809990135745011e-03
3.554414429010154322e-03
3.233618076461240286e-03
3.299383232800933829e-03
3.122589976666774632e-03
2.958257526447948763e-03
3.009409543849638716e-03
2.862388743236417721e-03
2.727579009461117594e-03
2.583714987270454167e-03
2.479830280790748000e-03
2.571279075172308148e-03
2.487441036985402979e-03
2.243342226550774400e-03
2.317551491678020940e-03
2.169716230676072780e-03
2.134387166966377966e-03
2.098597852094562666e-03
2.091355852915878152e-03
1.961133418207905259e-03
1.950860687466226965e-03
1.793594079034933897e-03
1.854335039604786605e-03
1.711318774547705137e-03
1.717417618720108513e-03
1.669336646720237256e-03
1.520476064154065946e-03
1.601827926120143577e-03
1.538337350229430174e-03
1.470194865864035390e-03
1.409403792248462408e-03
1.498309903467047238e-03
1.396013302465129750e-03
1.341035050632066652e-03
1.317477813355596473e-03
1.248862903139377626e-03
1.274348247802175715e-03
1.279087273347659761e-03
1.278635062356792878e-03
1.165372981877933365e-03
1.134674977662655489e-03
1.106838250640713225e-03
1.058509044942000004e-03
1.105660982226788032e-03
1.056338801429688220e-03
1.003179344398336765e-03
1.034724257789174876e-03
1.006166661024002207e-03
9.117441775317535434e-04
9.701691811593985727e-04
9.400491880437997000e-04
9.371415595120120845e-04
8.882187578850551414e-04
8.790469529287064021e-04
8.442944470444304359e-04
7.882306589114174058e-04
7.796286171677538433e-04
8.060063404710807525e-04
7.846844007421130071e-04
7.738826535997801346e-04
7.698138170558915284e-04
7.255509505875027462e-04
6.990490946871371269e-04
6.849050370239806451e-04
6.809836049527507847e-04
6.813163328251778525e-04
6.725621816292244939e-04
6.514998559337254174e-04
6.388632098270868431e-04
6.554859858119397057e-04
6.142971500217466298e-04
6.337968569348542951e-04
5.919366303311972234e-04
6.063131584517082772e-04
6.082121223866684100e-04
5.770905762947861357e-04
5.810140451959254840e-04
5.634173879476047893e-04
5.775968643042904546e-04
5.676066597862461588e-04
5.700479732174367192e-04
5.508569328307831711e-04
5.597360007487854963e-04
5.704488195322427249e-04
6.027238306654872368e-04
5.831893174619820659e-04
5.710415293885595699e-04
5.688761237312513252e-04
5.854761276674703757e-04
5.681317956367763376e-04
6.072187783290069031e-04
5.977207457167158519e-04
6.018835364868815006e-04
5.791012202563657150e-04
5.838977647704910725e-04
6.143590816574234217e-04
6.142900313647714321e-04
6.213661913407427699e-04
6.319830812856862138e-04
6.232128255728255385e-04
6.368367688995887465e-04
6.233282921617489284e-04
6.447216149510696763e-04
6.415574130072404513e-04
6.699730398445166062e-04
6.700651615432737284e-04
6.544541993409743429e-04
6.580110450856586348e-04
6.857562277095204410e-04
6.551961136724500671e-04
6.666398487544966016e-04
6.552252323738127398e-04
6.476705755795728655e-04
