1.415618394644224676e-01
6.271181442699315378e-02
3.867020345763336198e-02
2.979829135532044426e-02
2.310222542222460998e-02
1.985354929974895641e-02
1.645407452055926839e-02
1.519781005457106031e-02
1.257992069689495458e-02
1.122740280028826539e-02
1.035435034118831199e-02
9.318720250502421712e-03
8.836572658816998355e-03
7.911605349512722957e-03
7.417329895660206007e-03
6.998020091659422001e-03
6.308363195781818700e-03
6.264079108890432783e-03
5.608144184117089433e-03
5.224528088344257241e-03
5.185619325809703688e-03
4.667989988945278959e-03
4.689255831120291325e-03
4.443365529836412926e-03
4.197288471848519865e-03
4.048335513969511176e-03
3.978847448266553850e-03
3.735827231273326603e-03
3.586889492333538310e-03
3.267525571844630532e-03
3.336351849118906251e-03
3.163412211663015235e-03
3.000182564844969084e-03
3.053867145199918968e-03
2.911884285470838375e-03
2.777399366556962575e-03
2.633033796576672581e-03
2.531814487018991828e-03
2.628538037634393140e-03
2.541784201343652311e-03
2.299346308983846177e-03
2.379640552160106406e-03
2.228937223729891230e-03
2.198925079281634221e-03
2.169382892456017588e-03
2.163933661243271772e-03
2.038491909560159743e-03
2.028273968454890209e-03
1.875710795409963423e-03
1.941390187688579608e-03
1.789239081856951533e-03
1.807331530499822802e-03
1.756765931005009173e-03
1.607357331022094514e-03
1.698369746575088780e-03
1.641582852354160496e-03
1.575700047850431490e-03
1.519330000325208770e-03
1.615945011701866180e-03
1.518235173189685840e-03
1.463002011276099768e-03
1.440667624845784782e-03
1.382379544368154056e-03
1.411665985356041217e-03
1.427539611995147940e-03
1.433677273785461921e-03
1.315486196692706652e-03
1.286087057496639171e-03
1.257004993468208024e-03
1.211532010558395277e-03
1.277886094817657411e-03
1.234513663377638428e-03
1.179388739968126451e-03
1.224131637539501924e-03
1.205082285731580438e-03
1.106422572076202733e-03
1.185887606801868136e-03
1.166573127713046261e-03
1.169826441597548354e-03
1.116350219190625180e-03
1.124981634933145498e-03
1.093263777654630061e-03
1.030389052624042104e-03
1.033263817228591416e-03
1.086233081114240141e-03
1.065931853750394813e-03
1.070077515472290510e-03
1.077622790357768683e-03
1.030027212353066537e-03
1.007287187737837802e-03
1.001105664895532042e-03
1.012315849180820022e-03
1.028448634520966751e-03
1.031119600660747098e-03
1.015390782322550837e-03
1.012116883782982098e-03
1.055328092991595669e-03
1.004731324201457590e-03
1.053497974391905297e-03
9.997567911364723878e-04
1.041756133698242166e-03
1.067157374962245933e-03
1.025815747190871475e-03
1.059576402669264259e-03
1.039291491235285868e-03
1.078149624380526049e-03
1.069665404742203970e-03
1.106643698360850738e-03
1.084999739359437942e-03
1.125517849924713865e-03
1.161496339238593739e-03
1.244453480946857609e-03
1.227584193847255619e-03
1.210357618532460289e-03
1.232969281760350070e-03
1.283620268183605388e-03
1.299702619939009218e-03
1.367428966980653712e-03
1.388330306456062035e-03
1.448370310059358436e-03
1.439577179259834668e-03
1.508706638148271488e-03
1.586375922339283619e-03
1.667453186753364890e-03
1.771830990379606296e-03
1.814614480287586379e-03
1.905240906961460680e-03
2.031160252099576194e-03
2.063696578273893460e-03
2.249548706696182995e-03
2.423894265460337528e-03
2.752337129118983400e-03
3.017323201595436231e-03
3.190144357514603651e-03
3.471589220789754720e-03
4.091670061543476421e-03
4.624119222140171161e-03
5.267450106037882378e-03
6.549180282281284217e-03
7.824533658471632958e-03
