1.687330176447960628e-01
1.049369073555028870e-01
9.434207600679371530e-02
8.765222456761705139e-02
8.654406941844026979e-02
8.581030939515406353e-02
8.541615447928188609e-02
8.541478004965805115e-02
8.328366583924155797e-02
8.438341285785956603e-02
8.401797087671075692e-02
8.373386632351143000e-02
8.373495698703253831e-02
8.402645734904562458e-02
8.392767292367218912e-02
8.348034086759494043e-02
8.392925387311003793e-02
8.367189330823188165e-02
8.362834954481170036e-02
8.330770350531829793e-02
8.363248740888057364e-02
8.372464917305726118e-02
8.373905814726807784e-02
8.348351493858544026e-02
8.325029085321559996e-02
8.340741743793901597e-02
8.318711601336890860e-02
8.346866901195044985e-02
8.354778882682757646e-02
8.350349809140639179e-02
8.328586156089715087e-02
8.347839469357987152e-02
8.350054370893096600e-02
8.327732176254434848e-02
8.343051642413315538e-02
8.342005673827269929e-02
8.354901697778677194e-02
8.356589972727621052e-02
8.332002915591306402e-02
8.338638583016111383e-02
8.347973741893735533e-02
8.340547306470721955e-02
8.331649178333062900e-02
8.323218141603751230e-02
8.337318299221851969e-02
8.340402377697599123e-02
8.326943488065757792e-02
8.338195909637198533e-02
8.334496361894948302e-02
8.332897503585288967e-02
8.327633477084443736e-02
8.336148386008181144e-02
8.331907736482352389e-02
8.339326484194814482e-02
8.333506090908161801e-02
8.330759626231383497e-02
8.331287499092281112e-02
8.334527181440831711e-02
8.337270965110156473e-02
8.337844463869442668e-02
8.333183552511400083e-02
8.336097209079644521e-02
8.334977223393844059e-02
8.335121370638443050e-02
8.336738766920856469e-02
8.333787241511239618e-02
8.335616484280800043e-02
8.330555682734422374e-02
8.342623532893429783e-02
8.332824114148792982e-02
8.340855889770060205e-02
8.330071272141308103e-02
8.341419577835322563e-02
8.333103066713350160e-02
8.338442251780867065e-02
8.327898977350725596e-02
8.340195531502425652e-02
8.331601933523254122e-02
8.333205975155570655e-02
8.335196500267373632e-02
8.334844971488666876e-02
8.333775192475144367e-02
8.331189566405523828e-02
8.336949551177476325e-02
8.330626668122285972e-02
8.335586441201786601e-02
8.335529285800107047e-02
8.334550148363986666e-02
8.337592905004416466e-02
8.332790237167791991e-02
8.332967721115011606e-02
8.332158607659272131e-02
8.339660007293468735e-02
8.338455653819196178e-02
8.329830872366440764e-02
8.330729399979419636e-02
8.337021142485886993e-02
8.336577620845886383e-02
8.334533705498843592e-02
8.331043234297844102e-02
8.333715916014672320e-02
8.334683982340623798e-02
8.336060989643333252e-02
8.334877647306060400e-02
8.327579335107243574e-02
8.337909946860021237e-02
8.332022835839529573e-02
8.333176802091397939e-02
8.340443652793264051e-02
8.332451936773038748e-02
8.338795447189065180e-02
8.336169066288945384e-02
8.333308632405693472e-02
8.337995112055063274e-02
8.334632331880832690e-02
8.332156672730146874e-02
8.334315596210051247e-02
8.330919596322690357e-02
8.332007843266210634e-02
8.322806237252065864e-02
8.336454503415360873e-02
8.332281634537526405e-02
8.345397004456671375e-02
8.328395079919073685e-02
8.335168943372579797e-02
8.333348447594034203e-02
8.334231899984714809e-02
8.344505000000911055e-02
8.349721323887422664e-02
8.324229699773251501e-02
8.328248578765268251e-02
8.340416999971386747e-02
8.343128202109642566e-02
8.347640117704090146e-02
8.346995083546525362e-02
8.343135598912684858e-02
8.368257438786651237e-02
8.320182335408918273e-02
8.365610323057504072e-02
8.356328938002684226e-02
