2.129588010501084205e-01
1.164913492485780272e-01
9.914634057314296312e-02
9.038332924866317175e-02
8.822809336271326963e-02
8.696955553226637381e-02
8.627486708412071548e-02
8.611295925864553835e-02
8.388284555956582178e-02
8.495909933075687648e-02
8.452250366101356216e-02
8.419728291988887170e-02
8.419569943774971033e-02
8.451625423465890241e-02
8.444317462515027461e-02
8.401547971190762021e-02
8.450039646350589184e-02
8.428519923758745480e-02
8.432888513958212984e-02
8.406116179755207529e-02
8.444482114363026370e-02
8.459722914998067667e-02
8.468067537051993110e-02
8.455558603129652295e-02
8.439633789956778320e-02
8.462976824880215354e-02
8.457437980633911168e-02
8.494098198534796862e-02
8.510918815539102178e-02
8.516049447423557073e-02
8.514060629539324521e-02
8.543349316677173455e-02
8.555907610808753672e-02
8.556099788556226216e-02
8.582868289292906738e-02
8.605806798727404228e-02
8.631125890331819983e-02
8.658779980290146061e-02
8.647715954189275078e-02
8.668046260654577173e-02
8.705512992165514996e-02
8.713243481064894547e-02
8.735244880167021553e-02
8.742436540608065909e-02
8.789053886928117898e-02
8.808359912429980509e-02
8.830164105985360834e-02
8.876543399836500647e-02
8.891649857079449160e-02
8.927701629867859645e-02
8.943126755143217255e-02
8.991171676494666420e-02
9.027807187893416296e-02
9.056137940810857212e-02
9.094609233675342297e-02
9.137198806228784276e-02
9.183800431644342788e-02
9.210810866889157511e-02
9.262142762211181268e-02
9.312563487427763520e-02
9.360307981033087754e-02
9.389419457498544841e-02
9.442392723239215191e-02
9.497869982862337801e-02
9.556621623706518243e-02
9.612744669466080638e-02
9.674962244105739240e-02
9.732465205267550046e-02
9.806559746802884225e-02
9.863733359974040382e-02
9.937172461367377307e-02
9.996306297163411181e-02
1.007599537603883627e-01
1.014166731088021606e-01
1.021957451259795646e-01
1.028639808122111393e-01
1.037325716448345980e-01
1.044574967517735847e-01
1.052714199070838713e-01
1.061120833126768248e-01
1.073762455342546773e-01
1.082322581481533763e-01
1.091000254516099610e-01
1.100458892139572487e-01
1.113915949822081308e-01
1.123748264619415932e-01
1.133403671675130286e-01
1.148208254041030441e-01
1.158510035460825482e-01
1.168464313373894226e-01
1.184286195999223190e-01
1.194995901214714190e-01
1.211948686149349058e-01
1.223084608308311894e-01
1.239674157343557681e-01
1.251391822777536966e-01
1.269603335512729803e-01
1.287788718006543653e-01
1.300028370642818121e-01
1.318707906821998677e-01
1.331661279571186851e-01
1.351208068694177145e-01
1.371191274596292309e-01
1.391435108811512333e-01
1.404769943903200202e-01
1.426254833823136781e-01
1.447118032849714353e-01
1.468805493559805220e-01
1.491060412651887546e-01
1.512975705933253534e-01
1.535898359456252804e-01
1.558655014530271332e-01
1.581771041531742639e-01
1.605448597356037566e-01
1.629034787270861595e-01
1.653035269643411409e-01
1.677524819755906726e-01
1.701941728128046061e-01
1.735005505659522607e-01
1.759738829793730530e-01
1.785605652485514339e-01
1.810929616027345257e-01
1.845404249263017105e-01
1.870917286540034474e-01
1.896972833079087206e-01
1.931760184765382304e-01
1.958004976502323580e-01
1.993239619862430811e-01
2.019869670176526188e-01
2.054533745643921938e-01
2.089822467132632922e-01
2.116578125474984085e-01
2.151452399657743375e-01
2.186840681114500251e-01
2.212996377123244429e-01
2.247703295939551815e-01
2.282500157976694588e-01
2.316374008035741172e-01
2.350602659142162765e-01
2.384166991628629273e-01
