1.533762223205641650e-01
6.559070229371923022e-02
4.203094117626409582e-02
2.970685033723956606e-02
2.316462814097466905e-02
1.972876161620878283e-02
1.672199158850130180e-02
1.494227763106434174e-02
1.332192650945824945e-02
1.192377707307128165e-02
1.103774033144651161e-02
9.237293756296149558e-03
8.296289028934962159e-03
7.816659257643169059e-03
7.399780207232486279e-03
7.058178845830934828e-03
6.389698109714432930e-03
6.389016778828084456e-03
5.446706141627065921e-03
5.453450648000524210e-03
5.155049886927309463e-03
4.997556497753906889e-03
4.763226685912017033e-03
4.257619221311606007e-03
4.244765333359307342e-03
4.103583587136658793e-03
3.738586790555336811e-03
3.687035611448214508e-03
3.526491334583110870e-03
3.411669394390654236e-03
3.289640462490321139e-03
3.167501953094041273e-03
3.107346562716260720e-03
2.929275192618076284e-03
2.911729918455858296e-03
2.685910279523960522e-03
2.697028772571188632e-03
2.500267263468140995e-03
2.492910301560613377e-03
2.468542090352323498e-03
2.308219936494449506e-03
2.276561514387468246e-03
2.280628488799761339e-03
2.139389073731567947e-03
2.000564448834032689e-03
2.024798380320668584e-03
1.945078888781679371e-03
1.850951553281196668e-03
1.933980986970647428e-03
1.849663736114991099e-03
1.764441887755754598e-03
1.679502756477429994e-03
1.711707007854966272e-03
1.587993689351282871e-03
1.611461918255371276e-03
1.547840414927095266e-03
1.488802919576356042e-03
1.477252756823115324e-03
1.408935263796731686e-03
1.424210981551187957e-03
1.324054474749174074e-03
1.347443514434983145e-03
1.321552670025989478e-03
1.288302310245609868e-03
1.262220861663721806e-03
1.183640536095708750e-03
1.198771086481939183e-03
1.155387668570423540e-03
1.153112342920252715e-03
1.138484690695098491e-03
1.086904314873172973e-03
1.054847563764355978e-03
1.063357272345783313e-03
1.017643229211675614e-03
9.977178375483962674e-04
9.587913086941175387e-04
9.265212073835029771e-04
9.137838507066485061e-04
8.867685687729555096e-04
8.831279323261837476e-04
8.962395914488230321e-04
8.546864112658350901e-04
8.381468785842226352e-04
8.029850282148079691e-04
7.390273778625192254e-04
7.881684519021023337e-04
7.614080904966011917e-04
7.506241752594373625e-04
7.173216075300554908e-04
7.348889135133200579e-04
7.178219315313421863e-04
6.646033527895964113e-04
6.630788244628269988e-04
6.801305967094877381e-04
6.441025076996491610e-04
6.523211911794721870e-04
6.547193831153528144e-04
6.173346850218912980e-04
6.174114469313266929e-04
6.122612043392642710e-04
6.031188566423351192e-04
5.959467119087732273e-04
5.847990167700591871e-04
6.039509654114848204e-04
5.846728528651125734e-04
5.759245693360005554e-04
5.897942469280305789e-04
5.705294122319505730e-04
5.807695891132896946e-04
6.025101748164476707e-04
5.716235090029855382e-04
5.685449982691452272e-04
5.618668783034089015e-04
5.929177090364653796e-04
5.753153280327823237e-04
5.959056046238751445e-04
5.921607614967085674e-04
5.906716494749811438e-04
5.694853914617464818e-04
6.034344208175163819e-04
5.744978344775276448e-04
6.073979107388292669e-04
6.104415792108305351e-04
6.298764014605897320e-04
6.218187262424620032e-04
6.094675480560952279e-04
6.264650250824105272e-04
6.560643802740584842e-04
6.258057635365801017e-04
6.456342878392180287e-04
6.413571757464308146e-04
6.623824572357586834e-04
6.467707512312305049e-04
6.400713265859949873e-04
6.523881859965398409e-04
6.589876886810699464e-04
6.840296764091720067e-04
6.692083446188689441e-04
6.772951110006294366e-04
6.479206910428753378e-04
