1.466389701220709718e-01
6.330788273890124163e-02
4.177573076293569776e-02
2.947156719773289663e-02
2.301777288614860126e-02
1.962797104949541571e-02
1.673256073493346874e-02
1.492245248759107440e-02
1.337227586283771044e-02
1.193376829312284802e-02
1.102465292311609162e-02
9.256911265822381080e-03
8.306920240487462165e-03
7.829127090926445154e-03
7.410096160161317065e-03
7.082733327351039415e-03
6.409865160766384413e-03
6.404077042699968768e-03
5.470333337769194525e-03
5.471450806756050951e-03
5.168393191240398810e-03
5.018348118888587076e-03
4.787843567366197386e-03
4.280288030129563055e-03
4.273449628829027389e-03
4.131682303762527521e-03
3.771061954877444940e-03
3.716859493356277581e-03
3.555272122618355519e-03
3.445128303678920111e-03
3.325513045139720947e-03
3.207390981368071943e-03
3.149108410859981742e-03
2.970502492340851546e-03
2.958159977415533628e-03
2.731257396454078289e-03
2.745723705166635848e-03
2.547384140755388007e-03
2.549462595004201460e-03
2.525495739955317936e-03
2.364327515059526982e-03
2.339385719224926392e-03
2.347750783432182419e-03
2.205323726002562674e-03
2.073252122759875870e-03
2.090031253683132233e-03
2.019153921455692224e-03
1.926735869534397776e-03
2.013380611834045177e-03
1.936772777054942326e-03
1.850865961782514023e-03
1.764082903827937339e-03
1.806799469401582266e-03
1.683561611576818353e-03
1.707800829203447428e-03
1.647463955877657678e-03
1.596031352312933093e-03
1.586326360555717760e-03
1.514473212875257907e-03
1.540733624189544095e-03
1.440432686970323246e-03
1.473549265864984971e-03
1.452784442179411075e-03
1.419813813602922902e-03
1.398153458276139328e-03
1.322629311387495728e-03
1.355633518373926651e-03
1.312800156928990670e-03
1.315568953408833902e-03
1.313416366859652008e-03
1.262654032914567329e-03
1.234628153906626360e-03
1.257007378595604392e-03
1.211321455927390905e-03
1.200644113818564443e-03
1.160444669729323707e-03
1.130405747634260615e-03
1.129658315935790731e-03
1.108677320475872806e-03
1.114607330194439814e-03
1.143395144919423859e-03
1.108670605138732711e-03
1.097550226018083244e-03
1.061099229046964364e-03
9.943192187689073053e-04
1.073122309964424275e-03
1.047623626102281262e-03
1.050609340334475103e-03
1.016492710311356091e-03
1.056416232816352260e-03
1.049795999845880203e-03
9.838166960649836340e-04
1.002751344390848381e-03
1.041069027147054071e-03
1.005264205405574564e-03
1.030221975138604414e-03
1.053843876048421143e-03
1.013267648353534042e-03
1.025297726887374828e-03
1.036949381222007204e-03
1.032164617579304448e-03
1.034754212342756585e-03
1.040408662916271834e-03
1.092112821239162729e-03
1.062011130794533915e-03
1.066736862680924512e-03
1.125413611998616302e-03
1.103022307046827577e-03
1.121131484099580338e-03
1.207741818657258543e-03
1.150914955540503770e-03
1.166454793283168466e-03
1.160676915530391541e-03
1.264717401509403904e-03
1.249874398187758150e-03
1.301809077378010158e-03
1.312095047922189756e-03
1.347101283028017760e-03
1.326814703369524895e-03
1.432713870972309421e-03
1.410924310334369129e-03
1.561713152078754701e-03
1.620313415838475378e-03
1.710854031259286109e-03
1.740806893998939455e-03
1.790179296148409213e-03
1.879288235526225702e-03
2.070410103324516870e-03
2.106023698158524318e-03
2.291389764518186618e-03
2.431122198859927627e-03
2.663321336561285963e-03
2.877370390516797473e-03
3.112647647420177868e-03
3.381549554995887542e-03
3.832892043028496634e-03
4.642818594617423821e-03
5.456309967568353896e-03
6.618695807049414237e-03
8.215118021501257792e-03
