-9.768806294045939698e-02
-8.167282168331103931e-02
-6.073683918338165788e-02
-1.871432197275661041e-02
-7.761914323611891764e-02
7.917170944808342437e-02
4.133752831588392157e-02
-3.780717475893133339e-02
-1.095674385242552049e-02
-5.285275852628485566e-02
-6.840097072799643241e-02
-6.803395387863615806e-02
-8.205042340269229351e-02
-9.767374954354754446e-02
-8.001389292481689286e-02
-2.220098772912549494e-04
-4.330732602674575160e-02
-7.839608125264836691e-02
-4.798107408724369000e-02
-6.850656846985413162e-02
-5.323005829964274488e-02
-2.783828655585539671e-02
-3.539889695547235315e-02
5.330289403816035332e-02
-8.052125283599630146e-02
-8.330873656737557142e-02
-8.563395170212755036e-02
-5.050177099606387165e-02
-4.547479375448928995e-02
-4.648219229132467128e-02
