2.813870306074769262e-02
1.919674361365474868e-01
1.316850548266481069e-01
-1.862920383712493577e-01
-3.639288521987460445e-02
-3.209467867780267381e-01
2.116082398324297537e-02
-2.178412604627840143e-01
-1.926354170048119596e-01
-3.066504878008891599e-01
-2.941279149223173794e-01
2.554051817807008185e-01
-1.130378357810034734e-01
-5.263537335825130281e-03
-8.287946295443769651e-02
-1.444139460578087175e-01
1.425129334899874756e-01
3.298997542206157374e-01
2.996472884547064508e-01
-3.274646937858398110e-01
-3.290711722402584472e-01
-3.224972901481525378e-01
-3.096964658382315716e-01
5.192213011018969454e-02
-3.177406431713151180e-01
-2.915534472241741379e-02
-3.132024826235439707e-02
-4.903202769787144005e-02
-1.371352511396915497e-01
2.593240606107704016e-01
