8.062130209415512005e-02
-9.305052685073048058e-02
-3.684227604312607651e-01
-3.941294186337364613e-01
-4.067267542233000688e-01
1.154222037695036562e-01
-1.661982924405139561e-01
-4.068662030413762176e-01
-4.091628850846793508e-01
-4.090944089364252356e-01
-3.938891921056416612e-01
-3.790030632928102494e-01
-1.042126950573005612e-01
-3.656436571687397552e-01
-3.153048417946101578e-01
3.720784567849752533e-01
3.915841448372391898e-01
2.326736132980439242e-01
1.705688390709383592e-03
1.312570658730481954e-01
-3.811739559867819982e-01
7.976075460447668020e-02
1.124733491160516546e-01
3.872283620717327790e-01
-1.399919100775244840e-01
2.949957814500756004e-01
8.851620434909809876e-02
1.037397273534532982e-01
1.763044895977524396e-01
1.174006179523089249e-01
