-3.413560951534798660e-01
-2.590231644838580580e-02
1.414875520426847888e-01
3.491419930474630728e-01
3.481186878519028638e-01
3.476772422070298352e-01
3.277859232712456161e-01
2.916571798655802628e-01
-1.395724230367576535e-01
-2.266860001552377935e-01
-3.296944258858168775e-01
-1.313610608573837213e-01
-2.643824736214483440e-01
2.342132872992512549e-01
-1.434468369827223699e-01
-3.368300009344251111e-01
-2.820969177135594363e-01
-3.466181066296649127e-01
-3.466318271760176484e-01
-1.921823817407058432e-01
-2.472856344475716783e-01
1.538498913122747502e-01
-2.610110510146306240e-01
1.751338385745428994e-01
-2.407482443245230752e-01
-3.025327168600095984e-01
-3.186744085578059327e-01
-2.742546270840812150e-01
-2.275039163737923031e-01
-7.251733455437472942e-02
