-3.084616380441039807e-01
-2.350614200558547584e-01
2.936843926144493411e-01
3.265908671619156545e-01
-1.236648565452486831e-01
-3.160698668402551759e-01
-4.414131006105625477e-01
-2.212125200305826156e-01
-3.818682369426630863e-01
-4.487010828152019903e-01
3.467973669331612108e-01
4.675514122798722916e-01
4.388846030325201930e-01
-2.961147026395398174e-01
-4.478655764015363472e-01
-4.718261016406475328e-01
9.681129696474069513e-02
1.003976278443050041e-02
3.865560960169086568e-01
2.686917877956375156e-01
8.590934557239782166e-02
-4.205776462264439880e-03
4.551386862086577167e-01
1.894015209361213925e-01
1.572856316917032871e-01
-1.851125983757839488e-01
-4.760652197641180861e-01
-4.790084609287372230e-01
-4.624016038590796351e-01
-3.280171757227900997e-01
