-9.579832259739656797e-02
-1.264704125297195225e-01
-1.427201347052082792e-01
-1.437595776843436368e-01
-1.444671707788823811e-01
-1.449255281518926630e-01
-1.450304223114954327e-01
-1.452716939441571764e-01
-1.443537081849200210e-01
-1.401939492620964123e-01
-1.402397046274808101e-01
-1.403397135478636204e-01
-1.405364349227637977e-01
-1.421030097541217119e-01
-1.328887487561787317e-01
-1.068257096606574225e-01
-6.174722963377483886e-02
-9.644467738519875433e-02
-1.156447631803693976e-01
-1.069492965628286163e-01
-1.003201430217996459e-01
-1.177536764665613050e-01
6.485595332666994894e-02
4.143670678243537714e-02
-9.566640439614501612e-02
-1.206534207635467509e-01
-9.541377936092176881e-02
-1.202684354095210073e-01
-1.257321932352276073e-01
5.839962574771476178e-02
