-4.773255980102051460e-02
-2.236814636531504474e-01
-2.045189709011051293e-01
5.738578289768384022e-02
1.118089606187573776e-01
2.246052623207821786e-01
-1.683531335026338116e-01
-1.898195019595184108e-01
-2.192322370266697740e-01
-2.207699310531419656e-01
-1.104252948626651132e-01
-1.709609978020801280e-01
2.138411740749079359e-01
-2.070796495385139879e-01
-1.514397266688607691e-01
-2.145143229190345502e-01
-2.055870946980547509e-01
-7.470190748302366068e-02
-1.948083952996176871e-01
2.248821038481449708e-01
2.018339709658883430e-01
1.836618439490418364e-01
1.357769429628657987e-01
1.991335996861333668e-01
-5.229374419138451552e-02
-1.613770813543717597e-01
-1.789629021582676283e-01
1.574635196382713764e-01
-8.473343008189609948e-02
-1.267665199489440564e-01
