1.111380852328386487e-01
1.249130682970740064e-01
9.169730605340808971e-02
4.181495797019552790e-02
-8.136702460320978381e-02
6.330838346775481684e-02
-1.518750590657383381e-02
-8.958957020580318731e-02
1.748165439954681988e-01
1.443884464276964652e-01
-8.162659201080293969e-02
-3.033811035158213293e-02
1.639291497834255429e-01
1.650260358842301212e-01
1.569872922586695030e-01
-1.782035090943215050e-01
-2.642245818085047979e-02
-1.571697728318280918e-01
-1.390761175772590452e-01
-8.145739951746414076e-02
-1.288303774421662995e-01
1.097234650154268049e-01
1.264858678776079881e-01
-1.977427323689884275e-01
9.045822832473918162e-02
8.427152506933172083e-02
1.977830767608466378e-01
1.977367833954180587e-01
-1.881860704233246639e-01
-1.993511028798625739e-01
