8.029717892590491901e-02
6.293968968639422623e-02
2.283785815080648790e-02
-2.235687621898257288e-02
-5.723896186108466677e-02
-1.147671263362328720e-01
-1.185126361247330201e-01
-1.229276576897298939e-01
9.107248133985051952e-02
9.701454183625712879e-02
-9.173344825103892097e-02
-2.779946353228353664e-02
-9.515097538819597411e-02
-1.210961282730732974e-01
-1.256017487624153939e-01
-1.280203484978735540e-01
-3.417593570977747741e-02
-8.675590860000713389e-02
-1.147247778254036343e-01
3.962018092780805051e-02
1.134913763876413545e-01
1.062504965891952619e-01
-1.298882744149179591e-02
-5.757744982695454233e-02
8.983716747892690757e-02
4.761281489492575486e-02
-1.170923899589304956e-01
-1.175162145953805859e-01
8.801289012841001513e-02
-1.087046802994249967e-01
