-8.043817861612370668e-02
-8.919207990501262784e-02
-9.696134660335821442e-02
1.129098996748453820e-02
6.839629919390065316e-02
6.305250148946117683e-02
5.696799785902087465e-02
5.412946672748300547e-02
4.836008264018492459e-02
3.744490205929312115e-02
2.885505540659647275e-02
4.612825243652578927e-02
4.444706978700390526e-02
4.411107966097380095e-02
4.081856782898022479e-02
3.668884182775306035e-02
2.948814917649602435e-02
-4.184367101225471182e-03
-4.884635826152497473e-02
-5.122261424192386947e-02
-4.917509235871511675e-02
2.259560358801899517e-03
-6.159394993147139508e-02
-7.308686507867916127e-02
-6.492733160890612476e-02
-5.985965247559987823e-02
-6.413654010914481007e-02
-6.797142947053406992e-02
-7.400623710916376385e-02
-8.224773095802530298e-02
