-1.143116221372545566e-01
-1.182672040999284829e-01
-1.161235481132907588e-01
-1.050002432794219648e-01
-1.133444112704225931e-01
-1.179713490197443204e-01
-2.983948997840184941e-02
-6.441576415898241093e-02
-5.580452694542452352e-02
-1.019432975947047876e-01
5.856775531927331871e-03
-1.349903367547635596e-02
6.604067116972505390e-03
8.301276727256563792e-02
1.151461378129737534e-01
1.128912935990054739e-01
9.614193331461043379e-02
7.613805764221306949e-02
-6.318975648592821404e-02
-1.128977607867594490e-01
-1.142186483632294386e-01
-1.199377515812743988e-01
8.415669270078559097e-03
-5.725763837817083451e-02
-3.584041586668644530e-02
-3.170780687982988066e-02
-3.844873557957558668e-02
3.186689676336708354e-02
-4.873214867698023867e-02
3.401513440103037106e-02
