1.907341757821232886e-01
9.349511035568416895e-02
7.451931906702398412e-02
6.776020623017271760e-02
6.645287783468439846e-02
6.457063253039591055e-02
6.544485864981282319e-02
6.405582260914252646e-02
6.361308522931889697e-02
6.415774466844140211e-02
6.365644352111919646e-02
6.337677320553242177e-02
6.255522528553494888e-02
6.297990048134591290e-02
6.270021142927503788e-02
6.274813792395764200e-02
6.321425517037980446e-02
6.307678049556696143e-02
6.268831399491692213e-02
6.281183583232692602e-02
6.269010944727732015e-02
6.280273141747766408e-02
6.247152111418100701e-02
6.255514034291367875e-02
6.268241655017736669e-02
6.271724458058279550e-02
6.240493421554785258e-02
6.225351842320589468e-02
6.243036530066749940e-02
6.229998466931138679e-02
6.241499000397190966e-02
6.264405296169929527e-02
6.237400645609562921e-02
6.260707617250964307e-02
6.276031269465630336e-02
6.271651770452456309e-02
6.258165836571945306e-02
6.256803110860861827e-02
6.252911026105306691e-02
6.240286388550042584e-02
6.251965129584576009e-02
6.252206252659835151e-02
6.250975874132545795e-02
6.240649108659191563e-02
6.257320584512811312e-02
6.255020984871222101e-02
6.254879699962624662e-02
6.263630588894270046e-02
6.256720298296077065e-02
6.267144299133257934e-02
6.250783783989684317e-02
6.255009674356135085e-02
6.249834730698096419e-02
6.251554769647893472e-02
6.252368375694669633e-02
6.252348486315949250e-02
6.249279470011805115e-02
6.253185961402638049e-02
6.253775965472094245e-02
6.254249178207996196e-02
6.244111280105681810e-02
6.248947506372910798e-02
6.245146926894145495e-02
6.251366792611352807e-02
6.246224970266249510e-02
6.254356881872059903e-02
6.258304262838047805e-02
6.248886669465728710e-02
6.245172054218346702e-02
6.245873810938890741e-02
6.253174846180904745e-02
6.253652581214584616e-02
6.253860202715498529e-02
6.246228209068035303e-02
6.249359998976444092e-02
6.248880932386077780e-02
6.251980578798169152e-02
6.251676095815648926e-02
6.248208031173796417e-02
6.248073177359748237e-02
6.253939138588815450e-02
6.252129510802825751e-02
6.249744679671238173e-02
6.249437636575005950e-02
6.246649004147515616e-02
6.249243651215807827e-02
6.249909233784926160e-02
6.249605954115535628e-02
6.249740853888430259e-02
6.250193844373498619e-02
6.250227938469417321e-02
6.249596854445427230e-02
6.249512710018204770e-02
6.250025801339696707e-02
6.250145674625021130e-02
6.250076270906332332e-02
6.249952941876526363e-02
6.250170823023623590e-02
6.251206306089925058e-02
6.249251917982642790e-02
6.251107498148832098e-02
6.250178730823094386e-02
6.249645926381044991e-02
6.250355167781758425e-02
6.251980523036776427e-02
6.247723184571929433e-02
6.248803738643391587e-02
6.249571212063943088e-02
6.251015656468891790e-02
6.245680667560874616e-02
6.248569056872715216e-02
6.250498974417813269e-02
6.251087737111725440e-02
6.247280228160443510e-02
6.248909609530770015e-02
6.255687523871643341e-02
6.254688702839281134e-02
6.251488740104881037e-02
6.253396943214742376e-02
6.251067478980647241e-02
6.249091664143463509e-02
6.250109588818837658e-02
6.245092963181844703e-02
6.247705009360637884e-02
6.239639575664071569e-02
6.254905912537364610e-02
6.255003424434944781e-02
6.254461983873579878e-02
6.250440613149549351e-02
6.256726994965848554e-02
6.266590880488297211e-02
6.252129701198894107e-02
6.249054498792774859e-02
6.265448802856518618e-02
6.276284853123038909e-02
6.258638618720399616e-02
6.256443021657669135e-02
6.270568756370172026e-02
6.289069777594613608e-02
6.268008653118378737e-02
