1.907337750000000498e-01
9.350793750000004068e-02
7.455235555555558835e-02
6.782223281250004954e-02
6.655249500000004481e-02
6.471564444444448394e-02
6.564514387755109037e-02
6.431779140625004665e-02
6.394646512345684986e-02
6.457149125000004319e-02
6.415756404958679326e-02
6.407834112426044615e-02
6.336787385204088741e-02
6.391547211111114901e-02
6.376496289062506817e-02
6.395164117647067492e-02
6.456734274691364184e-02
6.458462368421057087e-02
6.453038633786853384e-02
6.483608099173557293e-02
6.490313152173919631e-02
6.521570047743059650e-02
6.508855532000006050e-02
6.561309307270242475e-02
6.597541163903068717e-02
6.625264577883475947e-02
6.644659497918839475e-02
6.656061560058600113e-02
6.701788620293853971e-02
6.717129206314886858e-02
6.788805293209883296e-02
6.843525233747266290e-02
6.848149643351804372e-02
6.939282660937505509e-02
6.990066980963717536e-02
7.058382463493785564e-02
7.082309067665291946e-02
7.159354985822312389e-02
7.195936179266644583e-02
7.224452062717016954e-02
7.322596092000006884e-02
7.367319580930418998e-02
7.457903697935217013e-02
7.494528356481490461e-02
7.609721723533170723e-02
7.657700062326874835e-02
7.761341011921865651e-02
7.878413563558188393e-02
7.926577723725290736e-02
8.051587680664067104e-02
8.092832680473381612e-02
8.217580262307871974e-02
8.336560976685572499e-02
8.402252870918375249e-02
8.534055978491519867e-02
8.669312734203805937e-02
8.805642738919672308e-02
8.881339504132239326e-02
9.028319790498326447e-02
9.179666620179859071e-02
9.324041353244308383e-02
9.408733588789690294e-02
9.566867909680913662e-02
9.740630039062503354e-02
9.906663502777783570e-02
1.009200741611532004e-01
1.027758845886148353e-01
1.045326307156033419e-01
1.064010913655769192e-01
1.083673854825000504e-01
1.104565046280277796e-01
1.125203522582286508e-01
1.146313276010147014e-01
1.167057661694102522e-01
1.189513798243802545e-01
1.212081009745696186e-01
1.235567095067713755e-01
1.259191439097800680e-01
1.282988745134301112e-01
1.307684304878473092e-01
1.346403876231080377e-01
1.372238452048000490e-01
1.398545495055490973e-01
1.425622318174990522e-01
1.466987219883494620e-01
1.495739954513812531e-01
1.524818183255840232e-01
1.569307771323948664e-01
1.599684992253911642e-01
1.630641922820187106e-01
1.678025583259055153e-01
1.710221665346513265e-01
1.759630169104426101e-01
1.793309464030929112e-01
1.844768859395547467e-01
1.879731215209902995e-01
1.933176366652522293e-01
1.987855610127901018e-01
2.025064580209392506e-01
2.081481716107630164e-01
2.120081180234945351e-01
2.178547350054499954e-01
2.238199398632258752e-01
2.299107683541667391e-01
2.340447268242061563e-01
2.402680060942295193e-01
2.466534243266184923e-01
2.531406658575697799e-01
2.597367782262994251e-01
2.663669783027133864e-01
2.731742985768751408e-01
2.800658965141110679e-01
2.870359610324960675e-01
2.940542055659211562e-01
3.012067806509212686e-01
3.084836918918335558e-01
3.157702920119309642e-01
3.231121170451056734e-01
3.330600105017285650e-01
3.405663126716875766e-01
3.481357959530369528e-01
3.557839407389145614e-01
3.660140979101936254e-01
3.737839574116321728e-01
3.815228803266092483e-01
3.920639004751724221e-01
3.999266802943605703e-01
4.104433393052673296e-01
4.183316984796588422e-01
4.289256013996126660e-01
4.395377499742072480e-01
4.473972336337945777e-01
4.579315492066848292e-01
4.685100930133979102e-01
4.764019211750639138e-01
4.867754952784047462e-01
4.971412745186512550e-01
5.074572513141538677e-01
5.176753791271001548e-01
5.277186268891669307e-01
