2.620534237395580335e-01
9.691162449001138046e-02
5.967639511840426569e-02
4.392578224740326109e-02
3.512873042724395239e-02
2.985944610136195485e-02
2.601988870500736642e-02
2.292693700882593097e-02
1.923132562478526222e-02
1.775154060251494040e-02
1.594438123401163004e-02
1.387030033411192596e-02
1.239712853849386093e-02
1.175884397597909588e-02
1.079479937846761217e-02
1.018028724153142300e-02
9.587920136276295580e-03
9.314015646093324816e-03
8.464461317883002420e-03
8.073414888127581138e-03
7.805346664720815182e-03
7.268385333624534719e-03
6.837092567319923153e-03
6.433658330194548004e-03
6.063491862444973790e-03
5.976854202434910175e-03
5.400282276461980217e-03
5.435546301903034123e-03
5.209117794098112007e-03
5.080332020920357364e-03
4.735590394660838323e-03
4.667338419033562232e-03
4.617171593464614900e-03
4.295313254109714429e-03
4.021932112552981456e-03
3.944910678270328180e-03
3.868037308918678783e-03
3.624833947828069551e-03
3.647071449236511699e-03
3.562617721702915005e-03
3.365235790106595008e-03
3.273438583116042040e-03
3.133485020133799231e-03
3.071954941163394619e-03
2.907062984963793440e-03
2.851619072260062632e-03
2.725199313649861489e-03
2.573043303138412060e-03
2.562200577103210426e-03
2.543646886666727554e-03
2.499427672188657846e-03
2.401521090844167469e-03
2.328583957352968557e-03
2.245733383732355110e-03
2.132222427792578728e-03
2.029436543973436955e-03
2.029604851967051985e-03
1.992827698874480389e-03
1.899776108263535228e-03
1.853605526140654405e-03
1.806641612521037469e-03
1.697673347434022978e-03
1.671163240443212898e-03
1.567766513141761022e-03
1.518768950295004130e-03
1.471331549811919718e-03
1.404168082386591816e-03
1.385517877195848683e-03
1.283621576155642924e-03
1.237661084216303128e-03
1.231853107792013364e-03
1.131547375419335267e-03
1.120525604082200314e-03
1.050119970161277668e-03
9.872143242750652803e-04
9.402799342462484248e-04
8.957153699012945433e-04
9.150399908094892284e-04
7.838172521500303682e-04
7.459333789195578962e-04
6.780721431477858838e-04
6.899756996985339282e-04
6.098160958050291699e-04
5.753262956721548645e-04
4.892711004425613847e-04
4.684957811254223531e-04
4.256160592329832361e-04
3.553006396904342121e-04
3.172021272153475666e-04
2.833111117037737385e-04
2.163358520959369764e-04
1.754367533090663359e-04
1.149495938910956983e-04
8.110070328902066808e-05
2.199448196952865210e-05
1.778156134045124842e-05
7.945048722051408971e-05
1.316936869229124330e-04
1.641656615980368781e-04
2.309515620140599565e-04
2.632875680635524303e-04
3.115356243190173192e-04
3.689913201284326515e-04
4.159825350396592408e-04
4.636110190333077026e-04
5.287112248205068973e-04
5.777432605656487299e-04
5.885825081273946902e-04
6.504233398626743700e-04
7.190327216178454307e-04
7.650066012659232674e-04
8.460793196739254752e-04
8.928899534203169888e-04
9.378917792226038096e-04
9.326264166453799654e-04
1.018415634141326851e-03
1.015921940374883139e-03
1.074072814204928873e-03
1.142904711112507129e-03
1.183886266751683338e-03
1.243312443282776911e-03
1.255363471559218331e-03
1.281429077634835571e-03
1.349531077582039051e-03
1.386354688972438144e-03
1.350811295211402138e-03
1.458485863645742628e-03
1.485816033899116416e-03
1.482554479854432308e-03
1.533391756376545215e-03
1.583507189697510795e-03
1.483899108418027489e-03
1.599469112283990980e-03
1.647388951166596505e-03
1.719547973484261173e-03
1.753997490087096534e-03
1.660900758424447687e-03
1.690944811602289061e-03
1.702943169133736478e-03
1.657327702396387686e-03
