2.620557519095642052e-01
9.690911934037289843e-02
5.966915963127261691e-02
4.391555350898127680e-02
3.511483734258462330e-02
2.984278940406152880e-02
2.600040897982279151e-02
2.290391026729463389e-02
1.920615744782282197e-02
1.772333810265859164e-02
1.591312922983953090e-02
1.383204479611417279e-02
1.235651816248841718e-02
1.171532976638087024e-02
1.074908544845228596e-02
1.013235926349132822e-02
9.538043704575234483e-03
9.260597192495542695e-03
8.403706982011776086e-03
8.009260641698564762e-03
7.738170598292282848e-03
7.201332580374225634e-03
6.768053775866950117e-03
6.359092790495329134e-03
5.987149937785576394e-03
5.897654551258580020e-03
5.317581169379083719e-03
5.346605071675164002e-03
5.120007028436322945e-03
4.988169308976004267e-03
4.640072572742594964e-03
4.568671220978610253e-03
4.513758966778587400e-03
4.190517131534765224e-03
3.920007396007965661e-03
3.835458522848865688e-03
3.755509809459415486e-03
3.511491382124066595e-03
3.528352654306518045e-03
3.442375285230841672e-03
3.243151600161124030e-03
3.149373243329734850e-03
3.007738925317322148e-03
2.944644502689122267e-03
2.778486147567509577e-03
2.721904464739636348e-03
2.594346300241162639e-03
2.443002260676734212e-03
2.428908842578928959e-03
2.405085150997789741e-03
2.358889664640185201e-03
2.260511084935812494e-03
2.185744994513972358e-03
2.104675726867898632e-03
1.992728037004371389e-03
1.891784199472356254e-03
1.885640081390734055e-03
1.849671143796974759e-03
1.758488875808921804e-03
1.710912330520848517e-03
1.663146460467714634e-03
1.560695809581985616e-03
1.532302534036927453e-03
1.433930810313363427e-03
1.385522683966686165e-03
1.339421752114860770e-03
1.275715279422841167e-03
1.255575240111114679e-03
1.160441252583629262e-03
1.116522011986697876e-03
1.109337102252071347e-03
1.017577154605305966e-03
1.005850653030172228e-03
9.404925560221643124e-04
8.832018642301057900e-04
8.401165270073460926e-04
7.994926351893766369e-04
8.159518274136707628e-04
6.982467802005322410e-04
6.639096292235048590e-04
6.031805764600323052e-04
6.135835144990443987e-04
5.420815773686434849e-04
5.113889194583375822e-04
4.350356054269076747e-04
4.169402703642285934e-04
3.789532521689358674e-04
3.168269143085051870e-04
2.832226929375179325e-04
2.533222517047131685e-04
1.939629871109617334e-04
1.576163796373741528e-04
1.036360298054124057e-04
7.331889747905582643e-05
1.997402044026361627e-05
1.620187513477167968e-05
7.279456658340910391e-05
1.214039412596380654e-04
1.520129147240347519e-04
2.154152143312583316e-04
2.468715556341150139e-04
2.945723660003349634e-04
3.521172260019887063e-04
4.008723934761063319e-04
4.499349930176256259e-04
5.188344672724103535e-04
5.737896345716160702e-04
5.923589282192404798e-04
6.636404652244082139e-04
7.444954657211120316e-04
8.049400849740894794e-04
9.051827160323721016e-04
9.721731459851185291e-04
1.040828134709588255e-03
1.056190156442677643e-03
1.178339601182669004e-03
1.202093989904185747e-03
1.301241041674063362e-03
1.432057672624788367e-03
1.523148275758754366e-03
1.645716831336421770e-03
1.714147787205052946e-03
1.825661046290515599e-03
1.989879999514033992e-03
2.119071698748311531e-03
2.176752095811029363e-03
2.454415283570909097e-03
2.651672319677056411e-03
2.776465073795474168e-03
3.078666657256775782e-03
3.440139879906610725e-03
3.424991383011944703e-03
4.036970916998845749e-03
4.596069198768879330e-03
5.227228600368837540e-03
6.027066159962335239e-03
6.562055104121617376e-03
7.877539390853364673e-03
9.726912569732211813e-03
1.208576350480349178e-02
