-3.319456597004948328e-01
-4.085736526018123316e-01
-4.095956063606411846e-01
-4.095963890096901427e-01
-4.096284063395901343e-01
-4.096737989600772734e-01
-4.097231054796897087e-01
-4.097720674040241651e-01
-4.098185983140727462e-01
-4.098616542070747659e-01
-4.099006908722064302e-01
-4.099351895934271184e-01
-4.099641538440672583e-01
-4.099856491899231403e-01
-4.099964933409187551e-01
-4.099921724544861590e-01
-4.099670105931929598e-01
-4.099145781091358964e-01
-4.098282981134410696e-01
-4.097021918649494943e-01
