-2.638196277799614853e-01
-3.534655123794271936e-01
-3.594432603990971864e-01
-3.596019534544746543e-01
-3.596273301741076400e-01
-3.596630889828801303e-01
-3.597043194068866856e-01
-3.597464365526207297e-01
-3.597872305622655809e-01
-3.598259597235199947e-01
-3.598626667540043567e-01
-3.598975500039791608e-01
-3.599303188883890559e-01
-3.599595923775396056e-01
-3.599824467947874695e-01
-3.599942019438719387e-01
-3.599884900501132412e-01
-3.599576096032356398e-01
-3.598931371392601886e-01
-3.597867501553858038e-01
