-3.180947108520514321e-01
-3.979348879414624784e-01
-3.995919763816068726e-01
-3.995972712055176901e-01
-3.996268854851350860e-01
-3.996705544094682483e-01
-3.997186598589457240e-01
-3.997667106095944556e-01
-3.998125548561164422e-01
-3.998551901101248807e-01
-3.998941650748640830e-01
-3.999290704718934109e-01
-3.999590095490908603e-01
-3.999821135469939226e-01
-3.999952082370153428e-01
-3.999937100364385212e-01
-3.999717817685679577e-01
-3.999227365610598106e-01
-3.998396511039583046e-01
-3.997161306378556600e-01
