-4.161345131096296779e-01
-4.695596370167429146e-01
-4.695758259944303181e-01
-4.696032666473532458e-01
-4.696472480712849951e-01
-4.696990940376396528e-01
-4.697519752829700246e-01
-4.698031661497481526e-01
-4.698508459352470634e-01
-4.698937603309115141e-01
-4.699309747498788825e-01
-4.699615594474237379e-01
-4.699842003558851178e-01
-4.699968472290250721e-01
-4.699965049242751935e-01
-4.699792285711535955e-01
-4.699403333975051278e-01
-4.698747934279126626e-01
-4.697777815866942541e-01
-4.696452894522551436e-01
