-3.492645677557132400e-02
-7.768261432339032546e-02
-1.066617971946714621e-01
-1.234999286299490046e-01
-1.322784846935014247e-01
-1.365216906487106419e-01
-1.384694549189723900e-01
-1.393247363771865088e-01
-1.396666891537715616e-01
-1.397543152706335889e-01
-1.396990742246024819e-01
-1.395503325010430673e-01
-1.393336090822408779e-01
-1.390660331958223361e-01
-1.387617730718941345e-01
-1.384334945244902471e-01
-1.380924877846485266e-01
-1.377484934227004854e-01
-1.374095639161106164e-01
-1.370820295988973148e-01
