-4.441971625223767317e-01
-4.892396052868938638e-01
-4.895549425894476503e-01
-4.896111862601639220e-01
-4.896554277701124502e-01
-4.897085409625525632e-01
-4.897615367155832566e-01
-4.898126489017186613e-01
-4.898599760826458094e-01
-4.899022230037933801e-01
-4.899383744725104850e-01
-4.899674340134757000e-01
-4.899880553408416661e-01
-4.899982159015328076e-01
-4.899950306878623207e-01
-4.899747623944369357e-01
-4.899330343364287632e-01
-4.898652180458729077e-01
-4.897669475220933766e-01
-4.896346992030857215e-01
