-2.338781780836904009e-02
-9.523248594680613910e-02
-1.345781236867713837e-01
-1.473425722930658266e-01
-1.488560414981435764e-01
-1.471819611123560412e-01
-1.450846040923688407e-01
-1.433566079409761829e-01
-1.421327120269641198e-01
-1.412941349355645582e-01
-1.406385163899006863e-01
-1.400005719776594160e-01
-1.393217556298030069e-01
-1.386494511301843147e-01
-1.380844923408835467e-01
-1.377170332526015950e-01
-1.375831820546127571e-01
-1.376561478846574926e-01
-1.378670776795674902e-01
-1.381376534658110833e-01
