-5.344985923739971681e-03
-7.293001918436280498e-03
-9.294525124213706690e-03
-1.137964300405500985e-02
-1.358005150742288246e-02
-1.592799798063550265e-02
-1.845484207375736735e-02
-2.118916798439774915e-02
-2.415442331869768061e-02
-2.736613982055185329e-02
-3.082891420012590436e-02
-3.453348528506107462e-02
-3.845440717984907608e-02
-4.254893179360512423e-02
-4.675770508756774135e-02
-5.100768559882053188e-02
-5.521729702595080946e-02
-5.930330067753630807e-02
-6.318837660536145984e-02
-6.680812464408732165e-02
-7.011626877516666245e-02
-7.308726473109958266e-02
-7.571612457766786763e-02
-7.801586747056969695e-02
-8.001340180498428545e-02
-8.174476403464921159e-02
-8.325051713564685096e-02
-8.457184734090794631e-02
-8.574760300064057650e-02
-8.681227809683296492e-02
-8.779479643278610690e-02
-8.871790337853915909e-02
-8.959799650723733466e-02
-9.044528857307436442e-02
-9.126426006824853165e-02
-9.205439683478824908e-02
-9.281120786119996524e-02
-9.352748242903158316e-02
-9.419469088577088478e-02
-9.480438352087744436e-02
