-1.157870645398087761e-01
-2.216615310690420171e-01
-2.459566873577859747e-01
-2.535005823411267123e-01
-2.571104416295523221e-01
-2.589251014988106503e-01
-2.597544980864296971e-01
-2.599959532212574032e-01
-2.598929888607625638e-01
-2.596243741803533900e-01
-2.593177309064901293e-01
-2.590484486422861554e-01
-2.588459698113684260e-01
-2.587066790383789061e-01
-2.586081326012342751e-01
-2.585216914013165890e-01
-2.584225337714322612e-01
-2.582963344237068637e-01
-2.581418032564210541e-01
-2.579688956772058783e-01
