-7.286470758042393192e-02
-1.359581890745821253e-01
-1.695657465677904707e-01
-1.831424257628971597e-01
-1.877806179329986336e-01
-1.892392904871862680e-01
-1.896820620154721915e-01
-1.898046128427885448e-01
-1.898128057786445111e-01
-1.897670323718003149e-01
-1.896891642993001892e-01
-1.895925054179150859e-01
-1.894889078223124801e-01
-1.893897402032158617e-01
-1.893054470958434876e-01
-1.892449119555358050e-01
-1.892148920756293040e-01
-1.892195719913208618e-01
-1.892602366987328755e-01
-1.893350553782794932e-01
