1.452928842142952107e-02
-9.304628658999029509e-03
-3.229293372983187138e-02
-5.229889252428706475e-02
-6.815475736850382105e-02
-7.976651036616010104e-02
-8.774312838320653951e-02
-9.294335444389167922e-02
-9.618017446914252366e-02
-9.810112107212187738e-02
-9.917449865291722011e-02
-9.971879290314042410e-02
-9.994110671850581218e-02
-9.997097505166736842e-02
-9.988611402768340919e-02
-9.973066189396290193e-02
-9.952758777182037220e-02
-9.928694090897964564e-02
-9.901127183116494035e-02
-9.869918231472252224e-02
