-2.260624936873547458e-02
-5.801719675693028239e-02
-8.343251888449909615e-02
-9.961279336094751302e-02
-1.091201125090000279e-01
-1.143938785746086151e-01
-1.171929870103302213e-01
-1.186228918926153370e-01
-1.193154151378217481e-01
-1.196061102600513432e-01
-1.196638240942884818e-01
-1.195714752817921694e-01
-1.193711104418790775e-01
-1.190867251840896646e-01
-1.187346991640478022e-01
-1.183279913245532527e-01
-1.178775435266311289e-01
-1.173926452695604056e-01
-1.168810516741034672e-01
-1.163491548746137527e-01
