2.512330980867989727e-02
-1.150587531579043421e-01
-2.191517843811917610e-01
-2.823668317687457741e-01
-3.188092242292636658e-01
-3.403279203198121272e-01
-3.535782712879883549e-01
-3.620550044339365670e-01
-3.676421461917120936e-01
-3.714067780889875880e-01
-3.739840186474855943e-01
-3.757684517760290221e-01
-3.770138765564287620e-01
-3.778880025280981214e-01
-3.785039376289976998e-01
-3.789391285169528278e-01
-3.792471928221648469e-01
-3.794655471245227951e-01
-3.796204503483851522e-01
-3.797304045619417368e-01
-3.798084826358195110e-01
-3.798639391261166010e-01
-3.799033341241114248e-01
-3.799313218638011302e-01
-3.799512063540411710e-01
-3.799653339804379693e-01
-3.799753714584541142e-01
-3.799825028813136885e-01
-3.799875695374280160e-01
-3.799911691777326794e-01
