-3.598703629463644860e-01
-4.293743813046490554e-01
-4.295929650860653704e-01
-4.295961393716000165e-01
-4.296331001105689329e-01
-4.296813757421932278e-01
-4.297325025371950269e-01
-4.297827476030507410e-01
-4.298301479813719794e-01
-4.298735838633651052e-01
-4.299123515755705061e-01
-4.299457531402040011e-01
-4.299726391459848251e-01
-4.299909915295750951e-01
-4.299976542417880410e-01
-4.299882829743785218e-01
-4.299575349342070751e-01
-4.298994797220886399e-01
-4.298081872639020196e-01
-4.296784316602004772e-01
