-1.663920278158584620e-01
-2.744776551659220964e-01
-2.961676556409993388e-01
-3.045906074975346933e-01
-3.081927854204571382e-01
-3.096084527782895224e-01
-3.099768174069174598e-01
-3.098560457287016234e-01
-3.095547332999205037e-01
-3.092444590473902855e-01
-3.090071610546772929e-01
-3.088660136476963913e-01
-3.088095242277144603e-01
-3.088095679271291583e-01
-3.088341062491438138e-01
-3.088558136089586958e-01
-3.088573269341439720e-01
-3.088331874421019752e-01
-3.087885671848332181e-01
-3.087355857509775925e-01
