-4.301861809476852372e-01
-4.794187962734461350e-01
-4.795671249280509807e-01
-4.796068743005553192e-01
-4.796513176440410087e-01
-4.797037903791477875e-01
-4.797567902472976709e-01
-4.798079752026368494e-01
-4.798555103207430839e-01
-4.798981155020457523e-01
-4.799348137616329946e-01
-4.799646384576765068e-01
-4.799862561205985312e-01
-4.799976276659308483e-01
-4.799958114908081663e-01
-4.799769666529737910e-01
-4.799365646838739119e-01
-4.798697830145936538e-01
-4.797720321899823781e-01
-4.796395554566974528e-01
