-1.991552268420950234e-01
-3.057753551500432820e-01
-3.274398897199909952e-01
-3.357288743363116557e-01
-3.388567592818214624e-01
-3.398541035683744771e-01
-3.399419511009351691e-01
-3.396814765175518169e-01
-3.393485285146160546e-01
-3.390716066110792126e-01
-3.388957024962410691e-01
-3.388196945828226836e-01
-3.388202003877345825e-01
-3.388666299095129397e-01
-3.389304541864813780e-01
-3.389906156247826652e-01
-3.390359496708918452e-01
-3.390649362616145468e-01
-3.390832326017783616e-01
-3.390999015837077302e-01
