-2.003008031005543144e-01
-2.065672210248289398e-01
-2.083900794762907627e-01
-2.089255336093050475e-01
-2.090998024015523760e-01
-2.091724707198413524e-01
-2.092155824760894012e-01
-2.092491754640905810e-01
-2.092788967137927947e-01
-2.093064038816891959e-01
-2.093322418195726342e-01
-2.093566392453523051e-01
-2.093797301386683962e-01
-2.094016158456695476e-01
-2.094223829805092196e-01
-2.094421089927032131e-01
-2.094608642395308085e-01
-2.094787130242898310e-01
-2.094957142922416193e-01
-2.095119221840387735e-01
-2.095273865085728326e-01
-2.095421531578575969e-01
-2.095562644747714365e-01
-2.095697595805517122e-01
-2.095826746672654894e-01
-2.095950432595707624e-01
-2.096068964494333664e-01
-2.096182631069727076e-01
-2.096291700701752303e-01
-2.096396423158801703e-01
