-2.771866248901338481e-01
-3.648918168648112026e-01
-3.695141797693105579e-01
-3.696013718476180432e-01
-3.696261841471830678e-01
-3.696639568331462899e-01
-3.697072043993266943e-01
-3.697511863265819931e-01
-3.697936486780061816e-01
-3.698337588458770475e-01
-3.698714125964847610e-01
-3.699066266935707170e-01
-3.699389227053181406e-01
-3.699667571409806510e-01
-3.699871027697191339e-01
-3.699952671300387741e-01
-3.699849887786172964e-01
-3.699488095308440805e-01
-3.698786922049299153e-01
-3.697668335759122238e-01
