-1.875304815569208694e-01
-2.803730327332099037e-01
-2.976959234949257960e-01
-2.994714198012025652e-01
-2.996395709375369032e-01
-2.996770567529254414e-01
-2.997050868482499797e-01
-2.997306047458464517e-01
-2.997537130431524033e-01
-2.997752871230280891e-01
-2.997970263867700824e-01
-2.998209378413736470e-01
-2.998486494004576897e-01
-2.998806578876153650e-01
-2.999156519861816417e-01
-2.999500355388376449e-01
-2.999777312074104474e-01
-2.999902985350909046e-01
-2.999773692258148605e-01
-2.999273854376250936e-01
