-3.394927209326047968e-01
-4.332369380516261637e-01
-4.545237281848861222e-01
-4.590670042194431866e-01
-4.599826799879365158e-01
-4.597904015667985678e-01
-4.594880211324328112e-01
-4.592010549569280342e-01
-4.590158315110273723e-01
-4.589187731324992359e-01
-4.588962855198047142e-01
-4.589245052983705886e-01
-4.589832330039391728e-01
-4.590558830740276708e-01
-4.591314339805219746e-01
-4.592038802953239962e-01
-4.592716236349365100e-01
-4.593368217635654394e-01
-4.594054146004837857e-01
-4.594864102526866056e-01
