-1.201830762384865081e-01
-2.013961064448281379e-01
-2.309079953730949208e-01
-2.379894915517750953e-01
-2.394077653508036030e-01
-2.396862964085377246e-01
-2.397488798171930058e-01
-2.397626764768999164e-01
-2.397572798815917061e-01
-2.397409711500509133e-01
-2.397198870241076807e-01
-2.397002873716050086e-01
-2.396882164875070165e-01
-2.396887925501452743e-01
-2.397054510127883675e-01
-2.397392507398327377e-01
-2.397883327562806421e-01
-2.398475962586151811e-01
-2.399086277100227760e-01
-2.399599028404344192e-01
