-1.294367434068150954e-02
-7.628014000378662007e-02
-1.163563432098715239e-01
-1.324529743850817454e-01
-1.355550376327818163e-01
-1.338230831636805507e-01
-1.308730602227324569e-01
-1.280281055548806723e-01
-1.257112044232315262e-01
-1.239712371339487390e-01
-1.226747054169632367e-01
-1.216267273824830353e-01
-1.206809838799927370e-01
-1.198047518527877581e-01
-1.190666798395414172e-01
-1.185657635997302284e-01
-1.183559143825587134e-01
-1.184123078873925011e-01
-1.186488200268411286e-01
-1.189620690589212465e-01
