-2.103917984085714454e-01
-3.161859527228021438e-01
-3.379910377458720805e-01
-3.461147720474756495e-01
-3.490457903093428516e-01
-3.499024193762975132e-01
-3.499115077437440768e-01
-3.496211515355122645e-01
-3.492891450843592649e-01
-3.490280883592823402e-01
-3.488720179788754039e-01
-3.488138571903699470e-01
-3.488281085091586298e-01
-3.488845580276049851e-01
-3.489563752577439226e-01
-3.490245596619343527e-01
-3.490795823361503847e-01
-3.491205883242143870e-01
-3.491526773201019118e-01
-3.491831689907186620e-01
