-6.449097742148711399e-02
-1.234971917543994380e-01
-1.568560673913395598e-01
-1.715468594274000835e-01
-1.770650650537510529e-01
-1.789674682662243388e-01
-1.795961825796374700e-01
-1.797893665517339978e-01
-1.798210615036963944e-01
-1.797780469876811560e-01
-1.796911575420566121e-01
-1.795766778329755953e-01
-1.794478211702617565e-01
-1.793171012653429486e-01
-1.791962684768755032e-01
-1.790957641452243787e-01
-1.790241932985283113e-01
-1.789879135794717468e-01
-1.789907419878811468e-01
-1.790337614474683814e-01
