-4.171242424887631334e-02
-8.841252211755429302e-02
-1.189211383715604031e-01
-1.356459041886922678e-01
-1.437543085866611337e-01
-1.473771354195643757e-01
-1.489139081920755336e-01
-1.495356242077439946e-01
-1.497552889337474269e-01
-1.497828864274973748e-01
-1.497026123603713843e-01
-1.495511444221088726e-01
-1.493489974402934517e-01
-1.491117303237922409e-01
-1.488532538391105775e-01
-1.485863974707077040e-01
-1.483227242505858468e-01
-1.480722689657381352e-01
-1.478433779446890195e-01
-1.476426644849680447e-01
