-1.639432819054622015e-01
-2.544704640333026457e-01
-2.761930220017785320e-01
-2.792527974551189396e-01
-2.796259914941658931e-01
-2.796882910398642008e-01
-2.797152071329611078e-01
-2.797341564445422479e-01
-2.797482524375529134e-01
-2.797595980935080329e-01
-2.797709643862046347e-01
-2.797854256688661612e-01
-2.798057136208174644e-01
-2.798334631183876375e-01
-2.798684819710999805e-01
-2.799081784030570397e-01
-2.799472417346882125e-01
-2.799776251219134315e-01
-2.799888461107296056e-01
-2.799686046203870848e-01
