-1.454811518638861045e-01
-2.534733827443422793e-01
-2.757549021095826447e-01
-2.839558630294293784e-01
-2.877119149484537730e-01
-2.893614059694990526e-01
-2.899339226550564641e-01
-2.899461641679344504e-01
-2.897018628540389829e-01
-2.893897721590003025e-01
-2.891158626168317536e-01
-2.889239341142829098e-01
-2.888158112125425170e-01
-2.887694666931193144e-01
-2.887534255209836531e-01
-2.887374903735498433e-01
-2.887001023611671102e-01
-2.886321447492166681e-01
-2.885369118662151067e-01
-2.884267532057646077e-01
