-9.073141441993395895e-02
-1.616739550637091849e-01
-1.946591724874000284e-01
-2.056710574475920650e-01
-2.087451938678273611e-01
-2.095454573618610317e-01
-2.097516889547300367e-01
-2.097974303877926938e-01
-2.097873603856983127e-01
-2.097488824251865780e-01
-2.096938961680000213e-01
-2.096320687432724483e-01
-2.095728099821828339e-01
-2.095249290969643519e-01
-2.094959241152755391e-01
-2.094912849737411153e-01
-2.095138958113257066e-01
-2.095635742244671418e-01
-2.096367691699957125e-01
-2.097264280291613325e-01
