6.200035249191655773e-02
6.137956592527341049e-02
6.087852236162658720e-02
6.044717344451212837e-02
6.003616781323524443e-02
5.959189908603018671e-02
5.904962056948563631e-02
5.832393033280132422e-02
5.729553127749836827e-02
5.579294215130815859e-02
5.356817570190105376e-02
5.026733077354984119e-02
4.540274812575010449e-02
3.834648932766087509e-02
2.838834551464569644e-02
1.492700239389992134e-02
-2.153898444282277211e-03
-2.202145255680430097e-02
-4.272414319676118288e-02
-6.176547275413733079e-02
-7.722953506049400063e-02
-8.851301671123666670e-02
-9.612095057425135147e-02
-1.010009908493348652e-01
-1.040486897961930002e-01
-1.059306667632746030e-01
-1.070901462788769049e-01
-1.078062043736218445e-01
-1.082503951822920002e-01
-1.085273448890590187e-01
