-7.340961667078069880e-03
-3.378724545713724520e-02
-5.383132257924583275e-02
-6.760499700295422021e-02
-7.652175457943753700e-02
-8.210605712414298374e-02
-8.553594847074914853e-02
-8.761188284374882285e-02
-8.884869774777345852e-02
-8.956811858001935411e-02
-8.996718435533161695e-02
-9.016543145622735178e-02
-9.023662747871687151e-02
-9.022942123695643080e-02
-9.018009242884894583e-02
-9.011986250055949166e-02
-9.007865243946297507e-02
-9.008661017531333082e-02
-9.017419131631575213e-02
-9.037112511300311735e-02
