-1.414605064221247377e-01
-2.280576906359567946e-01
-2.539716713692288796e-01
-2.588068487230044679e-01
-2.595676922883134452e-01
-2.596966113013983724e-01
-2.597308207416940684e-01
-2.597446080005790248e-01
-2.597487228216930899e-01
-2.597472833626786604e-01
-2.597444921499214021e-01
-2.597448376254002378e-01
-2.597525092976442074e-01
-2.597706603620303367e-01
-2.598006528424608996e-01
-2.598414079883458183e-01
-2.598889642377417153e-01
-2.599363047492418421e-01
-2.599734828721813606e-01
-2.599880577990075770e-01
