-1.771409456799495907e-01
-2.849305412674743576e-01
-3.065156744288984880e-01
-3.149575263736821840e-01
-3.184272138108808492e-01
-3.197076998434138506e-01
-3.199766527743619360e-01
-3.198008338161988373e-01
-3.194824060551120781e-01
-3.191800521987603334e-01
-3.189630283318433124e-01
-3.188453776671561490e-01
-3.188106231873653051e-01
-3.188290768915580387e-01
-3.188694650902446637e-01
-3.189064529402081405e-01
-3.189248818159874377e-01
-3.189208915648080178e-01
-3.189001706187434282e-01
-3.188742139658843344e-01
