-3.128962359778966057e-03
-2.729655592460142333e-02
-4.589340987534472338e-02
-5.887040282383408651e-02
-6.737089229168949367e-02
-7.274664895448093582e-02
-7.609127117338937429e-02
-7.816131316687691122e-02
-7.944472647342408489e-02
-8.024770497207403541e-02
-8.076153854724024694e-02
-8.110744218705989717e-02
-8.136541848502770735e-02
-8.159251147485586941e-02
-8.183389950659042400e-02
-8.212893266023790773e-02
-8.251344898154515384e-02
-8.301925627748402148e-02
-8.367141860370222450e-02
-8.448394118778494721e-02
