-2.682787324293878228e-01
-3.685412118335871234e-01
-3.911303969458822527e-01
-3.978187712484181349e-01
-3.997036169791233218e-01
-3.999519749329762397e-01
-3.997028557827688733e-01
-3.993627878552877264e-01
-3.990840217121042754e-01
-3.989091034441656358e-01
-3.988339915528417712e-01
-3.988360638177683715e-01
-3.988882085902832331e-01
-3.989659698883272765e-01
-3.990509423857198645e-01
-3.991317608907677950e-01
-3.992032939401123359e-01
-3.992646044363439284e-01
-3.993165414006253355e-01
-3.993601595855947872e-01
