-3.157265837256047480e-01
-4.113685660263659560e-01
-4.335013702633854216e-01
-4.387551917751767450e-01
-4.399356721182500207e-01
-4.398561387642446752e-01
-4.395464419691407221e-01
-4.392373565835508420e-01
-4.390215001980542486e-01
-4.389033071282936183e-01
-4.388678189431176047e-01
-4.388910712135352665e-01
-4.389500012722311051e-01
-4.390256741606016200e-01
-4.391048433078169055e-01
-4.391798337718009759e-01
-4.392475219751480475e-01
-4.393081624258461937e-01
-4.393650111457304552e-01
-4.394250722529190467e-01
