-8.161461755317026001e-02
-1.487030754188315984e-01
-1.821840751373150769e-01
-1.945160183398711717e-01
-1.983318924091960478e-01
-1.994244959074235879e-01
-1.997294660599202853e-01
-1.998050290548377961e-01
-1.998004963130407541e-01
-1.997568821968424835e-01
-1.996900463432428607e-01
-1.996112145075603639e-01
-1.995309967041376531e-01
-1.994595085232424014e-01
-1.994057426265002930e-01
-1.993768900570915270e-01
-1.993777521847987233e-01
-1.994102759894517685e-01
-1.994732232298178365e-01
-1.995619746784344506e-01
