-2.800916326706464621e-01
-3.791447191352592117e-01
-4.017574374876718979e-01
-4.080924730051917471e-01
-4.097822431083830708e-01
-4.099349915186134008e-01
-4.096600126242998519e-01
-4.093242474196018277e-01
-4.090609254529735672e-01
-4.089018107702684923e-01
-4.088385975370467662e-01
-4.088477416468889181e-01
-4.089029062348910615e-01
-4.089810550814463874e-01
-4.090652089847415795e-01
-4.091450353055147704e-01
-4.092158528902943848e-01
-4.092766810279070966e-01
-4.093282865882754140e-01
-4.093724536780919410e-01
