-3.537458557156047262e-02
-1.152783877350959940e-01
-1.527835468184073620e-01
-1.628242471700234728e-01
-1.638179789853791424e-01
-1.628447266763829449e-01
-1.617909478310348703e-01
-1.610566782281454279e-01
-1.606119598401243853e-01
-1.602923867377648304e-01
-1.599403145584601393e-01
-1.594827930961808249e-01
-1.589420394533153369e-01
-1.583988612418214814e-01
-1.579442574259386223e-01
-1.576422200884388947e-01
-1.575118113602402559e-01
-1.575290392156501185e-01
-1.576436552719946427e-01
-1.578007651824867297e-01
