-4.192502412133553708e-02
-1.256012576787996493e-01
-1.618805236336937348e-01
-1.708737824862809340e-01
-1.719145476514764292e-01
-1.713939462088185373e-01
-1.708219852226615654e-01
-1.704709515008066278e-01
-1.702781287256665277e-01
-1.700953184399346119e-01
-1.698095349627450068e-01
-1.693940272768350297e-01
-1.688973475048937967e-01
-1.684028001141458508e-01
-1.679894061314470000e-01
-1.677071254036792414e-01
-1.675675364018143487e-01
-1.675483092357759884e-01
-1.676075939711693108e-01
-1.677010998858997626e-01
