-9.725918303953677568e-02
-2.002594331134212036e-01
-2.266687069694816592e-01
-2.337652454986509920e-01
-2.369779190147760783e-01
-2.386922490792429130e-01
-2.395881230960850983e-01
-2.399580516982167677e-01
-2.399701143962228722e-01
-2.397629219724361771e-01
-2.394578542288643419e-01
-2.391446634602358290e-01
-2.388736785934490181e-01
-2.386601723009421916e-01
-2.384951492620634994e-01
-2.383572825911325632e-01
-2.382234987018214678e-01
-2.380770224938437429e-01
-2.379118784323735192e-01
-2.377331891151111820e-01
