-1.525573839871401660e-01
-2.413131653833917312e-01
-2.651811028901471801e-01
-2.690662516336040921e-01
-2.696051638633117364e-01
-2.696934600587005404e-01
-2.697224085038031904e-01
-2.697384419525796218e-01
-2.697476076608520401e-01
-2.697528682240076248e-01
-2.697576617594581450e-01
-2.697657241324947219e-01
-2.697804674141483505e-01
-2.698042330423806590e-01
-2.698375456421366336e-01
-2.698784985503667189e-01
-2.699223718052842780e-01
-2.699615386777871606e-01
-2.699856830597774926e-01
-2.699823339792465360e-01
