-1.199399628961237904e-02
-4.109805090516234494e-02
-6.281838877148260281e-02
-7.746834290376432286e-02
-8.675903423191973218e-02
-9.243090887023054647e-02
-9.579902543447647856e-02
-9.774995730887521550e-02
-9.884677410489417504e-02
-9.943107671336193221e-02
-9.970200543335468180e-02
-9.977256404052177452e-02
-9.970711640110492546e-02
-9.954459824059838646e-02
-9.931180483281214222e-02
-9.903039563024546021e-02
-9.872031235190548148e-02
-9.840138895550615272e-02
-9.809417446633923732e-02
-9.782043086701625034e-02
