-3.038309435485563315e-01
-4.005528143139515662e-01
-4.229469169294582942e-01
-4.285609152010904088e-01
-4.298968549854942367e-01
-4.298859377525505177e-01
-4.295812111657936194e-01
-4.292616929075372956e-01
-4.290300948018240246e-01
-4.288994341769047924e-01
-4.288559327190088477e-01
-4.288755080305624579e-01
-4.289338827194199566e-01
-4.290108028248962313e-01
-4.290918542979585415e-01
-4.291685166890502612e-01
-4.292370691113835957e-01
-4.292971024775796285e-01
-4.293506601383305643e-01
-4.294028461441124489e-01
