-1.756053822720717583e-01
-2.674990913113023394e-01
-2.870248443308559549e-01
-2.893831956877966349e-01
-2.896360727218920683e-01
-2.896825422443721765e-01
-2.897094203794603473e-01
-2.897316058120675275e-01
-2.897503772101783226e-01
-2.897671607313249686e-01
-2.897841494330311019e-01
-2.898038438098859415e-01
-2.898283841446320230e-01
-2.898587939504440048e-01
-2.898942730487312214e-01
-2.899316717162584434e-01
-2.899652339729583694e-01
-2.899866513234975463e-01
-2.899854361225866484e-01
-2.899496072528721102e-01
