-3.040437790208135038e-04
-5.075248535505533926e-02
-8.933213446670075497e-02
-1.104139338257555530e-01
-1.180243578291910872e-01
-1.183761134355447303e-01
-1.156410191093718010e-01
-1.119185197808036936e-01
-1.081575147034115197e-01
-1.047731791392962769e-01
-1.019245727065714452e-01
-9.962111874740325890e-02
-9.778156129375716044e-02
-9.630225477033287074e-02
-9.512591542865325711e-02
-9.426378933698510709e-02
-9.374913986887678519e-02
-9.356478519341472622e-02
-9.361306489935637687e-02
-9.375033233728002902e-02
