-2.903504019703389005e-01
-3.031373585259851677e-01
-3.106281133559261609e-01
-3.156491486889271281e-01
-3.192093300987503546e-01
-3.218044148382933622e-01
-3.237291657479894336e-01
-3.251748146227826930e-01
-3.262711025480430904e-01
-3.271086774477557912e-01
-3.277523189185818087e-01
-3.282491746088590512e-01
-3.286340763408794885e-01
-3.289330725378191156e-01
-3.291658359615766694e-01
-3.293473423598425320e-01
-3.294890643183066015e-01
-3.295998351269553428e-01
-3.296864831851109012e-01
-3.297543037495844764e-01
-3.298074134012891623e-01
-3.298490186836419702e-01
-3.298816211264696263e-01
-3.299071746100658564e-01
-3.299272067008870990e-01
-3.299429125494817150e-01
-3.299552277664231648e-01
-3.299648851128894056e-01
-3.299724586807380455e-01
-3.299783983721585878e-01
