6.027617843503826553e-03
-3.626744028261553315e-02
-7.208910355463873931e-02
-9.544130342958939694e-02
-1.068675838769991143e-01
-1.102857751641772716e-01
-1.093884736589047363e-01
-1.065093761998985034e-01
-1.028902984224978195e-01
-9.915424612708054197e-02
-9.562027607654609296e-02
-9.246041410624016021e-02
-8.976296796545885082e-02
-8.755662735389381501e-02
-8.583118186787634663e-02
-8.456540463083968284e-02
-8.374415892762777924e-02
-8.334141257743103715e-02
-8.328008921930600550e-02
-8.341484959058240167e-02
