1.272125667659358521e-02
-7.043391430672488532e-03
-2.496578855284384627e-02
-3.996466368648553258e-02
-5.171832729197363421e-02
-6.049623858830988771e-02
-6.685165040471209574e-02
-7.137353091531239979e-02
-7.455974418468953868e-02
-7.678286072480602908e-02
-7.830255705130338695e-02
-7.929312923532544355e-02
-7.987093004065543012e-02
-8.011630978913944490e-02
-8.008913359313961366e-02
-7.983866685885590564e-02
-7.940912889470974623e-02
-7.884222261198733928e-02
-7.817774966722661201e-02
-7.745315152420582938e-02
-7.670255489053295905e-02
-7.595568512501135738e-02
-7.523685429481076492e-02
-7.456412354149953570e-02
-7.394866845929684573e-02
-7.339433192644240211e-02
-7.289733101638184998e-02
-7.244610071622610559e-02
-7.202131538219805340e-02
-7.159622679755417440e-02
-7.113757005027032676e-02
-7.060735979881338498e-02
-6.996585199215071826e-02
-6.917571111953217666e-02
-6.820699630439400196e-02
-6.704207654916821690e-02
-6.567924713704606510e-02
-6.413391604029933246e-02
-6.243687155064272382e-02
-6.063011650971602412e-02
