-1.002053265678017613e-01
-1.748148811983334938e-01
-2.069531211711961305e-01
-2.166211410474364885e-01
-2.190467481720387022e-01
-2.196204957800817481e-01
-2.197583064119701390e-01
-2.197862254082632305e-01
-2.197752429290981413e-01
-2.197435611417886681e-01
-2.197004539394585010e-01
-2.196543134401920949e-01
-2.196133767275204596e-01
-2.195851538649368218e-01
-2.195756861805911175e-01
-2.195888426196752619e-01
-2.196257264452099733e-01
-2.196842413043247344e-01
-2.197588471247788888e-01
-2.198405228289617153e-01
