-2.247462456296438205e-01
-3.178735151518116697e-01
-3.289461308618097934e-01
-3.295850658506943587e-01
-3.296343909141728479e-01
-3.296656610107958629e-01
-3.297000463952638460e-01
-3.297349196027131168e-01
-3.297686483805260527e-01
-3.298010026795475391e-01
-3.298326332475536860e-01
-3.298644501319594746e-01
-3.298969201732785961e-01
-3.299293723205281026e-01
-3.299594325561430730e-01
-3.299826914350529328e-01
-3.299926631673354982e-01
-3.299810520064831998e-01
-3.299383120004554248e-01
-3.298544672253715393e-01
