-3.631225199521904701e-01
-4.554119281304600531e-01
-4.754415459307556602e-01
-4.792888904331493172e-01
-4.799960785406020558e-01
-4.797208288064329085e-01
-4.794452821221696359e-01
-4.791785425523388819e-01
-4.790229807720286503e-01
-4.789416689604293897e-01
-4.789292650993176581e-01
-4.789599211397844170e-01
-4.790176031242756038e-01
-4.790872001867025332e-01
-4.791601207667254836e-01
-4.792319095695501963e-01
-4.793029257447248836e-01
-4.793773255404729094e-01
-4.794625128446473039e-01
-4.795645261183191788e-01
