-3.043402893798058950e-01
-3.871167448814258338e-01
-3.895808344427143521e-01
-3.895985432841240215e-01
-3.896259828961712302e-01
-3.896677763435768549e-01
-3.897144721432524439e-01
-3.897614031575107885e-01
-3.898063595560927186e-01
-3.898483851582909554e-01
-3.898871317491476307e-01
-3.899223145839780247e-01
-3.899531549266143093e-01
-3.899778690107116308e-01
-3.899933086995506226e-01
-3.899948347484011313e-01
-3.899764560537116731e-01
-3.899312263603049167e-01
-3.898518620474969998e-01
-3.897315253269199031e-01
