-4.883453732656056062e-02
-1.360712869183361706e-01
-1.709865353617228412e-01
-1.791570335554163729e-01
-1.803885474594134064e-01
-1.803298996380773289e-01
-1.801791392515207368e-01
-1.801261121264514931e-01
-1.801034701594137477e-01
-1.799964298143652275e-01
-1.797409116225039682e-01
-1.793498728473854331e-01
-1.788888018880618325e-01
-1.784373664550515381e-01
-1.780607790898445231e-01
-1.777953997447307144e-01
-1.776458562444931943e-01
-1.775911812356466557e-01
-1.775970226150351827e-01
-1.776289087211433138e-01
