1.377759356658508384e-02
-6.891503237066620886e-03
-2.618318878151026236e-02
-4.276807473410684096e-02
-5.607490576987678166e-02
-6.620838593283095985e-02
-7.365255122071154292e-02
-7.899293872629797875e-02
-8.275849257609221854e-02
-8.536808499384088145e-02
-8.713308939603281456e-02
-8.827932418909779921e-02
-8.897029168293293933e-02
-8.932562416382561210e-02
-8.943409281402041333e-02
-8.936229867539707827e-02
-8.916036865074497553e-02
-8.886570109957092622e-02
-8.850547860628928121e-02
-8.809841792269784699e-02
-8.765606784930377038e-02
-8.718386977488368217e-02
-8.668213556619039362e-02
-8.614705306281217334e-02
-8.557178752098511254e-02
-8.494770131803405788e-02
-8.426566339358809721e-02
-8.351736937323614440e-02
-8.269655299702036166e-02
-8.179995124851591193e-02
-8.082789870949454170e-02
-7.978447278380175478e-02
-7.867718164440050399e-02
-7.751626299578248669e-02
-7.631372271367013738e-02
-7.508227178633587739e-02
-7.383431281536430302e-02
-7.258109145009568330e-02
-7.133207956315432141e-02
-7.009461220196894216e-02
