-2.919254958014164819e-02
-1.051414714108159648e-01
-1.436846700213426642e-01
-1.549898735848254383e-01
-1.561265746732667659e-01
-1.547518447732153524e-01
-1.531780056916648425e-01
-1.519795486188709743e-01
-1.511918074720967620e-01
-1.506583438952890097e-01
-1.501887325794445116e-01
-1.496614387044242211e-01
-1.490624587259289091e-01
-1.484614725976255989e-01
-1.479577081751977385e-01
-1.476289796363692286e-01
-1.475024965826666201e-01
-1.475526016449830446e-01
-1.477199131605270443e-01
-1.479381576058527992e-01
