-7.986253458321210252e-02
-1.787706513815846832e-01
-2.078059722268136567e-01
-2.146942207758928134e-01
-2.172910542580312743e-01
-2.186686424430919207e-01
-2.194696392034695132e-01
-2.198869878996199956e-01
-2.199949040767078534e-01
-2.198623153199741054e-01
-2.195784042691789895e-01
-2.192332960529868591e-01
-2.188954578020244623e-01
-2.186030452311346628e-01
-2.183670603407692756e-01
-2.181796901174102021e-01
-2.180236398354553906e-01
-2.178806494338466904e-01
-2.177380126476763655e-01
-2.175919124621883416e-01
