-2.375840839265219440e-01
-3.299571607109693661e-01
-3.391729408585898997e-01
-3.395959298905567580e-01
-3.396315757208575592e-01
-3.396638646816488305e-01
-3.397006137776061307e-01
-3.397381731202008814e-01
-3.397746291570938881e-01
-3.398095297524283409e-01
-3.398432873464791171e-01
-3.398765419482371319e-01
-3.399094712230769089e-01
-3.399411252083841539e-01
-3.399689003434956391e-01
-3.399882500673229169e-01
-3.399926855091583433e-01
-3.399740770628883468e-01
-3.399232381488573873e-01
-3.398307530608319915e-01
