-2.919474918663091945e-01
-3.898131062827273619e-01
-4.123645932892586741e-01
-4.183400192216944480e-01
-4.198461729824041200e-01
-4.199125712827622148e-01
-4.196192398337064144e-01
-4.192905841600460537e-01
-4.190430914002440943e-01
-4.188987655878064209e-01
-4.188460596462524332e-01
-4.188609836555846622e-01
-4.189181610721202098e-01
-4.189959639808126801e-01
-4.190787397112209489e-01
-4.191570920590714233e-01
-4.192267929391372827e-01
-4.192870230407226284e-01
-4.193389581217946693e-01
-4.193858262688069938e-01
