-4.139993128724405169e-01
-4.995955961901816234e-01
-4.990692994544657091e-01
-4.994509976046295208e-01
-4.993752435688840752e-01
-4.994006305451451078e-01
-4.993368658203922728e-01
-4.992507924946910647e-01
-4.991204339159893699e-01
-4.989596600677847493e-01
-4.987729036670165983e-01
-4.985714477186826143e-01
-4.983658153799996882e-01
-4.981668691464867238e-01
-4.979836327298934329e-01
-4.978229933976531796e-01
-4.976894175570156786e-01
-4.975852937424649070e-01
-4.975113799281361548e-01
-4.974672940315893466e-01
-4.974518956674858217e-01
-4.974635461642728518e-01
-4.975002529116411831e-01
-4.975597349502350331e-01
-4.976394463709911120e-01
-4.977365903986559204e-01
-4.978481473505755872e-01
-4.979709295271644853e-01
-4.981016658175582701e-01
-4.982371099640968692e-01
-4.983741600876793187e-01
-4.985099742376477017e-01
-4.986420675962396354e-01
-4.987683808329860247e-01
-4.988873145693628608e-01
-4.989977304265979519e-01
-4.990989234852765688e-01
-4.991905735853258697e-01
-4.992726837244728655e-01
-4.993455132471625313e-01
