6.384547502993141027e-04
-2.165996260155741981e-02
-3.911518284114563759e-02
-5.149585119921515353e-02
-5.968068058276305987e-02
-6.485618186382385852e-02
-6.805543647437715948e-02
-7.002673900257888606e-02
-7.126410235826394213e-02
-7.207985299787622591e-02
-7.266960402308586531e-02
-7.315827807404862160e-02
-7.362944224798412263e-02
-7.414267321301462599e-02
-7.474273489019581107e-02
-7.546305586527951581e-02
-7.632517927498448651e-02
-7.733559359983663284e-02
-7.848148946480748567e-02
-7.972728665934382397e-02
