-1.063878192580057086e-01
-2.109765968764673039e-01
-2.362560550379740332e-01
-2.435612086558164857e-01
-2.470029117694482190e-01
-2.487936485078582893e-01
-2.496718884503093816e-01
-2.499837196862638167e-01
-2.499380702643705932e-01
-2.496973622528213532e-01
-2.493888611234643671e-01
-2.490963573536640885e-01
-2.488597533039213217e-01
-2.486842582387734091e-01
-2.485533334765339941e-01
-2.484412575108518040e-01
-2.483236029038511650e-01
-2.481846911843725023e-01
-2.480211044130120057e-01
-2.478408242740331446e-01
