-2.448429912502025907e-01
-3.474961143702526845e-01
-3.698456172973661471e-01
-3.771974798580407517e-01
-3.794966170320218102e-01
-3.799639215367180411e-01
-3.797911696539402193e-01
-3.794542093246134895e-01
-3.791474982021307838e-01
-3.789386298432656508e-01
-3.788353426884437658e-01
-3.788187340871879139e-01
-3.788609705841632369e-01
-3.789348556766654608e-01
-3.790188204379433268e-01
-3.790990047998307189e-01
-3.791691304616828240e-01
-3.792286315238013183e-01
-3.792797332868877991e-01
-3.793244908514195046e-01
