-3.513323643317523004e-01
-4.442881030862219638e-01
-4.649942532916705451e-01
-4.691878575746851188e-01
-4.699930715949774962e-01
-4.697558047495117295e-01
-4.694646952592384515e-01
-4.691882939392580387e-01
-4.690179790339810695e-01
-4.689294931222309781e-01
-4.689123175752509254e-01
-4.689420381540280736e-01
-4.690002833636358615e-01
-4.690713745433274240e-01
-4.691454377184462454e-01
-4.692172799666693428e-01
-4.692862289954453092e-01
-4.693554970093812839e-01
-4.694320227073915941e-01
-4.695240865541347453e-01
