6.828106990292039796e-03
-1.305487644847076051e-02
-2.938141743913528364e-02
-4.157539206781134256e-02
-4.999978110945825505e-02
-5.547336069166609873e-02
-5.887231877224548271e-02
-6.093125895484767518e-02
-6.219376997313216110e-02
-6.303345246943867219e-02
-6.369399778771574205e-02
-6.432575035735099700e-02
-6.501249521230159645e-02
-6.578913086632640073e-02
-6.665314400996999455e-02
-6.757309559257414222e-02
-6.849671644477599297e-02
-6.936003730458228933e-02
-7.009751653720795728e-02
-7.065184022256844332e-02
-7.098147876713423177e-02
-7.106444784210372290e-02
-7.089781141231502049e-02
-7.049370251373657248e-02
-6.987347309843913723e-02
-6.906179445985832777e-02
-6.808222913149311606e-02
-6.695523369651371071e-02
-6.569891167031063905e-02
-6.433216706159505804e-02
-6.287921045316846591e-02
-6.137372470438943323e-02
-5.986066325379256481e-02
-5.839398993726367670e-02
-5.702988395136284611e-02
-5.581677893713223038e-02
-5.478529407528998779e-02
-5.394167298436907537e-02
-5.326726144585384320e-02
-5.272424093591416422e-02
