-5.609338288270442063e-02
-1.466531149103808829e-01
-1.801158957804549210e-01
-1.876833113734238112e-01
-1.892041875118746497e-01
-1.895847531916919626e-01
-1.897827356946699406e-01
-1.899460681361138104e-01
-1.900249253208852462e-01
-1.899482420201867028e-01
-1.896994815851135718e-01
-1.893230419882844795e-01
-1.888933167712448791e-01
-1.884822544899524832e-01
-1.881406669688354683e-01
-1.878921064404707741e-01
-1.877347433022525935e-01
-1.876485959367525103e-01
-1.876059045435903849e-01
-1.875812318707869852e-01
