3.075177471197689492e-03
-4.322208076108281782e-02
-8.058617124930342324e-02
-1.029701181115136449e-01
-1.124738624315003432e-01
-1.142095426952402376e-01
-1.122029605981751249e-01
-1.087160555872128814e-01
-1.048568997273423564e-01
-1.011509504902768086e-01
-9.784820518504341869e-02
-9.505213507412468843e-02
-9.277015582688091788e-02
-9.095172788386220175e-02
-8.953846067934730091e-02
-8.850540922217912942e-02
-8.785548934973937130e-02
-8.756670364731937439e-02
-8.754571564902113856e-02
-8.763818185509296421e-02
