-8.841343535294024503e-02
-1.895197370793652858e-01
-2.171884139255431945e-01
-2.241355750493844168e-01
-2.270632845564762581e-01
-2.286417009204461670e-01
-2.295149905099272691e-01
-2.299231110460920602e-01
-2.299885000464484686e-01
-2.298184385520508910e-01
-2.295218898942116004e-01
-2.291910977364795821e-01
-2.288861723004348425e-01
-2.286334796618720855e-01
-2.284332260631745382e-01
-2.282700468638628744e-01
-2.281232455330981790e-01
-2.279752008965499621e-01
-2.278168651332801442e-01
-2.276494586350417959e-01
