1.437998091605344024e-02
-7.651334078400752990e-03
-2.865515756350052456e-02
-4.695895725854171143e-02
-6.170530823283171262e-02
-7.286211438053009914e-02
-8.091495505420809309e-02
-8.653005410673174358e-02
-9.034265677940103711e-02
-9.287216579794338456e-02
-9.451096391661296947e-02
-9.554271922610969858e-02
-9.616708381223404434e-02
-9.652188577748520293e-02
-9.670057317521553453e-02
-9.676513127494205946e-02
-9.675536828106999498e-02
-9.669550095655991828e-02
-9.659882191163425558e-02
-9.647104911065770838e-02
