3.958292836168884540e-03
-1.690549823839268551e-02
-3.358829594732428564e-02
-4.568107634126436500e-02
-5.379989620816092583e-02
-5.895361736876063297e-02
-6.210804249637424251e-02
-6.401302331981709171e-02
-6.519026219375723130e-02
-6.598151548719578818e-02
-6.660404732183378140e-02
-6.719449876857980231e-02
-6.783825605432552974e-02
-6.858671073145210240e-02
-6.946579328902546813e-02
-7.047893527398430003e-02
-7.160730440997434276e-02
-7.280992763216673214e-02
-7.402592209374085630e-02
-7.518019229731758013e-02
