-2.855564956669791321e-02
-6.753237446464410709e-02
-9.478858290432676248e-02
-1.114370338396167281e-01
-1.206955649968348698e-01
-1.255085219897358328e-01
-1.278905238791313015e-01
-1.290212320915881117e-01
-1.295221436708910157e-01
-1.296966720568853981e-01
-1.296858230447714977e-01
-1.295547869842508248e-01
-1.293362167212173397e-01
-1.290498461343934922e-01
-1.287104127801907971e-01
-1.283303470776195332e-01
-1.279204103936008308e-01
-1.274897005452452492e-01
-1.270455747653285450e-01
-1.265936539150619156e-01
