-3.458764865872211991e-01
-4.190480095801868421e-01
-4.195952126809217031e-01
-4.195959913413176978e-01
-4.196304967361282889e-01
-4.196774306108261299e-01
-4.197277394090209168e-01
-4.197774257528942843e-01
-4.198244677303213934e-01
-4.198677825693865051e-01
-4.199067422024529983e-01
-4.199407321095542933e-01
-4.199686721618739460e-01
-4.199885789315770945e-01
-4.199972770591202109e-01
-4.199903333435195951e-01
-4.199622374325785445e-01
-4.199068124108647493e-01
-4.198178126937299748e-01
-4.196896489074924408e-01
