-2.565241041324082261e-01
-3.579946958852249783e-01
-3.804902782739787992e-01
-3.875199209304422410e-01
-3.896088539053197963e-01
-3.899621306220388273e-01
-3.897469212033746744e-01
-3.894061738251297644e-01
-3.891127703132963855e-01
-3.889211928696256204e-01
-3.888327308590764919e-01
-3.888262730031133985e-01
-3.888741826401627688e-01
-3.889506030977954998e-01
-3.890355979490513483e-01
-3.891166370525720453e-01
-3.891880789592974677e-01
-3.892491581719293992e-01
-3.893012484855825073e-01
-3.893455101832126730e-01
