-5.650223204619950201e-02
-1.113793150357208495e-01
-1.441217284912064966e-01
-1.597406344321241622e-01
-1.661623159364433999e-01
-1.685834635304221119e-01
-1.694543080269243773e-01
-1.697492911254110393e-01
-1.698200316020932743e-01
-1.697874685455462440e-01
-1.696953308723247178e-01
-1.695643351885699479e-01
-1.694093552559018667e-01
-1.692439224320727575e-01
-1.690808375735707303e-01
-1.689318108998604795e-01
-1.688069950252052143e-01
-1.687146191863409528e-01
-1.686607469244589819e-01
-1.686491364799079795e-01
