-2.506136158907535383e-01
-3.418214683416481159e-01
-3.493337466830645499e-01
-3.496007049835235803e-01
-3.496291557268884631e-01
-3.496630310255326446e-01
-3.497020815736033850e-01
-3.497420584817017564e-01
-3.497808606018715794e-01
-3.498178692139994328e-01
-3.498532969640884560e-01
-3.498875485069442570e-01
-3.499205506243411867e-01
-3.499511185176900074e-01
-3.499764677045439920e-01
-3.499919641908218471e-01
-3.499911616840512552e-01
-3.499661321005681502e-01
-3.499080663325622176e-01
-3.498081025283762968e-01
