-1.163511755908858136e-01
-2.077508701911173206e-01
-2.378698263733306506e-01
-2.468321076204684772e-01
-2.491021600507236089e-01
-2.490546442291322327e-01
-2.484293538650152178e-01
-2.478629038625525249e-01
-2.475270014546119002e-01
-2.474238452010693035e-01
-2.475057159175420574e-01
-2.477172789192031432e-01
-2.480083400793342274e-01
-2.483367845416692699e-01
-2.486688982642701051e-01
-2.489792665836220165e-01
-2.492506239173847005e-01
-2.494734864137159169e-01
-2.496453586390362522e-01
-2.497694442443565976e-01
-2.498529588421996017e-01
-2.499052643629982029e-01
-2.499360867304896705e-01
-2.499540471003626751e-01
-2.499656585004698117e-01
-2.499748478288678633e-01
-2.499829821420149201e-01
-2.499893172133480224e-01
-2.499917434564799534e-01
-2.499876754605331874e-01
-2.499749179879984795e-01
-2.499523508293295393e-01
-2.499203145020851280e-01
-2.498806463720682769e-01
-2.498363970324773142e-01
-2.497913258148657945e-01
-2.497493109056569405e-01
-2.497138055489251107e-01
-2.496874349884719846e-01
-2.496717771340818126e-01
