-4.890677978944012877e-02
-9.966446496432609936e-02
-1.314445489486036622e-01
-1.477548971506812137e-01
-1.550581182798349833e-01
-1.580608682992982739e-01
-1.592348709347962687e-01
-1.596705757243641055e-01
-1.598017981677352373e-01
-1.597911651927017007e-01
-1.597000773514058725e-01
-1.595558167152145435e-01
-1.593755355742639268e-01
-1.591737160727880740e-01
-1.589638752080783646e-01
-1.587585494275989551e-01
-1.585689297394552999e-01
-1.584045445894145254e-01
-1.582730671404517508e-01
-1.581802345841400448e-01
