-3.748478310830183902e-01
-4.666008180328228838e-01
-4.858694391330468654e-01
-4.893738190717505931e-01
-4.899927412070507748e-01
-4.896860870292499834e-01
-4.894296030485951743e-01
-4.891713677732200671e-01
-4.890305183175572279e-01
-4.889549340137329669e-01
-4.889469728492295553e-01
-4.889780232544234106e-01
-4.890351935323278276e-01
-4.891033926411702537e-01
-4.891755967032679897e-01
-4.892479041918210703e-01
-4.893218321624760447e-01
-4.894021948674994738e-01
-4.894961619173218148e-01
-4.896059414463891368e-01
