1.347487431285404255e-02
-1.518891185550635958e-02
-4.262900506777617810e-02
-6.541150918060263664e-02
-8.189643298303357632e-02
-9.237494838208579195e-02
-9.820100559738166590e-02
-1.008861756952933453e-01
-1.016408490146152865e-01
-1.012860919255115510e-01
-1.003263398811647944e-01
-9.905163804072833478e-02
-9.762120791642027451e-02
-9.612075975672788875e-02
-9.459877764891520824e-02
-9.308850462879067478e-02
-9.162070396663545002e-02
-9.023036797297713518e-02
-8.895914177417642288e-02
-8.785441023885152967e-02
