-2.332505516249410438e-01
-3.370355287015236456e-01
-3.592064782935863176e-01
-3.668536499874520129e-01
-3.693657885012709974e-01
-3.699557002040209097e-01
-3.698343566045387831e-01
-3.695065040652971700e-01
-3.691884357859845367e-01
-3.689619466658682345e-01
-3.688423826906671588e-01
-3.688138526863204425e-01
-3.688487453114379089e-01
-3.689186407510198773e-01
-3.690002521582284589e-01
-3.690782007689049071e-01
-3.691453802712515442e-01
-3.692013427903080292e-01
-3.692493321016313002e-01
-3.692929059295584904e-01
