-3.739102986684113006e-01
-4.395702891740502771e-01
-4.395899477821923473e-01
-4.395968877945106712e-01
-4.396361519933203454e-01
-4.396855679249344617e-01
-4.397373453429643253e-01
-4.397880030532395068e-01
-4.398356295240166691e-01
-4.398790691919643447e-01
-4.399175504053666752e-01
-4.399503029248888475e-01
-4.399761207163722099e-01
-4.399929633976836230e-01
-4.399977043711976177e-01
-4.399860942714116097e-01
-4.399529579577934890e-01
-4.398926040926667835e-01
-4.397994020566760032e-01
-4.396684645538952996e-01
