-1.353467467663652946e-01
-2.429119558053606520e-01
-2.657074138824163101e-01
-2.737191736501954908e-01
-2.774827028980327293e-01
-2.792189906746150863e-01
-2.798888472078558953e-01
-2.799762208251447282e-01
-2.797721806323793525e-01
-2.794678627403799909e-01
-2.791792355232607936e-01
-2.789610137153794023e-01
-2.788233304450400962e-01
-2.787489670987536305e-01
-2.787081727198104097e-01
-2.786702711588201486e-01
-2.786120364189682008e-01
-2.785224883948255181e-01
-2.784036357093552239e-01
-2.782674635011953002e-01
