-1.254443329183556888e-01
-2.323077903511159559e-01
-2.557737630036558407e-01
-2.635605610372586671e-01
-2.672769039717245443e-01
-2.690707804823703198e-01
-2.698283152976800880e-01
-2.699933238466279417e-01
-2.698368233167202646e-01
-2.695469151646357475e-01
-2.692471081897115925e-01
-2.690028493454876823e-01
-2.688335487489076359e-01
-2.687281089786613952e-01
-2.686597298943478873e-01
-2.685981838944921374e-01
-2.685191001109782372e-01
-2.684097370779811031e-01
-2.682705895251044081e-01
-2.681128885153099550e-01
