1.227561336407642818e-02
-1.935511114367997540e-02
-4.908338766097650879e-02
-7.270827017046752050e-02
-8.860841931290545925e-02
-9.764159846879723326e-02
-1.017501702618961584e-01
-1.027913567578119525e-01
-1.020974701900521364e-01
-1.004924653550661739e-01
-9.844494232477123130e-02
-9.621101215294126929e-02
-9.393307545547174842e-02
-9.170002820685786704e-02
-8.958091336004926630e-02
-8.764133708774175802e-02
-8.594859473701187136e-02
-8.456942678795935364e-02
-8.356342260248401932e-02
-8.297438519722893924e-02
