-6.369141633449450224e-02
-1.573149969368277390e-01
-1.892847018729133801e-01
-1.964535065460892849e-01
-1.983211007212830057e-01
-1.990956118949460396e-01
-1.995662726282562138e-01
-1.998727336939149224e-01
-1.999984564530264408e-01
-1.999204450432761349e-01
-1.996647055235502566e-01
-1.992985262419308123e-01
-1.988987732368549533e-01
-1.985271656865149337e-01
-1.982203364112304078e-01
-1.979900741930827601e-01
-1.978286516484078772e-01
-1.977167690002602507e-01
-1.976324218038044422e-01
-1.975583678970140589e-01
