4.648631472126912509e-03
-1.011808902684147304e-01
-1.887381558562387096e-01
-2.439568382845057615e-01
-2.719152713956652923e-01
-2.847099338670620039e-01
-2.907375574301732657e-01
-2.939057989731244103e-01
-2.957843826195042936e-01
-2.970025308289873101e-01
-2.978363033749125699e-01
-2.984244543349054979e-01
-2.988464446651035167e-01
-2.991523081533333794e-01
-2.993754583978821548e-01
-2.995389971309262434e-01
-2.996592358196331074e-01
-2.997478488996379031e-01
-2.998132703708440983e-01
-2.998616343213278967e-01
-2.998974243262325090e-01
-2.999239297895188727e-01
-2.999435708053446725e-01
-2.999581316992183666e-01
-2.999689301830170685e-01
-2.999769405814957102e-01
-2.999828839975134942e-01
-2.999872945094876342e-01
-2.999905678980355206e-01
-2.999929975837229978e-01
