-3.276189867286561919e-01
-4.222631039932583374e-01
-4.440267854974258577e-01
-4.489234616609822370e-01
-4.499638970532723325e-01
-4.498240512816329417e-01
-4.495153016524170431e-01
-4.492172687808062004e-01
-4.490168805969811938e-01
-4.489099037511212753e-01
-4.488813695491460920e-01
-4.489074637916471988e-01
-4.489664640360336856e-01
-4.490406729229721727e-01
-4.491179632816263423e-01
-4.491914964975886049e-01
-4.492588553050876343e-01
-4.493211748698273111e-01
-4.493830862866431408e-01
-4.494530475910687994e-01
