-1.997050043884652237e-01
-2.930707604354475526e-01
-3.082264807831916476e-01
-3.095288311482011223e-01
-3.096393272397989782e-01
-3.096722926660036568e-01
-3.097021524905364531e-01
-3.097309539565873404e-01
-3.097580125199221324e-01
-3.097837522094191720e-01
-3.098094567955887446e-01
-3.098367105475002825e-01
-3.098666978064890665e-01
-3.098994633220117922e-01
-3.099332700172691135e-01
-3.099641719140699414e-01
-3.099858744221144491e-01
-3.099899093217205470e-01
-3.099661212581420466e-01
-3.099034448960585886e-01
