1.063218555951473202e-02
-2.428629697087307179e-02
-5.622634235181237644e-02
-8.023412116381421766e-02
-9.501131496066120286e-02
-1.022485145622594599e-01
-1.045312988000204196e-01
-1.039903127754622930e-01
-1.019975458243634753e-01
-9.933335712172292054e-02
-9.641855024838741350e-02
-9.348385677044748765e-02
-9.067033436575175354e-02
-8.808100274181812628e-02
-8.580219416160125845e-02
-8.390788159851644834e-02
-8.245663827351926156e-02
-8.148698835453742351e-02
-8.101127730065407762e-02
-8.100497659275715523e-02
