-2.121150177584920082e-01
-3.055751788194766561e-01
-3.186367213400340681e-01
-3.195644129012664703e-01
-3.196372088262306455e-01
-3.196684687044162865e-01
-3.197005143906293534e-01
-3.197324551397944248e-01
-3.197630549723379789e-01
-3.197923726114975662e-01
-3.198213456822138201e-01
-3.198511960964884882e-01
-3.198827239308640880e-01
-3.199155873400800765e-01
-3.199476982359822363e-01
-3.199748436846238664e-01
-3.199905981546461997e-01
-3.199865478652157980e-01
-3.199528184618506410e-01
-3.198788789104112240e-01
