1.422693275360272305e-02
-1.182710852742339773e-02
-3.699037115837043588e-02
-5.853299413332348905e-02
-7.499969226705258118e-02
-8.638002079344518636e-02
-9.357020257543845199e-02
-9.772632436514541721e-02
-9.987134232643356258e-02
-1.007646219079758321e-01
-1.009147032382027576e-01
-1.006392643873328802e-01
-1.001260424338827060e-01
-9.948014357120749107e-02
-9.875682731849902418e-02
-9.798294782017087645e-02
-9.717055733395935091e-02
-9.632541019565127316e-02
-9.545224197661740517e-02
-9.455801310676993643e-02
