1.121065014312101239e-02
-8.118879260520722035e-03
-2.506989012776654133e-02
-3.874864482903207091e-02
-4.905887497947101356e-02
-5.644463199255400632e-02
-6.156110073765657525e-02
-6.504468226949744469e-02
-6.740967200027900286e-02
-6.902838164342897653e-02
-7.014893987030236533e-02
-7.092388040229015422e-02
-7.143819367816639510e-02
-7.173341321248657976e-02
-7.182710055993883624e-02
-7.172765942092615421e-02
-7.144444938485497443e-02
-7.099335790972820248e-02
-7.039837927071544710e-02
-6.969014181983898548e-02
-6.890253369526945504e-02
-6.806855026694115518e-02
-6.721629285785624131e-02
-6.636579764749640786e-02
-6.552714597914860439e-02
-6.470012318698718790e-02
-6.387552529160583914e-02
-6.303802127965049684e-02
-6.217024928939295092e-02
-6.125759382431191641e-02
-6.029293520528765382e-02
-5.928065848002925936e-02
-5.823938177920438830e-02
-5.720316108552277873e-02
-5.622123991253883540e-02
-5.535662446020517269e-02
-5.468380798088023909e-02
-5.428583425849197591e-02
-5.425061717842280529e-02
-5.466608062135996232e-02
