-8.319834308298254891e-03
-6.733342362480737586e-02
-1.072728266940868314e-01
-1.251163437303363102e-01
-1.294589754021765737e-01
-1.280872282035476484e-01
-1.249384374314660706e-01
-1.216178774496178838e-01
-1.187217807484553800e-01
-1.164173670769659968e-01
-1.146543850444634305e-01
-1.132735743814528573e-01
-1.121110743801465026e-01
-1.110874292407422054e-01
-1.102321988092836297e-01
-1.096312991228310108e-01
-1.093429640267732372e-01
-1.093459204596129025e-01
-1.095477586691379762e-01
-1.098323952212566373e-01
