-3.879791599330250085e-01
-4.496540042993429354e-01
-4.495863979826559831e-01
-4.495982928772078169e-01
-4.496395803922569878e-01
-4.496899491476479271e-01
-4.497422267491240078e-01
-4.497931689440258785e-01
-4.498409071670456116e-01
-4.498842512376601266e-01
-4.499223686515629872e-01
-4.499544270673852542e-01
-4.499791749998685031e-01
-4.499945602746491802e-01
-4.499974939742584223e-01
-4.499838259062836632e-01
-4.499485472012416665e-01
-4.498861972743484761e-01
-4.497914289510831498e-01
-4.496596698565178962e-01
