1.102468217422396674e-01
1.078638502316231068e-01
1.046889561595051588e-01
1.002372270496939416e-01
9.382573280870362686e-02
8.455766028760379471e-02
7.139348629811563540e-02
5.340805345618226951e-02
3.031071035363788746e-02
3.098925383686973022e-03
-2.568064361493479705e-02
-5.267376730557167541e-02
-7.520908507186137293e-02
-9.229411933029235682e-02
-1.044066151374637569e-01
-1.126714687529511844e-01
-1.182207547307887741e-01
-1.219398285643267799e-01
-1.244476470197167783e-01
-1.261556566054292394e-01
-1.273322462648419362e-01
-1.281520847279842279e-01
-1.287295631159788289e-01
-1.291403842921352019e-01
-1.294352626835712228e-01
-1.296486032315799786e-01
-1.298040342954072113e-01
-1.299179715474597097e-01
-1.300019417806975996e-01
-1.300641177630368350e-01
