-1.796885426482533465e-02
-8.559627110324766197e-02
-1.254652237566977191e-01
-1.398451868704718715e-01
-1.420058319351116816e-01
-1.401923948320006885e-01
-1.376161296623781283e-01
-1.353235267627573013e-01
-1.335806199064382693e-01
-1.323380803265720163e-01
-1.314109153846361455e-01
-1.306053708648352296e-01
-1.298153071814755199e-01
-1.290532583920930565e-01
-1.284111881685086332e-01
-1.279876769151429283e-01
-1.278281801738147538e-01
-1.279059945926550590e-01
-1.281430917005293713e-01
-1.284486909017904799e-01
