-4.104421299470650125e-03
-5.880695304870979523e-02
-9.824871590088354867e-02
-1.177850498058134604e-01
-1.236472571504461243e-01
-1.229613645177632386e-01
-1.198618581298444563e-01
-1.162207135598008756e-01
-1.128129537430796608e-01
-1.099319050064894859e-01
-1.076308579306119589e-01
-1.058232411326707062e-01
-1.043653504414471245e-01
-1.031470182617409970e-01
-1.021494241695688060e-01
-1.014278001576648103e-01
-1.010351531348931547e-01
-1.009538291702525709e-01
-1.010873871909730437e-01
-1.013064308218974280e-01
