-1.100261135076355812e-01
-1.880724124622964732e-01
-2.190407240409379952e-01
-2.273862099273594173e-01
-2.292606394326618391e-01
-2.296638848346102824e-01
-2.297559163224275336e-01
-2.297741203324990544e-01
-2.297650880759166403e-01
-2.297409872573957512e-01
-2.297092836415511874e-01
-2.296772519905143084e-01
-2.296519996417882570e-01
-2.296397949489681345e-01
-2.296453147600368005e-01
-2.296709417583006618e-01
-2.297161901960564079e-01
-2.297773190709724578e-01
-2.298471679308267401e-01
-2.299152353298279106e-01
