-4.020596871677170614e-01
-4.596442041350329855e-01
-4.595819425125937663e-01
-4.596004072174932897e-01
-4.596433068569201752e-01
-4.596944707567291455e-01
-4.597471128061080825e-01
-4.597982276581587535e-01
-4.598459790713937956e-01
-4.598891436063708427e-01
-4.599268346008458241e-01
-4.599581668292881953e-01
-4.599818531937187593e-01
-4.599958386876398797e-01
-4.599970786731348849e-01
-4.599815248643622234e-01
-4.599443321384877326e-01
-4.598802618034541490e-01
-4.597842343896343387e-01
-4.596519700407748488e-01
