-2.217618413142898870e-01
-3.266024126033308939e-01
-3.485841914781001027e-01
-3.564914231708899428e-01
-3.592156015964785842e-01
-3.599357619150431731e-01
-3.598750247250859235e-01
-3.595624421891424061e-01
-3.592356787293469189e-01
-3.589916303414560361e-01
-3.588544203248015818e-01
-3.588120706370132029e-01
-3.588377121474076725e-01
-3.589018897155588639e-01
-3.589795452980282797e-01
-3.590535831694823266e-01
-3.591158247425424999e-01
-3.591657541928426345e-01
-3.592076265147009506e-01
-3.592468472654625766e-01
