9.246005444193001674e-03
-1.012321775929713591e-02
-2.653710214866122907e-02
-3.926208558517814418e-02
-4.842477524123169064e-02
-5.465264344650887229e-02
-5.871371282986218021e-02
-6.130112256154036238e-02
-6.295423651293750866e-02
-6.405631991909518930e-02
-6.486060526590317621e-02
-6.552037007107174016e-02
-6.611475795367369179e-02
-6.666957945880608305e-02
-6.717464630904362854e-02
-6.759902609990682543e-02
-6.790453491600330349e-02
-6.805676553773214177e-02
-6.803253988545468478e-02
-6.782302130529502260e-02
-6.743256333401805025e-02
-6.687424317047918620e-02
-6.616356443375939755e-02
-6.531192250032297197e-02
-6.432124423890825393e-02
-6.318093573499822257e-02
-6.186799250157159341e-02
-6.035079891330152879e-02
-5.859663863667712025e-02
-5.658217201388252710e-02
-5.430519057544248851e-02
-5.179511389120524528e-02
-4.911933185661230411e-02
-4.638290297081849867e-02
-4.372031985122291214e-02
-4.127978983222420351e-02
-3.920234009982121598e-02
-3.759962137697559631e-02
-3.653516333353502843e-02
-3.601366017629754196e-02
