3.381035947882415349e-01
3.272349582302240822e-01
2.884821158676251773e-01
1.310085251522680183e-01
-2.034461673804953685e-01
-3.256415331156991555e-01
-3.425848768971266334e-01
-3.473773737088632352e-01
-3.490266114971231071e-01
-3.496322845520892786e-01
-3.498601263197886335e-01
-3.499466438560907000e-01
-3.499796223006114704e-01
-3.499922131816763371e-01
-3.499970237051310828e-01
-3.499988622479349165e-01
-3.499995650404533754e-01
-3.499998337098598755e-01
-3.499999364239488320e-01
-3.499999756932917760e-01
-3.499999907068697680e-01
-3.499999964469606151e-01
-3.499999986415643360e-01
-3.499999994806273773e-01
-3.499999998014274305e-01
-3.499999999240796522e-01
-3.499999999709734189e-01
-3.499999999889026880e-01
-3.499999999957567054e-01
-3.499999999983776089e-01
