-3.946493540216567397e-01
-4.445435613833944588e-01
-4.604429557687479968e-01
-4.662580489130750405e-01
-4.685078904310077674e-01
-4.693999890325229463e-01
-4.697570608902747469e-01
-4.699006496877951577e-01
-4.699582705151447160e-01
-4.699811941068743892e-01
-4.699899923537310120e-01
-4.699929727210152564e-01
-4.699934547458183842e-01
-4.699927472141041118e-01
-4.699913397641663493e-01
-4.699893691616174873e-01
-4.699868348959153064e-01
-4.699836369696085980e-01
-4.699796535795410235e-01
-4.699746744341589122e-01
-4.699684973413996159e-01
-4.699607793564851144e-01
-4.699512174114792717e-01
-4.699392620713698787e-01
-4.699244696970290014e-01
-4.699059571122082835e-01
-4.698830886505160342e-01
-4.698544361794754209e-01
-4.698191162935116405e-01
-4.697748043713623201e-01
