1.261351014554478456e-01
1.258916608493000459e-02
-1.352938083983548645e-01
-2.136130971678811274e-01
-2.326512783359894199e-01
-2.397236364813227771e-01
-2.433077923679538013e-01
-2.453851564560796394e-01
-2.466961413126457781e-01
-2.475730370748311093e-01
-2.481842919697351268e-01
-2.486233768209407669e-01
-2.489459023011732219e-01
-2.491868255918935626e-01
-2.493691117497801868e-01
-2.495083955174806079e-01
-2.496156341761289199e-01
-2.496986901793723512e-01
-2.497633145029710677e-01
-2.498137796485414563e-01
-2.498532999503788044e-01
-2.498843183450327188e-01
-2.499087067381971783e-01
-2.499279089257471498e-01
-2.499430443721933903e-01
-2.499549847227841015e-01
-2.499644109442309414e-01
-2.499718564614991645e-01
-2.499777400158611218e-01
-2.499823908790054505e-01
