3.843419148721843870e-01
1.190566291761955831e-01
-4.149152554962360351e-01
-4.386979551883039008e-01
-4.449759706939142023e-01
-4.475783818523734192e-01
-4.487485877484396757e-01
-4.493520048765642927e-01
-4.496587849576183515e-01
-4.498212895881489870e-01
-4.499057932934727999e-01
-4.499505187097084247e-01
-4.499739296737661487e-01
-4.499862920531012001e-01
-4.499927808840834542e-01
-4.499962022853161714e-01
-4.499980005229990421e-01
-4.499989478955557787e-01
-4.499994461562851766e-01
-4.499997085376326034e-01
-4.499998465823750737e-01
-4.499999192583223340e-01
-4.499999575017053499e-01
-4.499999776329747236e-01
-4.499999882274147711e-01
-4.499999938039356273e-01
-4.499999967388223499e-01
-4.499999982835853340e-01
-4.499999990966045971e-01
-4.499999995245245743e-01
