-3.585046172282975174e-01
-3.771002354753464902e-01
-3.844289643114217059e-01
-3.875494705779256588e-01
-3.889140916697870209e-01
-3.895183607641404255e-01
-3.897864047243774221e-01
-3.899053785532382577e-01
-3.899581151636309362e-01
-3.899814736390905812e-01
-3.899918093471616554e-01
-3.899963802486364761e-01
-3.899984006656612712e-01
-3.899992934802068434e-01
-3.899996879202871636e-01
-3.899998621600246906e-01
-3.899999391210701161e-01
-3.899999731127329339e-01
-3.899999881253755074e-01
-3.899999947556808677e-01
-3.899999976839034765e-01
-3.899999989771229525e-01
-3.899999995482584247e-01
-3.899999998004935464e-01
-3.899999999118903271e-01
-3.899999999610869184e-01
-3.899999999828139829e-01
-3.899999999924104177e-01
-3.899999999966479725e-01
-3.899999999985193089e-01
