2.116162797128834372e-02
1.359276586763519604e-02
2.037512968708278527e-03
-1.458207903669065351e-02
-3.523660459543664913e-02
-5.643470245677734143e-02
-7.411003375085818690e-02
-8.633192692404648150e-02
-9.368877183275765852e-02
-9.775834955503591439e-02
-9.991525508986916215e-02
-1.010383568144361810e-01
-1.016202124865160650e-01
-1.019218138115421668e-01
-1.020785413355055904e-01
-1.021602233599303161e-01
-1.022029079413789010e-01
-1.022252634187821030e-01
-1.022369924920993600e-01
-1.022431546557218407e-01
-1.022463954252519069e-01
-1.022481010969399084e-01
-1.022489993294649763e-01
-1.022494725496286561e-01
-1.022497219347455466e-01
-1.022498533890948275e-01
-1.022499226918157783e-01
-1.022499592325519513e-01
-1.022499785007867645e-01
-1.022499886617280751e-01
