-1.973241186190987512e-02
-2.001929298024544487e-02
-2.012189364663347774e-02
-2.023007222026966881e-02
-2.040697855328633958e-02
-2.071426758487118075e-02
-2.124930056671857012e-02
-2.217487322696611030e-02
-2.375728378200709853e-02
-2.640989388627058843e-02
-3.071454114812617250e-02
-3.734383473959231037e-02
-4.675469635863488405e-02
-5.860995155461352912e-02
-7.132842776413758634e-02
-8.259168508577363621e-02
-9.077869009701873548e-02
-9.578907469692528320e-02
-9.848975134429191480e-02
-9.983127845327924299e-02
-1.004664223077052082e-01
-1.007591003471894620e-01
-1.008919380931880827e-01
-1.009517107955898302e-01
-1.009784712246826477e-01
-1.009904156775739414e-01
-1.009957370938885657e-01
-1.009981050656835605e-01
-1.009991579923134042e-01
-1.009996259507240923e-01
