1.047312785473226288e-01
-1.842174923245307183e-01
-2.897930576910494049e-01
-3.082956572500088477e-01
-3.146588117743812085e-01
-3.174012160695935947e-01
-3.186983258195795199e-01
-3.193389125646168281e-01
-3.196619688545800919e-01
-3.198265821372517914e-01
-3.199108897160383158e-01
-3.199541761823667119e-01
-3.199764275994476104e-01
-3.199878722974797696e-01
-3.199937601401286469e-01
-3.199967894845109906e-01
-3.199983481477078895e-01
-3.199991501113906844e-01
-3.199995627325554204e-01
-3.199997750285602516e-01
-3.199998842546120659e-01
-3.199999404506592704e-01
-3.199999693628808317e-01
-3.199999842377864723e-01
-3.199999918906660801e-01
-3.199999958279228229e-01
-3.199999978535598144e-01
-3.199999988957056840e-01
-3.199999994318667995e-01
-3.199999997077087044e-01
