-2.383508480472753821e-01
-2.675206177334742419e-01
-2.683901096019317700e-01
-2.688447848620011960e-01
-2.691648582498700204e-01
-2.693931559804516040e-01
-2.695574178881570693e-01
-2.696763534917974714e-01
-2.697628663641436497e-01
-2.698260065018945886e-01
-2.698722016296249415e-01
-2.699060601965985184e-01
-2.699309095545187054e-01
-2.699491646445741355e-01
-2.699625849842394731e-01
-2.699724562277597828e-01
-2.699797197763352252e-01
-2.699850660371703182e-01
-2.699890019288906373e-01
-2.699918999651363949e-01
-2.699940340635761382e-01
-2.699956057358511852e-01
-2.699967632780060356e-01
-2.699976158514760805e-01
-2.699982438255941197e-01
-2.699987063799054177e-01
-2.699990470954291566e-01
-2.699992980685389510e-01
-2.699994829387703521e-01
-2.699996191177681526e-01
