-1.797982178557074595e-01
-1.804804765105572362e-01
-1.805024633360257924e-01
-1.805245964322345908e-01
-1.805468481057665442e-01
-1.805691368277576314e-01
-1.805913784395199173e-01
-1.806134872631617316e-01
-1.806353772969024885e-01
-1.806569634656838841e-01
-1.806781628924039873e-01
-1.806988961524415294e-01
-1.807190884732397251e-01
-1.807386708416232890e-01
-1.807575809843791348e-01
-1.807757641922496938e-01
-1.807931739636440271e-01
-1.808097724517086502e-01
-1.808255307064723094e-01
-1.808404287120488618e-01
-1.808544552268749328e-01
-1.808676074422128355e-01
-1.808798904801979524e-01
-1.808913167574198733e-01
-1.809019052430150820e-01
-1.809116806417293277e-01
-1.809206725322194675e-01
-1.809289144893799772e-01
-1.809364432167941683e-01
-1.809432977119442565e-01
