-8.574391351318122467e-02
-9.743203017730316107e-02
-1.020076408343557339e-01
-1.042088523322605015e-01
-1.052987307811415474e-01
-1.058181332640945466e-01
-1.060572920326900426e-01
-1.061649431288178014e-01
-1.062127158716959646e-01
-1.062337283755430128e-01
-1.062429187105039530e-01
-1.062469238963215934e-01
-1.062486653297847750e-01
-1.062494213574469992e-01
-1.062497492583593245e-01
-1.062498913829221237e-01
-1.062499529591730829e-01
-1.062499796300718780e-01
-1.062499911801114139e-01
-1.062499961813506699e-01
-1.062499983467492526e-01
-1.062499992842587115e-01
-1.062499996901397487e-01
-1.062499998658561484e-01
-1.062499999419273533e-01
-1.062499999748598017e-01
-1.062499999891165225e-01
-1.062499999952882940e-01
-1.062499999979603094e-01
-1.062499999991169397e-01
