-1.353641760648840175e-01
-1.355910367258044980e-01
-1.357416424908159391e-01
-1.358392482295595338e-01
-1.359011990271309644e-01
-1.359398667387578530e-01
-1.359636832779050064e-01
-1.359781998511308265e-01
-1.359869757786807687e-01
-1.359922474950055471e-01
-1.359953985911864782e-01
-1.359972749163809724e-01
-1.359983888783586614e-01
-1.359990487245064661e-01
-1.359994388935908127e-01
-1.359996692905876825e-01
-1.359998052002148183e-01
-1.359998853085182258e-01
-1.359999324973372448e-01
-1.359999602814613850e-01
-1.359999766344749117e-01
-1.359999862567725371e-01
-1.359999919174404992e-01
-1.359999952469933826e-01
-1.359999972051613160e-01
-1.359999983566833048e-01
-1.359999990337995013e-01
-1.359999994319331384e-01
-1.359999996660198052e-01
-1.359999998036485747e-01
