-4.051992584850667711e-01
-4.782658400498711604e-01
-4.931463468947617779e-01
-4.976798551738469967e-01
-4.991829662621720121e-01
-4.997074623822271855e-01
-4.998941887822718755e-01
-4.999615543438638010e-01
-4.999859899450234679e-01
-4.999948878793012419e-01
-4.999981329556031362e-01
-4.999993178514309800e-01
-4.999997506970189076e-01
-4.999999088769578881e-01
-4.999999666904441642e-01
-4.999999878234138162e-01
-4.999999955486143510e-01
-4.999999983726913233e-01
-4.999999994050933760e-01
-4.999999997825145259e-01
-4.999999999204922663e-01
-4.999999999709329179e-01
-4.999999999893734448e-01
-4.999999999961160513e-01
-4.999999999985805244e-01
-4.999999999994808042e-01
-4.999999999998104294e-01
-4.999999999999317213e-01
-4.999999999999750200e-01
-4.999999999999898415e-01
