-3.083728370769501237e-01
-4.094858215490522202e-01
-4.099258755977767121e-01
-4.099826457892339904e-01
-4.099958366155390665e-01
-4.099990001793035743e-01
-4.099997599080532074e-01
-4.099999423484909089e-01
-4.099999861569539328e-01
-4.099999966761109227e-01
-4.099999992018981132e-01
-4.099999998083683206e-01
-4.099999999539877815e-01
-4.099999999889520907e-01
-4.099999999973467091e-01
-4.099999999993628741e-01
-4.099999999998468758e-01
-4.099999999999636713e-01
-4.099999999999913158e-01
-4.099999999999975331e-01
-4.099999999999996425e-01
-4.099999999999991984e-01
-4.100000000000006417e-01
-4.100000000000004197e-01
-4.100000000000000311e-01
-4.099999999999999756e-01
-4.099999999999998646e-01
-4.099999999999999756e-01
-4.099999999999999756e-01
-4.100000000000005862e-01
