1.946406208436565477e-01
1.836580666676280171e-01
1.251848962919919483e-01
-6.648054836518083044e-02
-1.530272741359827438e-01
-1.747960289456842453e-01
-1.844604630187063610e-01
-1.895762740134577795e-01
-1.925755425512745422e-01
-1.944677104354053943e-01
-1.957302694698403456e-01
-1.966109124939389718e-01
-1.972477668027090014e-01
-1.977223090796010607e-01
-1.980848978656058190e-01
-1.983679154568239178e-01
-1.985929033507382313e-01
-1.987746183925273025e-01
-1.989234316054040164e-01
-1.990467972763041993e-01
-1.991501807264761115e-01
-1.992376604429792475e-01
-1.993123284992643074e-01
-1.993765627166791121e-01
-1.994322153266734898e-01
-1.994807461028373363e-01
-1.995233178420147135e-01
-1.995608658630130816e-01
-1.995941492836037223e-01
-1.996237893277821307e-01
