-1.285002161534415377e-01
-1.296706406868535777e-01
-1.300322565299122379e-01
-1.301635926849191716e-01
-1.302147289871490865e-01
-1.302353618975207183e-01
-1.302438619916910789e-01
-1.302474092657637250e-01
-1.302489018613475491e-01
-1.302495332507272452e-01
-1.302498012599449528e-01
-1.302499152787653103e-01
-1.302499638566319562e-01
-1.302499845730517025e-01
-1.302499934132395343e-01
-1.302499971870924589e-01
-1.302499987985686891e-01
-1.302499994868055455e-01
-1.302499997807752830e-01
-1.302499999063483349e-01
-1.302499999599915914e-01
-1.302499999829079269e-01
-1.302499999926979013e-01
-1.302499999968805278e-01
-1.302499999986671542e-01
-1.302499999994306268e-01
-1.302499999997568936e-01
-1.302499999998959213e-01
-1.302499999999555680e-01
-1.302499999999808256e-01
