9.568643264428823569e-02
7.264227457262362186e-02
2.998275533899061318e-02
-2.644564433788315627e-02
-6.592399787247327225e-02
-7.811723248543635256e-02
-8.031406420636837129e-02
-8.083963706839776553e-02
-8.122705747281806776e-02
-8.172060177632978206e-02
-8.239595389956884397e-02
-8.331844438657896867e-02
-8.456290506115995975e-02
-8.621119327397443188e-02
-8.833961858615047014e-02
-9.099522562628928335e-02
-9.416186163240317097e-02
-9.772592237139213212e-02
-1.014636949689621953e-01
-1.050748109873894665e-01
-1.082640210875012443e-01
-1.108333618057974757e-01
-1.127293963079924743e-01
-1.140230387660365469e-01
-1.148492815602873279e-01
-1.153497866635634778e-01
-1.156408203562316467e-01
-1.158049188160983067e-01
-1.158953611021394242e-01
-1.159443838702695212e-01
