1.227235024158989524e-01
9.746243849393207426e-02
5.262353788336555926e-02
-1.049385069462398755e-02
-7.235751610364851705e-02
-1.124330818029838641e-01
-1.318184534035636568e-01
-1.404534778132590089e-01
-1.444590718514210392e-01
-1.464512312831500740e-01
-1.475075535658045556e-01
-1.480974722561611556e-01
-1.484405937304021095e-01
-1.486466025368586852e-01
-1.487734036544500205e-01
-1.488529972112418998e-01
-1.489037425397576886e-01
-1.489365005869257852e-01
-1.489578595852306397e-01
-1.489718989354587575e-01
-1.489811875580369649e-01
-1.489873657648375094e-01
-1.489914929460711690e-01
-1.489942597613567732e-01
-1.489961199770046540e-01
-1.489973736265981508e-01
-1.489982201403253770e-01
-1.489987926540721486e-01
-1.489991803653600289e-01
-1.489994432107808464e-01
