-3.869698362013905824e-01
-4.119045806376024355e-01
-4.177960702112806790e-01
-4.193842893324271626e-01
-4.198268475276870637e-01
-4.199512404474275429e-01
-4.199862674326085288e-01
-4.199961327816062462e-01
-4.199989110657281755e-01
-4.199996933981642866e-01
-4.199999136762484486e-01
-4.199999756960989261e-01
-4.199999931574770473e-01
-4.199999980735683036e-01
-4.199999994576378293e-01
-4.199999998473049057e-01
-4.199999999570116493e-01
-4.199999999878968326e-01
-4.199999999965929876e-01
-4.199999999990405297e-01
-4.199999999997300337e-01
-4.199999999999244893e-01
-4.199999999999798894e-01
-4.199999999999934897e-01
-4.199999999999981526e-01
-4.200000000000006506e-01
-4.199999999999999845e-01
-4.200000000000002620e-01
-4.199999999999998179e-01
-4.200000000000004285e-01
