2.664611759302432104e-01
2.243866899424256378e-01
1.185086874767385251e-01
-5.317732510676841107e-02
-1.869728448557790301e-01
-2.431873062370018823e-01
-2.646194620942500242e-01
-2.744803914652052534e-01
-2.798317430388297389e-01
-2.830490743241901863e-01
-2.851146114246002061e-01
-2.865006174959606744e-01
-2.874597132807011901e-01
-2.881381190145670401e-01
-2.886256900143800985e-01
-2.889802450634501030e-01
-2.892403371427224035e-01
-2.894323926958737858e-01
-2.895749181607221168e-01
-2.896810907137707947e-01
-2.897604145656024199e-01
-2.898198135557734645e-01
-2.898643709475499652e-01
-2.898978412351573830e-01
-2.899230104981053158e-01
-2.899419537513995282e-01
-2.899562208431535892e-01
-2.899669719662552048e-01
-2.899750771577351283e-01
-2.899811897759169699e-01
