-2.251314265455573449e-01
-2.314545782927946438e-01
-2.344996225409164137e-01
-2.362120386173230946e-01
-2.372762792144509636e-01
-2.379833622036810203e-01
-2.384756508579569390e-01
-2.388302365651716330e-01
-2.390921777355534683e-01
-2.392894242045544850e-01
-2.394401570998371809e-01
-2.395566683966699750e-01
-2.396475357570411746e-01
-2.397189032133101305e-01
-2.397752676325677623e-01
-2.398199795548662805e-01
-2.398555724570649306e-01
-2.398839853925651688e-01
-2.399067173346626503e-01
-2.399249365654263499e-01
-2.399395597334732233e-01
-2.399513099806633576e-01
-2.399607603248099241e-01
-2.399683664609968403e-01
-2.399744918399628335e-01
-2.399794270242814609e-01
-2.399834047478288934e-01
-2.399866117109774599e-01
-2.399891978706658602e-01
-2.399912837911622188e-01
