2.471773649032549813e-01
2.331291147097955541e-01
1.964636334644057347e-01
9.819131336716825642e-02
-1.086347314434645273e-01
-2.534080115196275518e-01
-2.580827504159596830e-01
-2.584397963754851979e-01
-2.586945242115458732e-01
-2.589044418193485186e-01
-2.590786662981955368e-01
-2.592238384267251394e-01
-2.593451963970819230e-01
-2.594469219788306802e-01
-2.595323841318576408e-01
-2.596043185101922224e-01
-2.596649617074799909e-01
-2.597161530690048625e-01
-2.597594128967175009e-01
-2.597960032286469323e-01
-2.598269755838901185e-01
-2.598532088357841663e-01
-2.598754395205719603e-01
-2.598942862857467895e-01
-2.599102697516762484e-01
-2.599238287490846511e-01
-2.599353336678064674e-01
-2.599450974844541018e-01
-2.599533849114886719e-01
-2.599604200158088796e-01
