-1.833185173081375574e-01
-2.020245895646753942e-01
-2.110501219717701438e-01
-2.163529640349219907e-01
-2.197224327831565072e-01
-2.219930746407957067e-01
-2.235963827274164151e-01
-2.247717097000224984e-01
-2.256599664634876823e-01
-2.263483416256718561e-01
-2.268931018068373329e-01
-2.273318823341605732e-01
-2.276906431538111286e-01
-2.279877747055998605e-01
-2.282366121926265312e-01
-2.284470256150747947e-01
-2.286264543199592048e-01
-2.287805973441010277e-01
-2.289138845835291536e-01
-2.290298049567428551e-01
-2.291311391854924107e-01
-2.292201276787116937e-01
-2.292985934556423244e-01
-2.293680334015197331e-01
-2.294296868789405253e-01
-2.294845879204388261e-01
-2.295336053626426676e-01
-2.295774740188108176e-01
-2.296168191175962381e-01
-2.296521756300295425e-01
