-3.543469881804219290e-01
-4.150264032179605267e-01
-4.301222046842539393e-01
-4.356352098979087151e-01
-4.377669257796731883e-01
-4.387703517377251616e-01
-4.392906375123912244e-01
-4.395808670697425313e-01
-4.397500909195459773e-01
-4.398500038705268622e-01
-4.399098912808562245e-01
-4.399457527719824457e-01
-4.399673550790089704e-01
-4.399803373854320188e-01
-4.399881618918526360e-01
-4.399928694643840399e-01
-4.399957062709198286e-01
-4.399974138147950131e-01
-4.399984425845976377e-01
-4.399990619728085806e-01
-4.399994350925475750e-01
-4.399996597653225150e-01
-4.399997950961793691e-01
-4.399998765914834853e-01
-4.399999256771788825e-01
-4.399999552375953304e-01
-4.399999730416225274e-01
-4.399999837638673417e-01
-4.399999902216656933e-01
-4.399999941108547197e-01
