-3.250615581616373984e-01
-3.570208118592447799e-01
-3.694665664600885191e-01
-3.749429506705425075e-01
-3.775195512075528725e-01
-3.787702261777507462e-01
-3.793872158152054586e-01
-3.796938810473416970e-01
-3.798468991087550206e-01
-3.799233849635603733e-01
-3.799616507539320120e-01
-3.799808023268272938e-01
-3.799903892527082272e-01
-3.799951886029238612e-01
-3.799975912899889452e-01
-3.799987941430743033e-01
-3.799993963233185279e-01
-3.799996977886441751e-01
-3.799998487082437704e-01
-3.799999242612166483e-01
-3.799999620841948977e-01
-3.799999810188958160e-01
-3.799999904978463849e-01
-3.799999952431194483e-01
-3.799999976186561046e-01
-3.799999988078749391e-01
-3.799999994032101092e-01
-3.799999997012412090e-01
-3.799999998504381415e-01
-3.799999999251281180e-01
