-1.490607997698944476e-01
-1.586165757091317630e-01
-1.637569908954289444e-01
-1.667054595983326060e-01
-1.684887873749826848e-01
-1.696180478119386492e-01
-1.703611985808110296e-01
-1.708661975791343490e-01
-1.712186801142199233e-01
-1.714703065603445098e-01
-1.716533860629061714e-01
-1.717887686395262736e-01
-1.718902817583574105e-01
-1.719673170495111536e-01
-1.720263883101087465e-01
-1.720720975137063902e-01
-1.721077494884079573e-01
-1.721357522322957689e-01
-1.721578831292457368e-01
-1.721754693568040562e-01
-1.721895122505406328e-01
-1.722007743751663988e-01
-1.722098413531731320e-01
-1.722171663391863228e-01
-1.722231023911705017e-01
-1.722279262887520257e-01
-1.722318562336583037e-01
-1.722350651245910524e-01
-1.722376905972866357e-01
-1.722398426772346891e-01
