-1.203926101050228903e-02
-2.415654931347553380e-01
-2.813414422919700564e-01
-2.899462714272849073e-01
-2.941488239467163202e-01
-2.964566552081420725e-01
-2.978038517717115918e-01
-2.986195768429133479e-01
-2.991247303910846145e-01
-2.994419861575725039e-01
-2.996430131190296886e-01
-2.997711145162920143e-01
-2.998530405356505391e-01
-2.999055569128867837e-01
-2.999392711011699686e-01
-2.999609354281410623e-01
-2.999748652104248792e-01
-2.999838253557672307e-01
-2.999895903153599330e-01
-2.999933000995682608e-01
-2.999956876188427657e-01
-2.999972242678652923e-01
-2.999982133253769612e-01
-2.999988499460042868e-01
-2.999992597232203906e-01
-2.999995234899648922e-01
-2.999996932735060629e-01
-2.999998025617096054e-01
-2.999998729098094508e-01
-2.999999181925153136e-01
