3.050004520219204984e+00 4.690390341941090391e+00 5.552449204549850803e-01 2.264093238080742143e+00 1.817086789729932095e+00 1.120580829228631892e+00 3.922555759442454715e+00 6.984669749723982912e-01 9.432672319418740070e-01 3.616507481078817587e+00 1.865857614202405257e+00 2.164862822848266991e-02 5.418692441653460534e+00 2.320683169946569979e+00 1.627665872936741254e+00
3.115395030511507901e+00 4.598010370907429589e+00 6.986575849045516540e-01 2.379731149577260840e+00 1.862369038212627892e+00 1.116929028611604258e+00 3.951967205779125525e+00 6.792578150217248867e-01 9.988615437976439138e-01 3.486648872414382705e+00 1.773477643168744011e+00 1.650612926780493095e-01 5.534330353149979231e+00 2.365965418429265998e+00 1.567204271278248351e+00
3.103894771564700505e+00 4.574364526717673129e+00 7.130814050407697779e-01 2.386984119007243610e+00 1.873001474429123014e+00 1.116732151501001802e+00 3.953141159688645434e+00 6.750732923074160841e-01 1.005980605994680310e+00 3.481933499068566640e+00 1.749831798978987774e+00 1.794851128142671282e-01 5.541583322579962889e+00 2.376597854645761565e+00 1.559830989764674047e+00
2.373209176942835619e+00 4.852918761210288423e+00 -1.655017010237741504e-01 1.461704715590953718e+00 1.710238685204822362e+00 1.138527393580746505e+00 3.927698053050070026e+00 1.221524831614711815e+00 7.838922185571954859e-01 4.443154622531218401e+00 2.028386033471602623e+00 -6.990979932502769945e-01 4.616303919163672553e+00 2.213835065421461135e+00 1.776601762541129448e+00
1.861238388147552048e+00 4.656156075746286760e+00 1.634547479179281337e-01 1.123275960859121403e+00 1.776201478836000991e+00 1.244332003919502494e+00 3.344652332789419535e+00 6.021645552762904252e-01 2.542194699111892664e-01 4.828035399714245557e+00 1.831623348007603846e+00 -3.701415443085722123e-01 4.277875164431838684e+00 2.279797859052639097e+00 1.336145840499638249e+00
1.797698498496194119e+00 4.633583258580403097e+00 1.760687381652746297e-01 1.111803151685653690e+00 1.770828930372477128e+00 1.220914137257884668e+00 3.308207078883001362e+00 5.517402993628781616e-01 1.902940486336179016e-01 4.880399995112211009e+00 1.809050530841719739e+00 -3.575275540612257164e-01 4.266402355258371415e+00 2.274425310589115234e+00 1.287574394116738352e+00
1.713772230909774263e+00 4.614502238287840896e+00 1.925596451120405728e-01 1.126801809862440162e+00 1.808563191519797941e+00 1.156994596202365555e+00 3.227976790970898957e+00 4.482028718000229950e-01 1.003809124955970800e-01 4.988088754884508091e+00 1.789969510549159537e+00 -3.410366471144558043e-01 4.281401013435158553e+00 2.312159571736438934e+00 1.230222067321546708e+00
1.711278725211203167e+00 4.597989226186506073e+00 2.059044003980295412e-01 1.119607619121097741e+00 1.795897412471215704e+00 1.141545966687244951e+00 3.215129826191433615e+00 4.418936609616584965e-01 9.612200318126286336e-02 4.998499777345885242e+00 1.773456498447824492e+00 -3.276918918284666415e-01 4.274206822693815688e+00 2.299493792687856697e+00 1.229657480390341284e+00
1.717014452103922340e+00 4.602965476847768578e+00 2.016460696953631948e-01 1.120139599329705415e+00 1.797122654999406155e+00 1.146788355356876288e+00 3.220547653214824724e+00 4.472088457091704106e-01 1.027022577561053918e-01 4.993217888400669935e+00 1.778432749109086997e+00 -3.319502225311329324e-01 4.274738802902423807e+00 2.300719035216046926e+00 1.234447519761214362e+00
2.969234764950057226e+00 8.726308453615878591e+00 -3.222456130274987895e+00 2.374455671339180896e+00 4.210713184827450384e+00 5.477206852480563271e+00 7.179032527458995006e+00 3.318759465704123723e+00 1.859666108655972705e+00 1.666226845859221761e+00 5.901775725877202561e+00 -3.756052422501487964e+00 5.529054874911905060e+00 4.714309565044077388e+00 1.868722944453820922e+00
2.937611378375639237e+00 8.739337428187928580e+00 -3.199424043934734119e+00 2.357432889176663160e+00 4.254369544229523292e+00 5.468715994527183710e+00 7.232498672962789144e+00 3.361117544579943051e+00 1.820432915687521636e+00 1.698289131292930909e+00 5.914804700449253438e+00 -3.733020336161233743e+00 5.512032092749386436e+00 4.757965924446149408e+00 1.842148302098237433e+00
2.871756207941714933e+00 8.136164550783096416e+00 -3.646366688931141464e+00 2.643690233668181566e+00 4.077165117726261556e+00 5.628025925434280374e+00 6.680893175266440664e+00 3.222303458657520547e+00 2.483678619981950941e+00 1.202455247841421437e+00 5.311631823044422163e+00 -4.179962981157641089e+00 5.798289437240905286e+00 4.580761497942887672e+00 2.373935241780725569e+00
2.860206656118694291e+00 8.082984890621935037e+00 -3.677084897592815871e+00 2.672051341684970716e+00 4.097305946317009173e+00 5.648035486402726235e+00 6.654893877628560439e+00 3.285848466566092085e+00 2.473484316307525965e+00 1.260025089714410740e+00 5.258452162883261671e+00 -4.210681189819315051e+00 5.826650545257693992e+00 4.600902326533636177e+00 2.423292403081648949e+00
-3.553820671431383360e+00 1.093177621495431140e+01 -4.405759401355527238e+00 5.097997490457413683e+00 -7.248777819781498266e+00 9.457567970779257038e-01 1.236738666381033269e+01 -1.079479673147882757e+01 7.135581565737934895e+00 -8.747999485373689765e+00 8.107243487215640698e+00 -4.939355693582021090e+00 8.252596694030129854e+00 -6.745181439564913894e+00 -5.876353158702701585e+00
2.245560756817894799e+01 5.786723222746384465e+01 4.247922661077419804e+01 -1.706900294741344126e+01 -5.463585674593703345e+01 1.754725257147174844e+01 2.971667574699475978e+01 -2.751357895509206486e+01 3.278631983811992257e+01 -1.614917729591540763e+01 5.504269949972524500e+01 4.194563031854762869e+01 -1.391440374384075973e+01 -5.413226036572044819e+01 4.115388022889997899e+01
1.824779046892990664e+01 4.994170517757266481e+01 4.494531357720924802e+01 -2.426481487413533955e+01 -5.291608881978420698e+01 1.497863182781923541e+01 2.685897451358341925e+01 -2.206341782495374559e+01 3.987369288836094938e+01 -1.264509255333067017e+01 4.711717244983403674e+01 4.441171728498269999e+01 -2.111021567056263848e+01 -5.241249243956745119e+01 3.793583427390964857e+01
1.672701424394371017e+01 5.113072211894959196e+01 4.407440035581053195e+01 -2.342866699517336571e+01 -5.421445051029605366e+01 1.484884794101737349e+01 2.653953508155151653e+01 -2.116539394602529001e+01 4.075662948932998120e+01 -1.237133132888960674e+01 4.830618939121096389e+01 4.354080406358399102e+01 -2.027406779160067174e+01 -5.371085413007930498e+01 3.660349059557271545e+01
1.667248887173210647e+01 5.121156167783804136e+01 4.416343458050582882e+01 -2.345012466100024184e+01 -5.418484833268752254e+01 1.476542478888656795e+01 2.651430398455933002e+01 -2.120530614947552550e+01 4.069295242976469495e+01 -1.247038904628120015e+01 4.838702895009942040e+01 4.362983828827928789e+01 -2.029552545742754788e+01 -5.368125195247076675e+01 3.663826404481883259e+01
1.663775099148370984e+01 5.125293102430678260e+01 4.421033787460128650e+01 -2.346071656716501863e+01 -5.416741022594029431e+01 1.472528904995157362e+01 2.649956988859404561e+01 -2.122614514275965902e+01 4.065966654654060619e+01 -1.252692139536051741e+01 4.842839829656816164e+01 4.367674158237473847e+01 -2.030611736359232111e+01 -5.366381384572353852e+01 3.665628470186689469e+01
1.606511824306951297e+01 5.511469896891539122e+01 4.674665249298293190e+01 -2.415154998608506176e+01 -5.298585434699290886e+01 1.055871739759164107e+01 2.244127937862318589e+01 -2.536761298228535111e+01 3.587591577066782378e+01 -1.768964766069873207e+01 5.229016624117684842e+01 4.621305620075635545e+01 -2.099695078251235358e+01 -5.248225796677616728e+01 3.788648347147950801e+01
1.617796239272016834e+01 5.508558696415359179e+01 4.673029017272389041e+01 -2.417288874531207199e+01 -5.308727725424004973e+01 1.058048637384389501e+01 2.238592511456088729e+01 -2.547389571569161149e+01 3.584050075630658938e+01 -1.764283793392979049e+01 5.226105423641504188e+01 4.619669388049732106e+01 -2.101828954173936737e+01 -5.258368087402330815e+01 3.781347180437049360e+01
1.609768670879702768e+01 5.516663002073664757e+01 4.666946622677626522e+01 -2.422381470798814362e+01 -5.300522252583775185e+01 1.055796523815345367e+01 2.242147249339137005e+01 -2.542196658454536617e+01 3.587020495699780298e+01 -1.765027255661793149e+01 5.234209729299809766e+01 4.613586993454968876e+01 -2.106921550441543900e+01 -5.250162614562101027e+01 3.783454753685830241e+01
1.614375656746769749e+01 5.514022917527022116e+01 4.668113113812086823e+01 -2.421877394080290813e+01 -5.304878334787029104e+01 1.055605967342465590e+01 2.239497678848386997e+01 -2.545977334890181609e+01 3.588211733432370920e+01 -1.763970073429409879e+01 5.231569644753165704e+01 4.614753484589428467e+01 -2.106417473723020350e+01 -5.254518696765354235e+01 3.782901076112236893e+01
1.585620861402661319e+01 5.538210111680378134e+01 4.654058744673208281e+01 -2.431583313088238540e+01 -5.279060414266312051e+01 1.054331346450001661e+01 2.252511831213226046e+01 -2.528900272422121986e+01 3.588097599295075923e+01 -1.769223113296351002e+01 5.255756838906521722e+01 4.600699115450549925e+01 -2.116123392730967723e+01 -5.228700776244637183e+01 3.785522407005745293e+01
1.591911057348539771e+01 5.533400623493424320e+01 4.657352791729147867e+01 -2.429078539142677329e+01 -5.283215033931826099e+01 1.054005632296839501e+01 2.248187943019969026e+01 -2.532184746794697716e+01 3.593070093638412033e+01 -1.771533513639520052e+01 5.250947350719567908e+01 4.603993162506489512e+01 -2.113618618785404024e+01 -5.232855395910149809e+01 3.788119350989168055e+01
1.541396939099247554e+01 5.551113191125261181e+01 4.657773559371248950e+01 -2.420835947137176092e+01 -5.243771406324663786e+01 1.057489126971227478e+01 2.293404147445408370e+01 -2.499671753868577895e+01 3.550467264506261955e+01 -1.780999845010019200e+01 5.268659918351405480e+01 4.604413930148590595e+01 -2.105376026779902787e+01 -5.193411768302988207e+01 3.765319566967288978e+01
1.551244912816606281e+01 5.537473361817993833e+01 4.663654362840988199e+01 -2.413522859363439821e+01 -5.257894935197946751e+01 1.059235653004121680e+01 2.288550078172267987e+01 -2.507023556358233662e+01 3.552647344266028284e+01 -1.780459546491756484e+01 5.255020089044136711e+01 4.610294733618329133e+01 -2.098062939006165450e+01 -5.207535297176269751e+01 3.762664424497597082e+01
1.555029850732666752e+01 5.538647714354264906e+01 4.662411134575831539e+01 -2.413834165266360898e+01 -5.260703313464956210e+01 1.058836607249794248e+01 2.287364089943740453e+01 -2.501742095501443686e+01 3.554632130390088207e+01 -1.780914413446706845e+01 5.256194441580407783e+01 4.609051505353173184e+01 -2.098374244909086173e+01 -5.210343675443279210e+01 3.768868854446823491e+01
1.551354753662218400e+01 5.539490062775099233e+01 4.662762976659157488e+01 -2.414452361547669668e+01 -5.257721996814269261e+01 1.058953153975128814e+01 2.289079834246718548e+01 -2.502896412480061628e+01 3.553504435578297205e+01 -1.781095092611283093e+01 5.257036790001242821e+01 4.609403347436499132e+01 -2.098992441190394942e+01 -5.207362358792593682e+01 3.766557300663114916e+01
1.556669563230760289e+01 5.537733656308864738e+01 4.662830149073040786e+01 -2.412627853934349176e+01 -5.263121391461466914e+01 1.058768229799260041e+01 2.287697551805906571e+01 -2.498732999813987732e+01 3.554639412809058285e+01 -1.781463056753012353e+01 5.255280383535008326e+01 4.609470519850383141e+01 -2.097167933577074450e+01 -5.212761753439791335e+01 3.770987360045742776e+01
