5.139616939087803260e+00 2.999108203241641402e+00 1.128203661697199323e+00 4.959339035555947461e+00 3.537474301973543067e+00 1.353414856529059573e+00 3.610847416254846287e+00 4.166371623905392063e+00 2.135773709261563624e+00 1.408005416183239156e+00 6.161301476523102671e+00 2.212354067191392826e+00 1.303765724043962626e+00 3.175101700814214833e+00 5.771631211947300777e+00
6.140936382357572221e+00 3.204855306552108818e+00 4.981376038754590230e-01 4.652597288106935736e+00 2.928478583133359070e+00 1.511845920498101403e+00 3.734068073031887369e+00 3.934437925299786087e+00 1.881669967001119215e+00 9.496931985123300279e-01 6.367048579833570976e+00 1.582288009369652082e+00 9.970239765949507893e-01 2.566105981974030836e+00 6.225735609388893366e+00
6.092880735959445460e+00 3.148591798012291942e+00 5.687615092578337528e-01 4.597253176494437987e+00 2.985029248201378937e+00 1.505259667484510455e+00 3.747558553917671009e+00 3.922611388012161360e+00 1.895879833870343090e+00 9.911205976228740777e-01 6.310785071293754100e+00 1.652911914752026812e+00 9.416798649824533740e-01 2.622656647042050704e+00 6.272811134623707652e+00
1.476352045891023224e+01 4.592414777650417612e+00 -5.952641490299121152e+00 7.312578913307294926e+00 -5.420863359451953301e+00 2.379484046299474187e+00 2.676266765732957076e+00 8.541656976978799776e+00 2.251999222941973855e-01 9.135647978180431172e-01 7.754608050931869556e+00 -4.868491084804931646e+00 3.657005601795302319e+00 -5.783235960611275317e+00 2.429921268561290315e+00
1.479289485506305191e+01 4.526642351049249946e+00 -5.884388852174070372e+00 7.249688018447707272e+00 -5.483420583855881603e+00 2.347117700429780296e+00 2.649741829883935473e+00 8.543228630475150354e+00 2.175030800821948773e-01 9.052086199433496683e-01 7.688835624330701890e+00 -4.800238446679881754e+00 3.594114706935714665e+00 -5.845793185015202731e+00 2.385039253742083254e+00
1.542622524864766653e+01 3.728466260851423186e+00 -5.265171066770246711e+00 6.829525982521346350e+00 -5.769418503808589449e+00 2.287398841187030740e+00 2.539184863580009388e+00 8.282890567943328008e+00 4.251128746981981399e-01 5.693996827839457042e-01 6.890659534132875130e+00 -4.181020661276058092e+00 3.173952671009353743e+00 -6.131791104967911465e+00 2.305185229062317820e+00
1.538927640719907863e+01 3.782465118286026939e+00 -5.316755851840635039e+00 6.869060616391269747e+00 -5.747601091004968410e+00 2.297829890244641682e+00 2.536766281225077524e+00 8.285792610247836976e+00 4.435174889809889165e-01 6.138731874001486233e-01 6.944658391567479327e+00 -4.232605446346446421e+00 3.213487304879277140e+00 -6.109973692164290426e+00 2.310859580293679993e+00
1.532080800800489051e+01 3.921220696048819399e+00 -5.461712777859435874e+00 6.935783873598615479e+00 -5.743255254804335408e+00 2.323362115875526435e+00 2.487476933358996778e+00 8.345967254243248590e+00 4.778785320354065336e-01 7.453831850287606642e-01 7.083413969330272231e+00 -4.377562372365247256e+00 3.280210562086622428e+00 -6.105627855963658313e+00 2.286586653231615252e+00
2.026053880340759861e+01 -5.161538778296970165e-01 -1.581613600256150498e+00 -1.227644214784716858e+00 -1.287745563451062125e+01 1.307410163598475172e+00 -5.907710848716867247e-01 1.230775924964588519e+01 4.755685675713675065e-01 -2.840473343296073594e+00 2.646039395451735388e+00 -4.974631947619680972e-01 -4.883217526296693478e+00 -1.323982823566991485e+01 -7.817920339278434660e-01
2.032206710694936191e+01 -5.085362738874508182e-01 -1.598785593292414209e+00 -1.237797349699330196e+00 -1.289346092337392768e+01 1.278295345930816174e+00 -5.305942426579915994e-01 1.229461565006361567e+01 4.770950942295459907e-01 -2.902534946873820854e+00 2.653656999393981586e+00 -5.146351877982316969e-01 -4.893370661211307038e+00 -1.325583352453322128e+01 -7.672718665452397113e-01
2.040138028431394801e+01 -4.955456489481689375e-01 -1.613753323607439949e+00 -1.242664662593705893e+00 -1.290989229402011240e+01 1.256757842732781683e+00 -4.543248318130804209e-01 1.228807857911743895e+01 4.854802634068036138e-01 -2.975810256705076373e+00 2.666647624333263522e+00 -5.296029181132574370e-01 -4.898237974105683179e+00 -1.327226489517940600e+01 -7.487208767635875617e-01
2.022146617302128746e+01 -5.433839901738484190e-01 -1.591795515728921862e+00 -1.259930438268987984e+00 -1.286738627958217762e+01 1.217818542440969098e+00 -5.785786800547020325e-01 1.223124785979085516e+01 4.032267284104594229e-01 -2.869944792342342677e+00 2.618809283107583763e+00 -5.076451102347395716e-01 -4.915503749780964604e+00 -1.322975888074147122e+01 -8.116427429564589957e-01
2.060764736550590470e+01 -4.857592531661460988e-01 -1.647718169442005554e+00 -1.257000793534342797e+00 -1.292604826691436060e+01 1.190363079419427317e+00 -2.383535137253933733e-01 1.225522485022906416e+01 4.813911006307250995e-01 -3.194838322535364483e+00 2.676434020115286305e+00 -5.635677639478230416e-01 -4.912574105046319417e+00 -1.328842086807365241e+01 -7.391813996654248431e-01
2.053101693329175603e+01 -5.153390831064569300e-01 -1.665515759994399492e+00 -1.296681908268967787e+00 -1.293173901287652150e+01 1.183678862814885546e+00 -2.919247027958623009e-01 1.224548961974503136e+01 4.643089985059580815e-01 -3.136842927353066468e+00 2.646854190174972032e+00 -5.813653545002237522e-01 -4.952255219780961504e+00 -1.329411161403579733e+01 -7.308266704809939229e-01
2.028573613064582304e+01 -6.108896265429640815e-01 -1.701698312792936374e+00 -1.397344456118872813e+00 -1.293830724263264109e+01 1.093773694971061028e+00 -4.421914870006820042e-01 1.215671169039868182e+01 3.682389562605737909e-01 -2.953691806209280735e+00 2.551303646738464881e+00 -6.175479072987609674e-01 -5.052917767630866308e+00 -1.330067984379191870e+01 -7.250660781625558604e-01
2.028350909215053832e+01 -6.084877777675339328e-01 -1.681594140579480534e+00 -1.386422674559308676e+00 -1.291716218761536794e+01 1.053413721118249935e+00 -4.311388363251955069e-01 1.212542272435926627e+01 3.409148246768715085e-01 -2.947837761965031333e+00 2.553705495513894252e+00 -5.974437350853034623e-01 -5.041995986071302838e+00 -1.327953478877464732e+01 -7.527185291547038304e-01
2.007754445642661523e+01 -6.138766268686621785e-01 -1.631355129556444128e+00 -1.379114769079246239e+00 -1.286922879692895272e+01 8.275767017333175435e-01 -5.742763456582674619e-01 1.194575427757975206e+01 2.092192381885160379e-01 -2.725549489855404239e+00 2.548316646412765785e+00 -5.472047240622668340e-01 -5.034688080591240400e+00 -1.323160139808823210e+01 -8.148337266078503616e-01
1.992319161432029873e+01 -6.359054646768862451e-01 -1.788932803690544748e+00 -1.488099672288702324e+00 -1.297796090030438165e+01 8.396392337323274058e-01 -8.128551407598016976e-01 1.192312843788335286e+01 2.144469621911813950e-01 -2.647432384940065386e+00 2.526287808604540608e+00 -7.047823981963673434e-01 -5.143672983800694709e+00 -1.334033350146365748e+01 -6.525361811680767676e-01
1.727450415407100692e+01 -3.689056369194108953e+00 -4.073205450589144405e+00 -4.852259497332106264e+00 -1.614739433269283353e+01 3.202370957387501882e+00 -2.135741126518352573e+00 1.302035579572873836e+01 7.961071364343850210e-01 -1.895338709879250239e+00 -5.268630959126827662e-01 -2.989055045094969110e+00 -8.507832808844097983e+00 -1.650976693385211291e+01 2.310205527902419398e+00
1.730754477067693742e+01 -3.723974126893196512e+00 -4.069504860323498896e+00 -4.851292785017972342e+00 -1.614661941483728214e+01 3.214358390118917885e+00 -2.149280942741483180e+00 1.298662641886083868e+01 7.593343003670179892e-01 -1.903102973492348582e+00 -5.617808536117702145e-01 -2.985354454829324045e+00 -8.506866096529964949e+00 -1.650899201599656152e+01 2.276440642397250080e+00
1.734917481369991421e+01 -3.769281160979599754e+00 -4.075880749357010835e+00 -4.860941880965992112e+00 -1.615206267720996181e+01 3.245694466043784754e+00 -2.171528511624196689e+00 1.293295220897486963e+01 7.087348501005619195e-01 -1.903845730548040294e+00 -6.070878876981735672e-01 -2.991730343862835984e+00 -8.516515192477985607e+00 -1.651443527836924119e+01 2.227026335343151864e+00
1.736740534429719673e+01 -3.793801134340045955e+00 -4.086953480774978331e+00 -4.873192709684960988e+00 -1.616856729144942406e+01 3.271888518594987527e+00 -2.185280875385780419e+00 1.289624850257124500e+01 6.818606668851828756e-01 -1.901455906223793013e+00 -6.316078610586199904e-01 -3.002803075280802148e+00 -8.528766021196952707e+00 -1.653093989260870345e+01 2.201494219422216236e+00
1.731887872991088528e+01 -3.865778867896799031e+00 -4.518558222869214269e+00 -5.317205401910415574e+00 -1.662923734809972487e+01 3.808251732120277566e+00 -2.339399829690433918e+00 1.245923700487014507e+01 5.319790761994923622e-01 -1.613846941295637993e+00 -7.035855946153742879e-01 -3.434407817375037641e+00 -8.972778713422409069e+00 -1.699160994925900425e+01 2.049784562922555953e+00
1.733857925402915257e+01 -3.898089997983568811e+00 -4.497926326419777077e+00 -5.302362589964882744e+00 -1.660623763271639675e+01 3.787177209739050365e+00 -2.319011334739300434e+00 1.247867386390276501e+01 5.114058986973567533e-01 -1.643442547344297289e+00 -7.358967247021439562e-01 -3.413775920925600893e+00 -8.957935901476876239e+00 -1.696861023387567613e+01 2.044222001468032790e+00
1.719721953816934246e+01 -3.689893476327267052e+00 -4.955614263953451726e+00 -5.723118563138096526e+00 -1.691548683388725749e+01 4.355782706977436192e+00 -2.505540648512375235e+00 1.202779123731835931e+01 7.323701417836167016e-01 -1.086857130346052802e+00 -5.277002030458397552e-01 -3.871463858459273766e+00 -9.378691874650092686e+00 -1.727785943504654043e+01 2.332550363935046889e+00
1.732728047223648815e+01 -3.722731728217155478e+00 -4.909514603265020760e+00 -5.694927146229300519e+00 -1.696816841632282902e+01 4.361618325941677199e+00 -2.604624622845326698e+00 1.211904844946618098e+01 6.957108555184874366e-01 -1.089507153345817381e+00 -5.605384549357287360e-01 -3.825364197770842356e+00 -9.350500457741297566e+00 -1.733054101748210840e+01 2.202573768477622984e+00
1.534535349182878505e+01 -3.080032357738139659e+00 -5.632922235912115383e+00 -6.026075963958312798e+00 -1.627519972177792340e+01 4.243605396716169764e+00 -9.928287522229477524e-01 1.054358607417861826e+01 1.198969432928507661e+00 -1.048652150035209063e+00 8.216091554328497359e-02 -4.548771830417936535e+00 -9.681649275470318727e+00 -1.663757232293720278e+01 4.187086831218506333e+00
1.562581756615267992e+01 -3.296766459825843043e+00 -5.616916361393689883e+00 -6.215015864873381091e+00 -1.626550321016820178e+01 4.329489759513094782e+00 -1.058085000802660991e+00 1.078086747457358108e+01 9.616857729060552806e-01 -8.944040274051383577e-01 -1.345731865444188269e-01 -4.532765955899511034e+00 -9.870589176385387020e+00 -1.662787581132748116e+01 3.974826085110175544e+00
1.621884477263829538e+01 -3.480209554295936147e+00 -5.633816916434676969e+00 -7.126371904034304983e+00 -1.561487307081734954e+01 4.343643807356362352e+00 -1.082705624648625742e+00 1.017351795076987386e+01 1.137424826613041118e+00 -8.354032185029623969e-01 -3.180162810145106267e-01 -4.549666510940499009e+00 -1.078194521554631002e+01 -1.597724567197662715e+01 3.385139274567499523e+00
1.753184648512831956e+01 -3.770168608331637916e+00 -4.916361599610262090e+00 -7.391287247934513083e+00 -1.486107237255953528e+01 4.420811352732246569e+00 -1.777006457459090916e+00 1.133386814646892127e+01 1.341148056323604676e+00 -4.464002253482739491e-01 -6.079753350502123954e-01 -3.832211194116084130e+00 -1.104686055944651812e+01 -1.522344497371881644e+01 3.378635765730703788e+00
