1.597782794065360168e+00 3.778408573606553578e+00 4.539234195874144895e+00 4.181175030829952455e+00 5.262094985244703871e+00 2.932937425778201934e+00 4.816206281341475659e+00 5.808081817862676743e+00 4.424633610350094060e+00 2.320041005626345409e+00 8.159318585480256347e-01 5.279000671409479040e+00 4.630420661313078945e+00 5.417343452671307347e+00 6.012885995899750036e+00
1.580682266305211581e+00 3.794831879493151927e+00 4.508070267223741823e+00 4.163420211453721542e+00 5.241160883477009591e+00 2.899157725868162228e+00 4.824506501727330310e+00 5.808073411613460024e+00 4.443622215673466158e+00 2.290442862076146113e+00 8.323551644346239842e-01 5.247836742759075968e+00 4.612665841936848032e+00 5.396409350903613955e+00 6.019442041822494538e+00
1.540737173946535643e+00 3.835994777743403805e+00 4.479510907874941772e+00 4.157132547005761403e+00 5.199576292607597239e+00 2.864654605377194851e+00 4.836894908087333356e+00 5.808789558060077240e+00 4.477606463732257680e+00 2.263454160061912024e+00 8.735180626848757512e-01 5.219277383410275917e+00 4.606378177488887005e+00 5.354824760034201603e+00 6.028639851821616880e+00
1.345956348150706861e+00 4.042428623131377741e+00 4.406797006434349129e+00 4.193247676579365368e+00 5.044478131356385120e+00 2.769028799874895252e+00 4.856428497327061500e+00 5.815324075932191583e+00 4.595550780403558910e+00 2.183494534020190336e+00 1.079951908072849465e+00 5.146563481969683274e+00 4.642493307062490082e+00 5.199726598782989484e+00 6.053886255302155739e+00
1.367345308340985666e+00 4.018486571576422861e+00 4.421977497347477026e+00 4.169749388011555702e+00 5.035612755904174342e+00 2.780970645174261957e+00 4.868388517153861450e+00 5.811424196090969829e+00 4.614370058358390203e+00 2.194995741756253782e+00 1.056009856517894363e+00 5.161743972882811171e+00 4.618995018494681304e+00 5.190861223330778706e+00 6.053530287579832248e+00
1.375599064689805084e+00 4.009174072331399330e+00 4.428203785832695694e+00 4.164719564903792026e+00 5.036671952772833194e+00 2.787186153949018586e+00 4.871958082397997991e+00 5.809977417275010048e+00 4.617357069787543900e+00 2.199927483481955548e+00 1.046697357272871054e+00 5.167970261368029838e+00 4.613965195386917628e+00 5.191920420199437558e+00 6.051440105482628340e+00
1.379903738338091657e+00 4.004602796271027110e+00 4.431421220521995608e+00 4.163903001344712251e+00 5.039724129191768043e+00 2.790796076821750571e+00 4.873163126229566267e+00 5.808898199881269875e+00 4.616842684151971632e+00 2.202468748443917601e+00 1.042126081212498612e+00 5.171187696057330641e+00 4.613148631827837853e+00 5.194972596618372407e+00 6.049614409326425246e+00
1.378803146735196661e+00 4.006378507359998231e+00 4.430915627854158600e+00 4.168014573055201843e+00 5.044522064567077635e+00 2.790980473467635559e+00 4.871461928661608987e+00 5.808169878137420916e+00 4.612774042298996235e+00 2.201746493002973981e+00 1.043901792301469511e+00 5.170682103389493633e+00 4.617260203538327445e+00 5.199770531993681999e+00 6.048237358288078624e+00
1.381166199129034489e+00 4.004238771493314530e+00 4.431542710028500309e+00 4.168301616753061545e+00 5.047794232178808294e+00 2.791985703844281019e+00 4.870737006625589949e+00 5.807920809860976696e+00 4.610391615857260206e+00 2.202385882367498660e+00 1.041762056434785810e+00 5.171309185563834454e+00 4.617547247236187147e+00 5.203042699605412658e+00 6.047687852482540372e+00
1.362842642421253192e+00 4.025600677663610405e+00 4.420317003198348083e+00 4.187595965638981177e+00 5.056823792770117620e+00 2.782529458346122198e+00 4.860312882287346703e+00 5.808478614852202071e+00 4.596132828976879026e+00 2.191899645616349090e+00 1.063123962605081463e+00 5.160083478733682227e+00 4.636841596122106779e+00 5.212072260196721984e+00 6.047183876620760401e+00
1.267632732940958462e+00 4.131629156090365740e+00 4.356459185092959707e+00 4.287802750509829508e+00 5.093167125116236704e+00 2.732301382109072030e+00 4.802348780556158658e+00 5.823010909953213243e+00 4.513881436508509815e+00 2.139549536102880900e+00 1.169152441031836354e+00 5.096225660628293852e+00 4.737048380992955110e+00 5.248415592542840180e+00 6.048153948989535955e+00
1.311811266494460781e+00 4.110766346691629103e+00 4.417880338013790542e+00 4.187026620655838194e+00 5.013652703095289986e+00 2.742774529029924135e+00 4.877030507598842490e+00 5.755745843998879785e+00 4.645934542920429955e+00 2.163017792816547935e+00 1.148289631633099495e+00 5.157646813549124687e+00 4.636272251138963796e+00 5.168901170521892574e+00 6.059174672966007869e+00
1.318564506094158872e+00 4.096272086945111468e+00 4.438113444099744953e+00 4.161093207276850059e+00 5.000115087216673082e+00 2.755609621286007282e+00 4.889028791293097420e+00 5.756406766708790812e+00 4.678699936344930421e+00 2.166323346167814190e+00 1.133795371886581416e+00 5.177879919635079098e+00 4.610338837759975661e+00 5.155363554643275670e+00 6.059183201441874722e+00
1.325580772823284459e+00 4.081415744795780398e+00 4.455232428590296223e+00 4.139639366981533897e+00 4.989901004089602132e+00 2.767429706710475834e+00 4.897344654137108400e+00 5.761446568044301664e+00 4.704238144502932428e+00 2.169631218326577571e+00 1.118939029737250124e+00 5.194998904125630368e+00 4.588884997464659499e+00 5.145149471516205608e+00 6.059354476573432180e+00
1.362057323103067263e+00 3.999994745963402210e+00 4.544349525611234952e+00 4.036477957243486792e+00 4.937134822213502083e+00 2.834002066089829963e+00 4.937631382577601258e+00 5.802090791255620772e+00 4.830939304611507445e+00 2.189495211520546381e+00 1.037518030904871935e+00 5.284116001146569097e+00 4.485723587726612394e+00 5.092383289640106447e+00 6.056846079668898319e+00
1.114641814791341723e+00 4.438990162464691913e+00 4.276059068863635737e+00 4.325607215229574365e+00 5.145873275624294862e+00 2.566051583381010914e+00 4.879617598347181229e+00 5.460983466366872818e+00 4.572688212712313849e+00 2.054307578046801197e+00 1.476513447406161417e+00 5.015825544398969882e+00 4.774852845712699079e+00 5.301121743050901003e+00 6.037707829523216496e+00
9.972571605173531362e-01 4.525447702206896849e+00 4.250460366288474567e+00 4.345792157942173439e+00 5.132289976873628312e+00 2.613112991820494280e+00 4.912867316086658498e+00 5.423084535441949683e+00 4.646252817620420750e+00 2.011608469181213277e+00 1.562970987148366131e+00 4.990226841823808712e+00 4.795037788425297265e+00 5.287538444300234453e+00 6.003242562272649963e+00
8.807764090291726466e-01 4.621266967499372491e+00 4.181639901646387436e+00 4.371816351362741493e+00 5.112671614509640250e+00 2.654534306010576827e+00 4.946631674595121098e+00 5.383617269011661044e+00 4.700654987800319873e+00 1.985679219418609920e+00 1.658790252440841773e+00 4.921406377181721581e+00 4.821061981845865319e+00 5.267920081936246390e+00 5.963199600111165566e+00
8.917585274074826263e-01 4.623155671260536614e+00 4.207262687801866186e+00 4.392044864534268456e+00 5.123060046855646199e+00 2.625079875336953972e+00 4.917089668856364781e+00 5.413196258671336913e+00 4.667716228625804042e+00 2.021407060031395808e+00 1.660678956202006118e+00 4.947029163337200330e+00 4.841290495017391393e+00 5.278308514282252339e+00 5.972918611405455991e+00
9.023948076240534411e-01 4.622888537779185292e+00 4.225780044745921060e+00 4.405305921073149555e+00 5.133390155591913029e+00 2.603698361798400196e+00 4.895722715552659920e+00 5.435415301769531915e+00 4.642961997493697091e+00 2.046316640876622017e+00 1.660411822720655239e+00 4.965546520281255205e+00 4.854551551556272493e+00 5.288638623018519169e+00 5.979892499137956285e+00
8.746462994037127459e-01 4.654604929492600185e+00 4.204646449660258689e+00 4.416854080578951347e+00 5.123018313597952123e+00 2.598797206223947498e+00 4.890822666065217206e+00 5.438856525616058590e+00 4.641396713099615212e+00 2.046515639164895095e+00 1.692128214434069911e+00 4.944412925195593722e+00 4.866099711062074284e+00 5.278266781024558263e+00 5.977983094802504560e+00
8.600874388119679192e-01 4.675098893515554188e+00 4.189366054971451980e+00 4.424120634420355636e+00 5.118545169497225267e+00 2.592810529863750713e+00 4.885536915133173785e+00 5.443703131682696039e+00 4.637047973924335764e+00 2.047680409197409457e+00 1.712622178457023470e+00 4.929132530506787013e+00 4.873366264903478573e+00 5.273793636923831407e+00 5.977310324888783555e+00
8.867885204820613598e-01 4.656826202665842018e+00 4.210068321547978165e+00 4.424183802001087074e+00 5.142594229865061095e+00 2.581875383938477597e+00 4.876865253081898111e+00 5.458214776683530722e+00 4.619337383466299407e+00 2.059712406567483001e+00 1.694349487607311078e+00 4.949834797083312310e+00 4.873429432484210011e+00 5.297842697291667236e+00 5.978459509236884628e+00
6.763270065695223821e-01 4.860429591357803503e+00 4.018147709581341154e+00 4.449281755412056505e+00 5.007029267224497815e+00 2.599960189479564310e+00 4.891185331367254641e+00 5.425358897472444930e+00 4.670273981607712344e+00 1.978378345340919608e+00 1.897952876299271896e+00 4.757914185116674410e+00 4.898527385895180331e+00 5.162277734651103955e+00 5.972521231987173884e+00
7.046178517058426793e-01 4.844601787057704279e+00 4.032257623711760885e+00 4.443160574803775020e+00 5.030312487065474514e+00 2.592349125261955045e+00 4.895415235762678563e+00 5.432607510178264043e+00 4.661269013747415535e+00 1.987417781453074017e+00 1.882125071999173116e+00 4.772024099247093254e+00 4.892406205286898846e+00 5.185560954492080654e+00 5.973307880371254264e+00
1.288271614716156588e+00 4.145989105398128594e+00 4.643723747143233105e+00 4.411658558558154475e+00 5.757053723430360037e+00 2.553151479097284238e+00 4.960860983769665999e+00 5.867143641795433240e+00 4.159152717521083176e+00 2.016295608180848742e+00 1.183512390339597875e+00 5.383490222678563697e+00 4.860904189041279189e+00 5.912302190856963513e+00 5.940415680181089009e+00
1.261657345936455066e+00 4.171812564122487466e+00 4.623681073138859787e+00 4.403149222791954642e+00 5.734805456384196809e+00 2.527822972196100526e+00 4.951836918435968293e+00 5.891492593764342978e+00 4.138622982377548887e+00 1.986002407416331605e+00 1.209335849063957413e+00 5.363447548674190379e+00 4.852394853275079356e+00 5.890053923810800285e+00 5.950830965018640839e+00
1.315091486953465338e+00 4.140787570407784557e+00 4.644924770401392955e+00 4.391427334206391642e+00 5.788449826872387405e+00 2.524735372148365187e+00 4.943463624893413844e+00 5.891101107114746327e+00 4.140403949554823271e+00 1.999150084083136214e+00 1.178310855349253838e+00 5.384691245936724435e+00 4.840672964689516355e+00 5.943698294298991769e+00 5.944808228895263724e+00
1.277377714712923717e+00 4.174119544561905926e+00 4.624939558391775840e+00 4.388680619829415264e+00 5.754347167642975158e+00 2.506252854194769508e+00 4.944950783625284174e+00 5.908647592183188912e+00 4.128797923007780035e+00 1.974485916138359443e+00 1.211642829503375207e+00 5.364706033927107320e+00 4.837926250312539977e+00 5.909595635069579522e+00 5.950844019778044114e+00
1.267221008327090725e+00 4.184881772116069598e+00 4.620741491371700427e+00 4.386373206881587272e+00 5.746689949195254776e+00 2.499345345027894183e+00 4.946101510788798450e+00 5.916220193989510712e+00 4.124916319084307226e+00 1.965717457245608424e+00 1.222405057057539324e+00 5.360507966907031907e+00 4.835618837364711986e+00 5.901938416621859140e+00 5.952900423279309905e+00
