3.356017536152339442e+00 5.409961845127338798e+00 8.751256303955997629e-01 5.241976778739243947e+00 4.686277374288485120e+00 3.319745614975522230e+00 5.487058150298690151e+00 4.321831208787480172e+00 2.705797715232459488e+00 2.875033514821549119e+00 1.326732057319415237e-01 5.334885678129667852e+00 1.509153627706183221e+00 4.644373296727451361e+00 4.892626150175349409e+00
2.926806509062946038e+00 5.779445992499992357e+00 9.755161561479032128e-01 5.021863555522164013e+00 4.993135018564640148e+00 3.218973865756879604e+00 5.199885140235460668e+00 4.084649932459768706e+00 2.242433657910162914e+00 3.340748988305211498e+00 5.021573531045969707e-01 5.435276203881969970e+00 1.289040404489105285e+00 4.951230941003612607e+00 4.595910119814622163e+00
2.914181435158470279e+00 5.796465519627322038e+00 9.403179731966385679e-01 5.009321866837641579e+00 4.959004526450663697e+00 3.202419683192993194e+00 5.183465252311775018e+00 4.064594507532872214e+00 2.224873761677164996e+00 3.372307898034820006e+00 5.191768802319243203e-01 5.400078020930695999e+00 1.276498715804583295e+00 4.917100448889637043e+00 4.632555094571669585e+00
2.799525964661517374e+00 5.850031140657671713e+00 1.831952599457726816e+00 4.777740962000064151e+00 5.849223276436497976e+00 3.458563890383657746e+00 5.477248193357602268e+00 4.375480017767349850e+00 2.532835991208816750e+00 2.956445403474483147e+00 5.727425012622745504e-01 6.291712647191785024e+00 1.044917810967006755e+00 5.807319198875470434e+00 3.734432887155255898e+00
3.465879533294983439e+00 5.423107694417082847e+00 1.005779043333871581e+00 5.459882243548041636e+00 5.051144140401095051e+00 3.218741298888295077e+00 5.119474633559520704e+00 4.221935312080095315e+00 2.211980597230950529e+00 2.829756935219414959e+00 1.458190550216850179e-01 5.465539091067930677e+00 1.727059092514983796e+00 5.009240062840066621e+00 4.596702128013992805e+00
1.023168106835141700e+01 -8.340089958042007368e-01 -5.576727627248004637e+00 1.170415956846391126e+01 3.749352880359786866e+00 6.084655817449394988e+00 1.220695946321523984e+01 1.196013669554000458e+01 7.233235186424404439e+00 -5.543656193733170312e+00 -6.111297635199595568e+00 -1.116967579513947761e+00 7.971336417430847199e+00 3.707448802798767318e+00 6.314038336615027447e+00
1.016186479771334739e+01 -8.997673176232711123e-01 -5.628688688422767150e+00 1.168671118951004395e+01 3.687543216656859801e+00 6.095662801261779506e+00 1.220020669632834753e+01 1.193624152101361346e+01 7.262007565549794208e+00 -5.511245604125290853e+00 -6.177055957018665389e+00 -1.168928640688709386e+00 7.953888038476979006e+00 3.645639139095840697e+00 6.282183477822763429e+00
1.009392832252397909e+01 -9.652753166697982667e-01 -5.683737059164929661e+00 1.165989093768688534e+01 3.622974974091087930e+00 6.101279692880360095e+00 1.219077260144511676e+01 1.190874398479208551e+01 7.282847349774021595e+00 -5.491529031473812772e+00 -6.242563956065192876e+00 -1.223977011430872563e+00 7.927067786653819503e+00 3.581070896530069270e+00 6.244866681000439179e+00
1.018834723599054648e+01 -8.560155246773393234e-01 -5.577268641622741718e+00 1.175472181525848292e+01 3.688395680884595684e+00 6.145807693665592097e+00 1.220008751094524690e+01 1.192951629692904980e+01 7.276020570303897372e+00 -5.481083847540840104e+00 -6.133304164072731268e+00 -1.117508593888685064e+00 8.021898664225416198e+00 3.646491603323576136e+00 6.264371656553811007e+00
1.012224169244040262e+01 -9.214953249235742216e-01 -5.636855382636668743e+00 1.172133627446933168e+01 3.630231841717732610e+00 6.144256443651672228e+00 1.219381886809980742e+01 1.191298616304930036e+01 7.308481946885767577e+00 -5.467301111242847789e+00 -6.198783964318966611e+00 -1.177095334902612089e+00 7.988513123436265850e+00 3.588327764156712174e+00 6.246677740714636329e+00
1.007649135758722991e+01 -9.674806142690688393e-01 -5.680911163129541919e+00 1.169287166564307867e+01 3.588478871721131114e+00 6.139634688192481704e+00 1.219011497586341086e+01 1.190284998122430338e+01 7.328578851597529642e+00 -5.462665406878633334e+00 -6.244769253664461672e+00 -1.221151115395484821e+00 7.960048514610011949e+00 3.546574794160110677e+00 6.233950755192556592e+00
9.721157461392223809e+00 -1.359333283630695721e+00 -6.083208090451361016e+00 1.132055167786027994e+01 3.369716995607559884e+00 5.973663238137786102e+00 1.218903619077151212e+01 1.189489334290023947e+01 7.420309876879714217e+00 -5.488926014760096450e+00 -6.636621923026087444e+00 -1.623448042717304141e+00 7.587728526827211439e+00 3.327812918046538559e+00 6.222564611534603607e+00
2.688858000532850312e+01 2.069032073466971156e+01 1.349849924477343421e+01 2.377089544473212612e+01 2.698195192977905776e+01 9.106128938703982101e+00 2.027056813405829772e+00 1.683325196652644351e+01 1.094104831333482153e+01 -4.759509691994139757e+00 1.541303209527436735e+01 1.795825929250757014e+01 2.003807229369909138e+01 2.694004785221803644e+01 2.449286315969610328e+01
2.701275535167797415e+01 2.060162666486517935e+01 1.359087981647159893e+01 2.368690616020209561e+01 2.695743321933091963e+01 9.081466778947609342e+00 2.037011048718004425e+00 1.684422687861706436e+01 1.098700583253828000e+01 -4.781363193275391055e+00 1.532433802546982449e+01 1.805063986420573485e+01 1.995408300916906441e+01 2.691552914176989475e+01 2.460978065639099555e+01
2.724028563417777349e+01 2.033752708645389973e+01 1.378250701366820508e+01 2.341500177524363124e+01 2.681960263059510652e+01 8.926228638337400767e+00 2.002601997893601826e+00 1.676250714764931971e+01 1.093013976657849362e+01 -4.861576751365157989e+00 1.506023844705854664e+01 1.824226706140233745e+01 1.968217862421060360e+01 2.677769855303408164e+01 2.479430837669627152e+01
2.730092945809159843e+01 2.027083879937931954e+01 1.384448713204234238e+01 2.333871290755790540e+01 2.680447315396714458e+01 8.879583025598588364e+00 2.030131697907425092e+00 1.675972119023206020e+01 1.095008088810796920e+01 -4.895811044145705893e+00 1.499355015998396468e+01 1.830424717977647475e+01 1.960588975652487775e+01 2.676256907640611615e+01 2.486349799589756415e+01
2.733038869231731383e+01 2.024121534779965970e+01 1.387026094459541881e+01 2.331040344660421582e+01 2.678992370095316389e+01 8.867142128277558655e+00 2.034332407005553289e+00 1.674934547642892113e+01 1.095648353975895084e+01 -4.906742207785995902e+00 1.496392670840428885e+01 1.833002099232955473e+01 1.957758029557117396e+01 2.674801962339214256e+01 2.488798077854243829e+01
2.706403890707118975e+01 2.025805742871732207e+01 1.352402156489194418e+01 2.336689830339016183e+01 2.707870659095692645e+01 8.688845761204095908e+00 2.215774342227911475e+00 1.702491311699066756e+01 1.090237678264502463e+01 -4.813894657756758733e+00 1.498076878932195299e+01 1.798378161262608188e+01 1.963407515235712353e+01 2.703680251339590157e+01 2.485603022073429713e+01
2.665135665450439006e+01 2.050465393857984253e+01 1.323048365120355996e+01 2.354175397047081475e+01 2.748613225100598711e+01 8.469415623894304801e+00 2.563482781554394574e+00 1.739397971494432582e+01 1.090081488977847179e+01 -4.723277696039867912e+00 1.522736529918447346e+01 1.769024369893769943e+01 1.980893081943777645e+01 2.744422817344496579e+01 2.473938794670864993e+01
7.344726481795686368e+01 -7.045050265758376895e+00 4.969710674248074156e+01 1.063376752680164650e+01 -1.561727218303925113e+01 7.006658543201503164e+00 -3.603405017449137659e+01 -1.402854453026073855e+01 6.261818939852712873e+00 -2.093110886678813642e+01 -1.232233890515400887e+01 5.415686679021496275e+01 6.900944375768624184e+00 -1.565917626060056378e+01 2.972780263914291865e+01
7.341703828706717161e+01 -7.055229262051928352e+00 4.975134074041108789e+01 1.063987100513191031e+01 -1.561091522551427424e+01 6.958972729591035744e+00 -3.605766073693449414e+01 -1.400452745382790098e+01 6.321245066507042765e+00 -2.087059960448489804e+01 -1.233251790144755944e+01 5.421110078814532329e+01 6.907047854098888884e+00 -1.565281930307557978e+01 2.972711376458388699e+01
9.857069202300978361e+01 -1.661234721522548696e-01 1.287178339180776732e+00 4.898193423531070678e+00 -2.126817379610867675e+01 5.198319128822132029e+01 -8.472884113978281562e+00 -4.176429321955649243e+01 -4.117136051038106359e+01 -6.853793654506664268e+01 -5.443412111547860199e+00 5.746938386915758201e+00 1.165370272498098991e+00 -2.131007787366987571e+01 3.301642593022408079e+01
9.769851627868125377e+01 -5.211976731959264142e-02 5.751210090306015932e-01 4.818024706072083774e+00 -2.088820366283357188e+01 5.226613984218850817e+01 -8.745852434116356378e+00 -4.163864649160196763e+01 -4.082897586864084616e+01 -6.767622748890984496e+01 -5.329408406715199220e+00 5.034881056765583729e+00 1.085201555039111643e+00 -2.093010774039477795e+01 3.338745909054691907e+01
9.790118473327517279e+01 1.825274956845348295e-01 5.485286455354854152e-01 4.964826072975272453e+00 -2.103098254766621977e+01 5.212036475995029150e+01 -8.538984393420117058e+00 -4.121676720138780325e+01 -4.047632939516563511e+01 -6.805771385813442009e+01 -5.094761143711070694e+00 5.008288693270469771e+00 1.232002921942299878e+00 -2.107288662522742584e+01 3.348585246244915936e+01
9.774731597080175050e+01 -2.604159536206498982e-02 6.260921243454354856e-01 4.758538738070604346e+00 -2.095621849003997283e+01 5.234076447986172553e+01 -8.759069372071827786e+00 -4.148420218139994375e+01 -4.072115105240290944e+01 -6.788006551883572115e+01 -5.303330234757659412e+00 5.085852172080413958e+00 1.025715587037630661e+00 -2.099812256760119666e+01 3.324556701010084225e+01
9.774263287142305501e+01 -4.646420590057470656e-02 6.290168938643443397e-01 4.746055428283397326e+00 -2.094544534194008634e+01 5.234082226409103811e+01 -8.755041272380026385e+00 -4.149245823071267125e+01 -4.071971779992899343e+01 -6.785901233814615807e+01 -5.323752845296169767e+00 5.088776941599323145e+00 1.013232277250424085e+00 -2.098734941950130306e+01 3.324648397718819126e+01
9.746281609623542863e+01 -4.288583260169312461e-01 6.334446649973141108e-01 4.502423722501170289e+00 -2.077611076584637928e+01 5.262739858777551660e+01 -9.141305537684393911e+00 -4.217084173843498718e+01 -4.117493225050083794e+01 -6.715245414300709115e+01 -5.706146965412527194e+00 5.093204712732293693e+00 7.696005714681970478e-01 -2.081801484340759600e+01 3.326245965218231504e+01
9.734647366303907745e+01 -2.649818220456328643e-01 4.770970781115972947e-01 4.575911767841275513e+00 -2.082874888008880987e+01 5.261899539778315926e+01 -9.151769375134456652e+00 -4.215628518730795804e+01 -4.104079328612642996e+01 -6.719170329893805160e+01 -5.542270461441229479e+00 4.936857125846577432e+00 8.430886168083024934e-01 -2.087065295765002659e+01 3.342186690434614604e+01
9.736381608440025559e+01 -2.779903683487312538e-01 4.926284665284078601e-01 4.570015150979356733e+00 -2.082537920900686856e+01 5.261889482678331831e+01 -9.147518315704617820e+00 -4.214747180038376229e+01 -4.104217040847624531e+01 -6.720053960793713088e+01 -5.555279007744327480e+00 4.952388514263387442e+00 8.371919999463840467e-01 -2.086728328656808884e+01 3.340757288453759344e+01
9.731951894681512272e+01 -2.958699805902551550e-01 4.833856870610518941e-01 4.623229316288628432e+00 -2.088239814149492446e+01 5.261746882724539631e+01 -9.152615793923448706e+00 -4.224109677634628923e+01 -4.123302477375845854e+01 -6.711733282364200193e+01 -5.573158619985852269e+00 4.943145734796031476e+00 8.904061652556585216e-01 -2.092430221905615539e+01 3.340020338057581029e+01
