4.722708223589753729e+00 2.505307910156900686e+00 3.661203174658138160e+00 4.355811454349141520e+00 5.406828555511939527e+00 4.515673003377800754e+00 5.482696433185718199e+00 6.076323651114725166e+00 4.692043077946216556e+00 8.683313299558563791e-01 3.703725112956782084e+00 1.728078116949294918e+00 4.799307005316101105e+00 2.392238257774113031e+00 5.135744527935254489e+00
4.740966411912685530e+00 2.501795182005031482e+00 3.645971779490607023e+00 4.337778131819850280e+00 5.415618074662269521e+00 4.505249070194430772e+00 5.473604063155258714e+00 6.079355310427732917e+00 4.686123877892778289e+00 8.858976279255760256e-01 3.700212384804912880e+00 1.712846721781763559e+00 4.781273682786809864e+00 2.401027776924443025e+00 5.137177209944517209e+00
4.761006937474030920e+00 2.498165508347299557e+00 3.627131128130337334e+00 4.316853126415929331e+00 5.427969605519208152e+00 4.492689452446878562e+00 5.462740203524160343e+00 6.080681809676876881e+00 4.682059051664847260e+00 9.063282529441906155e-01 3.696582711147180955e+00 1.694006070421494314e+00 4.760348677382888027e+00 2.413379307781382099e+00 5.138995934495230067e+00
4.808332032693305003e+00 2.487547173103759501e+00 3.597837697769973975e+00 4.275451426472767658e+00 5.437546803121255046e+00 4.466647174540756993e+00 5.440325449623258258e+00 6.102751065292250310e+00 4.645906376109492975e+00 9.459231378751939978e-01 3.685964375903641344e+00 1.664712640061130955e+00 4.718946977439726354e+00 2.422956505383428993e+00 5.136213575463399295e+00
4.851024028129654830e+00 2.479812557468533907e+00 3.564540256657784845e+00 4.234557493197969258e+00 5.458221909001046868e+00 4.437199275305401258e+00 5.415401415787832740e+00 6.115918811974968783e+00 4.620326538577066877e+00 9.845097063044181418e-01 3.678229760268415749e+00 1.631415198948941825e+00 4.678053044164927954e+00 2.443631611263220371e+00 5.134259579879762114e+00
4.881824647849469123e+00 2.475269861178166941e+00 3.536842662938936677e+00 4.202129091621138457e+00 5.479012902789154538e+00 4.410281765032417312e+00 5.392461029695742702e+00 6.122318555973614629e+00 4.603027415410362089e+00 1.015781032038278742e+00 3.673687063978048783e+00 1.603717605230093657e+00 4.645624642588097153e+00 2.464422605051328041e+00 5.133210554440926998e+00
5.124437608689614621e+00 2.460071627672792083e+00 3.371678355550514539e+00 3.993169463388190898e+00 5.629690649719795381e+00 4.222811286427351263e+00 5.235197441073522029e+00 6.215046113584338450e+00 4.457179369155118032e+00 1.228935624947861349e+00 3.658488830472673925e+00 1.438553297841671741e+00 4.436665014355149594e+00 2.615100351981968441e+00 5.097926162091829916e+00
5.097889622934325793e+00 2.441123113235887487e+00 3.391959397913550500e+00 4.012718873620237936e+00 5.625936149135720932e+00 4.270008268069348745e+00 5.276634662365954576e+00 6.225634030874005909e+00 4.456753189127232062e+00 1.193609298453377487e+00 3.639540316035769330e+00 1.458834340204707480e+00 4.456214424587196632e+00 2.611345851397893547e+00 5.098258095472218976e+00
5.076113527525075497e+00 2.437371421542239514e+00 3.407170679254237999e+00 4.027795264438483791e+00 5.622532574525991755e+00 4.287953694179419628e+00 5.289498150225056428e+00 6.229313793873635596e+00 4.452298929774979541e+00 1.169750944593303421e+00 3.635788624342121356e+00 1.474045621545394980e+00 4.471290815405442487e+00 2.607942276788164371e+00 5.093643902910887533e+00
6.058871636884056500e+00 3.211113503693764137e+00 2.954929385501039896e+00 3.538212649663194043e+00 6.162469465737060226e+00 2.441244350708813293e+00 3.749326479178710869e+00 6.009046198048660692e+00 4.395696051582962838e+00 2.631702945135252936e+00 4.409530706493645980e+00 1.021804327792195100e+00 3.981708200630152739e+00 3.147879167999230621e+00 4.783392386685325626e+00
4.516719280668372249e+00 2.757699197397810220e+00 2.576896646456377393e+00 2.899990391373743925e+00 3.436312598465173007e+00 1.563704136460875915e+00 1.173762617547156495e+00 6.744722522683019861e+00 2.756470798452868021e+00 4.044381166935916205e+00 3.956116400197694727e+00 6.437715887475360388e-01 3.343485942340699513e+00 4.217223007273434021e-01 6.821957923384101008e+00
4.728198677197147148e+00 2.714859400671465028e+00 2.397655374421669094e+00 2.793880793006072061e+00 3.607438321615578758e+00 1.614267800308314182e+00 1.325876443307860253e+00 6.575557434576286830e+00 2.597004116424226350e+00 4.111818680210676646e+00 3.913276603471349535e+00 4.645303167128276289e-01 3.237376343973027648e+00 5.928480238777492639e-01 6.616674159448909798e+00
4.637224252312783790e+00 2.722639985286733566e+00 2.557649879584015462e+00 3.006061151762759565e+00 3.527890068526409628e+00 1.537750076383044728e+00 1.212328766150896353e+00 6.549904090155866498e+00 2.475862431781381989e+00 4.106904134113208649e+00 3.921057188086618517e+00 6.245248218751741076e-01 3.449556702729715596e+00 5.132997707885806893e-01 6.743164290775705894e+00
5.043640187482800741e+00 2.687181021994516694e+00 2.150427390992712962e+00 2.652329929131227448e+00 3.890316552046392928e+00 1.570175517126555009e+00 1.381405848647146772e+00 6.362992955644979354e+00 2.204888830254480681e+00 4.367682001811188819e+00 3.885598224794402089e+00 2.173023332838718291e-01 3.095825480098183480e+00 8.757262543085639894e-01 6.432105183155390371e+00
4.953001010902970513e+00 2.647574466790535208e+00 2.223182940448568345e+00 2.720955272973013539e+00 3.787507772707915610e+00 1.525632008204941270e+00 1.320113713364435837e+00 6.402585545329911199e+00 2.196020174265466363e+00 4.368845655923094817e+00 3.845991669590420603e+00 2.900578827397273796e-01 3.164450823939969570e+00 7.729174749700867819e-01 6.455324399596359619e+00
4.983589735461404935e+00 2.650835873512694896e+00 2.188475950878495446e+00 2.685549378513284235e+00 3.811406133785610439e+00 1.518149212352196908e+00 1.315148046050164554e+00 6.403995238809512713e+00 2.190327645223942188e+00 4.391391929380335846e+00 3.849253076312580291e+00 2.553508931696545359e-01 3.129044929480240711e+00 7.968158360477815005e-01 6.457532368842182180e+00
4.975622558563521203e+00 2.646527406961786344e+00 2.193389709916307329e+00 2.689232929894443735e+00 3.798475777136356424e+00 1.506542578743471417e+00 1.302890948483908629e+00 6.411204042003659787e+00 2.193031817939050665e+00 4.397308343856082047e+00 3.844944609761671739e+00 2.602646522074663071e-01 3.132728480861399767e+00 7.838854793985275959e-01 6.463055575086822380e+00
5.120810785821213962e+00 2.671348914307261957e+00 2.039007383581778576e+00 2.537508385187264626e+00 3.926452252993970937e+00 1.523421077235701526e+00 1.330202792148719615e+00 6.400974486360293980e+00 2.167289000840195268e+00 4.451775059241094290e+00 3.869766117107147352e+00 1.058823258729375549e-01 2.981003936154221101e+00 9.118619552561421093e-01 6.451325464302550827e+00
5.069169717656383689e+00 2.669082358006991562e+00 2.088377529843944647e+00 2.584396470405891044e+00 3.887725821888436961e+00 1.524764963121352235e+00 1.319469075677669911e+00 6.393448217784349907e+00 2.141165115104681327e+00 4.423695982931840298e+00 3.867499560806877401e+00 1.552524721351041526e-01 3.027892021372847964e+00 8.731355241506080223e-01 6.443543692991339888e+00
5.024491967279448801e+00 2.663929394521096228e+00 2.129955776051959404e+00 2.623513149665581690e+00 3.850906810953975690e+00 1.520614938933244842e+00 1.305381143654682052e+00 6.390152653780213576e+00 2.121913000168333063e+00 4.406028352190251240e+00 3.862346597320982067e+00 1.968307183431186325e-01 3.067008700632538609e+00 8.363165132161466397e-01 6.438167697945815782e+00
5.180028711152577792e+00 2.698222132204664003e+00 1.973646410281068686e+00 2.475338564456892598e+00 3.989414868944567871e+00 1.549393710434545435e+00 1.357269707640954115e+00 6.394793338056671494e+00 2.152604117236206704e+00 4.439465296718499765e+00 3.896639335004549842e+00 4.052135257222780340e-02 2.918834115423849962e+00 9.748245712067384883e-01 6.440668969408119615e+00
5.299786611541840387e+00 2.731585387230017758e+00 1.899447972146035335e+00 2.421774551213181415e+00 4.170577610952937775e+00 1.609422548948499232e+00 1.418486715156752398e+00 6.425005541450315327e+00 2.421072610477038367e+00 4.413211551148418899e+00 3.930002590029903597e+00 -3.367708556280495091e-02 2.865270102180139666e+00 1.155987313215108170e+00 6.563072533050043234e+00
5.282708801354738526e+00 2.734792728696433972e+00 2.014953854044462922e+00 2.577313429083844643e+00 4.312543085028057277e+00 1.598810157055716941e+00 1.236730854881514574e+00 6.414448461603729612e+00 2.679010578156790334e+00 4.414493506827801284e+00 3.933209931496317591e+00 8.182879633562557820e-02 3.020808980050804671e+00 1.297952787290225229e+00 6.677966331832915436e+00
5.674955259131811758e+00 2.674513780058803025e+00 1.341210980894935290e+00 1.874062041659331435e+00 5.424107378144713998e+00 1.470119540488814325e+00 4.939040012329143359e-02 6.445965305286007307e+00 4.383381061551144597e+00 4.323397822484588815e+00 3.872930982858686200e+00 -5.919140768139028452e-01 2.317557592626293239e+00 2.409517080406880840e+00 6.479632290616841317e+00
5.394959644882397320e+00 2.876636295708480784e+00 1.554597185576358065e+00 2.077956734551925422e+00 5.396642029331178314e+00 1.731091855638391408e+00 2.439493032266609185e-01 6.299327203642287820e+00 4.638974735844647590e+00 4.228450731663452089e+00 4.075053498508363958e+00 -3.785278721324805140e-01 2.521452285518887226e+00 2.382051731593345156e+00 6.272851110978812095e+00
5.605808382338474338e+00 2.909769985127331982e+00 1.507996642589297442e+00 2.028444391711224259e+00 5.709465850604317438e+00 2.049539604431658724e+00 4.048826277760491088e-01 6.618418381991880040e+00 4.936017380943821919e+00 4.245196402947777337e+00 4.108187187927215156e+00 -4.251284151195411365e-01 2.471939942678186064e+00 2.694875552866484281e+00 6.105637442766269629e+00
5.601601372446300076e+00 2.869643944360153132e+00 1.477963355683613145e+00 2.000124691909619390e+00 5.690545761032625549e+00 2.019388371812046223e+00 3.672525237637195294e-01 6.610191108233915536e+00 4.926178569951095376e+00 4.268485003588711635e+00 4.068061147160036306e+00 -4.551617020252254897e-01 2.443620242876581194e+00 2.675955463294792835e+00 6.114056402251017985e+00
5.455437518966585131e+00 2.565397591265742960e+00 1.322023022060068165e+00 1.912652134411371385e+00 5.511768931212022160e+00 1.794036236810373719e+00 2.444687553512159273e-02 6.525471101613772085e+00 4.854875867191233318e+00 4.299419374428278040e+00 3.763814794065625691e+00 -6.111020356487708582e-01 2.356147685378333190e+00 2.497178633474189446e+00 6.246466316522036877e+00
5.307426131716328932e+00 2.515971428887214589e+00 1.275189036359548611e+00 1.851523441780100754e+00 5.465231495950925833e+00 1.866331659296156076e+00 8.087004605863791495e-02 6.317135075971440195e+00 4.903222208839638441e+00 4.296452917591517817e+00 3.714388631687097320e+00 -6.579360213492904119e-01 2.295018992747062558e+00 2.450641198213093119e+00 6.176512783819577912e+00
5.675545795970323049e+00 3.022829106113341879e+00 1.812948045267847252e+00 2.427927360194726880e+00 5.437772861666156032e+00 1.749790414901443381e+00 -1.741652039169905297e-01 7.408281473831889841e+00 4.960156303638163955e+00 4.081704928606487925e+00 4.221246308913224610e+00 -1.201770124409916596e-01 2.871422911161687797e+00 2.423182563928323319e+00 6.383636760233211582e+00
