5.109672082572926932e+00 1.690200329906386578e+00 3.851076866359824713e+00 2.066382664838206651e+00 6.156243047290479886e+00 2.962621616058975782e+00 4.375345897012670626e+00 1.423377293302227953e+00 5.014924952728723184e+00 1.362911379615370011e+00 1.988207437632299124e+00 3.254851841285127723e+00 2.258614971380283609e-01 2.317549085528290753e+00 2.516969698227872421e+00
5.063721751734482801e+00 1.761020499846989384e+00 3.896151452838625406e+00 1.887931539214354970e+00 6.283128008461697611e+00 3.298825953101240938e+00 4.027994184547289080e+00 1.125873737031573452e+00 5.257352370590293589e+00 1.422636804346388395e+00 2.059027607572902152e+00 3.299926427763928416e+00 4.741037151417634710e-02 2.444434046699508034e+00 2.870220260631863862e+00
5.070677711721632619e+00 1.756879664985149470e+00 3.885533247684619162e+00 1.908893941463986721e+00 6.272026674297115356e+00 3.251787048080402531e+00 4.075801193556109148e+00 1.161989333415017978e+00 5.220504213198768895e+00 1.426576082968574744e+00 2.054886772711062015e+00 3.289308222609922172e+00 6.837277376380758442e-02 2.433332712534925779e+00 2.819991278753457564e+00
5.118862649738778359e+00 1.713537274287801448e+00 3.902595085028000454e+00 1.984035792944908838e+00 6.195786867799790265e+00 3.142986597226411494e+00 4.189468517942845693e+00 1.306047708606367763e+00 5.187391458264782429e+00 1.411813773227062141e+00 2.011544382013715992e+00 3.306370059953303020e+00 1.435146252447305204e-01 2.357092906037599800e+00 2.703005753190060201e+00
5.189284518960312731e+00 1.643176646444642897e+00 3.896740674092295187e+00 1.968002831492599247e+00 6.130278152078545872e+00 3.069189654704592485e+00 4.252905639755081069e+00 1.360260610296985417e+00 5.109258489998683928e+00 1.376401941484471481e+00 1.941183754170558551e+00 3.300515649017597752e+00 1.274816637924206797e-01 2.291584190316354963e+00 2.631830970402843750e+00
5.369353599244647057e+00 1.459756286948510784e+00 3.944305347119428706e+00 1.988277553019281552e+00 5.929434537741542499e+00 2.921309620329137324e+00 4.407301776508282032e+00 1.553400054650215356e+00 5.021171452087215492e+00 1.269071957462210243e+00 1.757763394674426216e+00 3.348080322044731272e+00 1.477563853191030951e-01 2.090740575979352478e+00 2.484251777409403061e+00
5.372523400413729888e+00 1.464065276777174907e+00 3.932648224032054607e+00 1.957170624148763860e+00 5.945152900788474248e+00 2.948338341470425839e+00 4.377663218234655318e+00 1.546683759314140483e+00 5.019699288832565998e+00 1.306022766175539473e+00 1.762072384503090561e+00 3.336423198957356728e+00 1.166494564485857643e-01 2.106458939026284227e+00 2.483879776502183834e+00
5.501173579406242631e+00 1.328238209108590251e+00 4.066395281682120277e+00 1.996509088810308974e+00 5.779307367904350734e+00 2.820116604463219101e+00 4.507868725955113121e+00 1.742279197750920217e+00 5.056511829884922093e+00 1.206492523368208225e+00 1.626245316834505239e+00 3.470170256607422399e+00 1.559879211101302121e-01 1.940613406142162489e+00 2.426093824543850364e+00
5.504693995825112651e+00 1.329819863160170534e+00 4.038441915512381186e+00 1.986277529789892693e+00 5.789973899519425871e+00 2.838654127977163544e+00 4.492585755644609158e+00 1.737431301458288502e+00 5.034287744361520822e+00 1.220173804507658666e+00 1.627826970886085300e+00 3.442216890437683308e+00 1.457563620897142642e-01 1.951279937757236738e+00 2.409274480616293790e+00
5.516863527917716503e+00 1.326741383468556856e+00 3.960816004550851144e+00 1.963216460213801584e+00 5.811314928807207458e+00 2.881171083451579129e+00 4.456051425834846924e+00 1.722048890584900294e+00 4.971652532991198470e+00 1.252107660674506961e+00 1.624748491194472066e+00 3.364590979476152821e+00 1.226952925136231692e-01 1.972620967045018103e+00 2.363758329747054798e+00
5.965707349965486017e+00 1.067455785262913626e+00 2.406253664792110225e+00 1.425213340933424000e+00 6.220890242954320470e+00 3.803747726566503395e+00 3.671354451629295745e+00 1.400758729821331761e+00 3.556461105607386042e+00 1.871269249048172378e+00 1.365462892988829724e+00 1.810028639717413235e+00 -4.153078267667553169e-01 2.382196281192131337e+00 1.290123603251621898e+00
6.004027695791938513e+00 1.077729515818877770e+00 2.419236206150714441e+00 1.423489854932919796e+00 6.195450724869601800e+00 3.784759739422705049e+00 3.630850581090970142e+00 1.483036703597593764e+00 3.597739484585383618e+00 1.864912899009517178e+00 1.375736623544792092e+00 1.823011181076017229e+00 -4.170313127672580777e-01 2.356756763107414887e+00 1.381823300889005735e+00
6.010857562235417006e+00 1.078031170628382052e+00 2.415901271127593564e+00 1.423109013924877431e+00 6.191424073002490758e+00 3.781367199594136252e+00 3.621193761761372976e+00 1.496168927659736081e+00 3.596994120304526366e+00 1.864868777330320970e+00 1.376038278354296596e+00 1.819676246052895019e+00 -4.174121537753009425e-01 2.352730111240303401e+00 1.398022810025537410e+00
6.032676657112459928e+00 1.081434856196531236e+00 2.412644036220403354e+00 1.422314044818846712e+00 6.178505221417943005e+00 3.769774905385137487e+00 3.593113161130716993e+00 1.539250118057129191e+00 3.607909330697012251e+00 1.864884094792174540e+00 1.379441963922445780e+00 1.816419011145705253e+00 -4.182071228813308283e-01 2.339811259655755649e+00 1.448356608621177433e+00
6.208952273904021268e+00 1.113897151357602811e+00 2.305225640917254459e+00 1.411952808955680316e+00 6.087418353630743795e+00 3.650552297258702783e+00 3.303954458357615032e+00 1.883467078192386124e+00 3.630365053532916608e+00 1.888374089708652948e+00 1.411904259083513136e+00 1.709000615842551918e+00 -4.285683587444981679e-01 2.248724391868554218e+00 1.866073275210725857e+00
6.237348647094543175e+00 1.131192013056816714e+00 2.301227482543139136e+00 1.400788142523225810e+00 6.059048422080789642e+00 3.644171506357990697e+00 3.257980012224737099e+00 1.974853197415693762e+00 3.670430135956046502e+00 1.937367141997044850e+00 1.429199120782727261e+00 1.705002457468436594e+00 -4.397330251769527854e-01 2.220354460318599621e+00 1.943793049294815667e+00
6.276571650167792171e+00 1.147925259200454740e+00 2.296096790001904253e+00 1.387037298469816049e+00 6.020210414292460399e+00 3.639192513345519409e+00 3.200406049097746841e+00 2.087335316217579617e+00 3.721288010596213169e+00 2.001378416353992051e+00 1.445932366926365065e+00 1.699871764927201934e+00 -4.534838692303623797e-01 2.181516452530270378e+00 2.038101837921433290e+00
7.303958570443219500e+00 8.566169613633412006e-01 2.671791855260582160e+00 1.110910729298851596e+00 5.566234937490039947e+00 3.628646724477323282e+00 2.313282224929448905e+00 3.690223723924782817e+00 4.688115309922940455e+00 2.839421478906239305e+00 1.154624069089251304e+00 2.075566830185879397e+00 -7.296104384013262223e-01 1.727540975727849926e+00 3.459802345104074028e+00
7.362412886792415456e+00 7.663067625607762334e-01 2.666476148568015514e+00 1.161230209265441182e+00 5.457692026833690591e+00 3.506864044126866364e+00 2.395223229195453829e+00 3.818838261369157383e+00 4.784991250742642421e+00 2.849896368613701991e+00 1.064313870286686559e+00 2.070251123493313195e+00 -6.792909584347367469e-01 1.618998065071500347e+00 3.595517139682659291e+00
2.635780081597725300e+01 1.602546435722193863e+01 3.654478814989566615e+01 -8.462935624708575233e+01 5.957784829287245287e+01 1.106845367861623544e+02 -5.559946871344349972e+01 -5.340302124794534677e+01 -4.048427232351273375e+01 4.471608842180644672e+01 1.632347146494785051e+01 3.594856312482092164e+01 -8.646987741478594103e+01 5.573915433111019269e+01 -6.259178724475765421e+01
2.647598114184649276e+01 1.605682235662169788e+01 3.697563951244583791e+01 -8.505932044169641415e+01 5.992546131244159113e+01 1.111175701825573867e+02 -5.551131668691390786e+01 -5.344282932591006841e+01 -4.017039109204056047e+01 4.471826650356727839e+01 1.635482946434760976e+01 3.637941448737108630e+01 -8.689984160939661706e+01 5.608676735067933095e+01 -6.209605756737153825e+01
2.650445251690851123e+01 1.606670145663889926e+01 3.706819456608843666e+01 -8.515330501117956885e+01 6.002781740152523327e+01 1.112161443368494815e+02 -5.548719255986692644e+01 -5.341513204270939497e+01 -4.016122748213484783e+01 4.471426484943330593e+01 1.636470856436481114e+01 3.647196954101368505e+01 -8.699382617887977176e+01 5.618912343976297308e+01 -6.200423969854452366e+01
2.667852105479677149e+01 1.598689695032306446e+01 3.680325538979123934e+01 -8.488737996827222787e+01 5.967153594533788663e+01 1.108152796892740923e+02 -5.579400919997942765e+01 -5.332242103668401967e+01 -4.042053438303300084e+01 4.497278396167246939e+01 1.628490405804896923e+01 3.620703036471649483e+01 -8.672790113597244499e+01 5.583284198357563355e+01 -6.226552127648170654e+01
2.547747455302375386e+01 1.710221305435268846e+01 3.672171836204861961e+01 -8.487697674299920436e+01 5.901632255948180728e+01 1.109672541215465458e+02 -5.518091022482330743e+01 -5.431515327147739214e+01 -3.993341193239498921e+01 4.536139026866597845e+01 1.740022016207859679e+01 3.612549333697388221e+01 -8.671749791069944990e+01 5.517762859771964656e+01 -6.149499840746301516e+01
2.254230434163424235e+01 1.858126615802802917e+01 3.934752366238890886e+01 -8.590262609279700712e+01 5.841047195813274584e+01 1.111718090976535080e+02 -5.522242605989318776e+01 -5.513979856087440368e+01 -4.240027603466335648e+01 4.590164045127317394e+01 1.887927326575393749e+01 3.875129863731415014e+01 -8.774314726049728108e+01 5.457177799637058513e+01 -6.437018865650860278e+01
2.255742490158249325e+01 1.858049721888680850e+01 3.934728191092708727e+01 -8.591219917308251297e+01 5.841148891485957506e+01 1.111728535960081246e+02 -5.521373252632130146e+01 -5.514502012203696069e+01 -4.238622898927731342e+01 4.591506150358150506e+01 1.887850432661272038e+01 3.875105688585232855e+01 -8.775272034078278693e+01 5.457279495309740724e+01 -6.436287355521558595e+01
2.242449225264985557e+01 1.860592814245066862e+01 3.916819538870571193e+01 -8.595113139493312815e+01 5.837746854944578700e+01 1.111467912560160300e+02 -5.525378509917594272e+01 -5.506872809292441673e+01 -4.252700204291949149e+01 4.577351390721857172e+01 1.890393525017658050e+01 3.857197036363096032e+01 -8.779165256263341632e+01 5.453877458768361919e+01 -6.429710241915242364e+01
2.228041871837314858e+01 1.859133781708989375e+01 3.906806097480062334e+01 -8.594429743206752903e+01 5.836227422565926304e+01 1.111270906252724444e+02 -5.532699889341915878e+01 -5.501107199233356937e+01 -4.268156611058687844e+01 4.562726282033306546e+01 1.888934492481580563e+01 3.847183594972587173e+01 -8.778481859976781720e+01 5.452358026389710233e+01 -6.425652727071683046e+01
2.143715960707023527e+01 1.861604520418428521e+01 3.833899489862520937e+01 -8.595856956431109097e+01 5.825496755713476915e+01 1.110583877103269401e+02 -5.564890012836045941e+01 -5.459996245933976411e+01 -4.357414726151186812e+01 4.475976765968399462e+01 1.891405231191019709e+01 3.774276987355046487e+01 -8.779909073201136493e+01 5.441627359537260844e+01 -6.401039037103922169e+01
2.155129108181284536e+01 1.860232339245971644e+01 3.842623987422740583e+01 -8.593101245903750396e+01 5.828556529652164642e+01 1.110317838593832676e+02 -5.565397483555270952e+01 -5.466024235822950317e+01 -4.345287698986337688e+01 4.486902279860836273e+01 1.890033050018562122e+01 3.783001484915271107e+01 -8.777153362673777792e+01 5.444687133475948571e+01 -6.402526087268259403e+01
