2.080694500708999861e+00 3.802340764840992815e+00 1.206222050383821909e+00 4.791546325587304089e+00 2.652702947973634817e+00 4.101959610657305078e+00 8.405520939191122309e-01 2.725475647389814515e+00 5.820879827333849121e+00 5.050679237347885042e+00 6.093431615519814493e+00 4.700686928687699329e+00 1.982241639687487123e+00 9.106056422897098601e-01 3.545982761877862099e+00
2.079903462709368878e+00 3.720712095093768657e+00 1.217948407344906503e+00 4.844268672650204444e+00 2.684603318076561163e+00 4.132638303887396170e+00 8.158905280513134572e-01 2.651800986181446884e+00 5.783057797046892823e+00 5.024469586726194592e+00 6.011802945772590334e+00 4.712413285648784367e+00 2.034963986750387477e+00 9.425060123926359834e-01 3.549514303098516343e+00
2.229549293271673616e+00 4.181669828522615262e+00 1.054187688318205085e+00 4.576430372764900056e+00 2.832678376002553122e+00 3.955594000230777230e+00 9.748644478229652188e-01 3.125434216190924985e+00 5.813823182013716284e+00 5.457023569162376297e+00 6.472760679201436496e+00 4.548652566622083171e+00 1.767125686865083534e+00 1.090581070318627610e+00 3.567856793732305576e+00
2.202387782310011310e+00 4.100619513660417326e+00 1.197325707737167955e+00 4.438958509703139654e+00 2.923609659654468729e+00 3.810941889229264579e+00 1.070081289996669627e+00 2.930408926809780823e+00 5.601680465377286033e+00 5.511087621342194431e+00 6.391710364339238559e+00 4.691790586041046041e+00 1.629653823803323132e+00 1.181512353970542994e+00 3.552821468943571759e+00
2.178279182312115925e+00 4.214262682152154049e+00 1.140743153018020095e+00 4.471171527743422303e+00 2.799235717377837496e+00 3.821910777738024567e+00 1.013454043668205573e+00 2.952087652452770161e+00 5.569698899449162077e+00 5.482970741690586181e+00 6.505353532830975283e+00 4.635208031321898403e+00 1.661866841843605780e+00 1.057138411693911983e+00 3.525568994705187809e+00
2.237600282945503505e+00 4.140197521562950733e+00 1.109851722362094506e+00 4.514450682993759401e+00 2.890715765771087131e+00 3.816931027759709494e+00 1.065243762387409809e+00 2.984208745405792396e+00 5.613954071384084088e+00 5.480661981455038578e+00 6.431288372241771967e+00 4.604316600665972814e+00 1.705145997093942878e+00 1.148618460087161841e+00 3.589754410779386617e+00
3.531076314557776819e+00 -2.236208467561798585e+00 7.714847920858881380e+00 -6.566633155210004347e-01 1.257100606899619422e+01 -5.233889795732444838e-01 6.009622168795476504e+00 -1.615758902940178654e+00 2.325730441854119146e+00 7.223635324072001040e+00 5.488238311698978578e-02 1.120931279916276324e+01 -3.465968001420821398e+00 1.082890876331227581e+01 5.299885061525698049e+00
3.529443383618708019e+00 -2.262494906811062023e+00 7.697509438687381689e+00 -6.423789248876734526e-01 1.260889028294656455e+01 -5.491928670056035466e-01 6.051484236599910638e+00 -1.574569095531960006e+00 2.320360899579957614e+00 7.184056023407837444e+00 2.859594386772662533e-02 1.119197431699126355e+01 -3.451683610787494416e+00 1.086679297726264437e+01 5.322640925304468418e+00
3.951070383825676657e+00 -2.257269022688711768e+00 7.878978882429270136e+00 -3.614581632797733701e-01 1.328891386254192497e+01 -1.086572058536057206e+00 6.775853027211809376e+00 -8.611442114454845864e-01 1.872294985954716218e+00 6.603377038048297010e+00 3.382182799007634605e-02 1.137344376073315466e+01 -3.170762849179593168e+00 1.154681655685800656e+01 5.831842421224139095e+00
4.000474703779891783e+00 -2.305535351406805322e+00 7.822628360509432000e+00 -4.030829189073882879e-01 1.327397433156321327e+01 -1.158050862956688354e+00 6.846730499686742633e+00 -7.876279877496135118e-01 1.836040288745471649e+00 6.573988159843168866e+00 -1.444450072801726354e-02 1.131709323881331564e+01 -3.212387604807208419e+00 1.153187702587929486e+01 5.875607284389798401e+00
4.023358418965456096e+00 -2.254560337849574214e+00 7.849293813887365800e+00 -3.459043371929974020e-01 1.330118235881984390e+01 -1.117524713969364036e+00 6.831945777625390903e+00 -7.917898085916268425e-01 1.837339660821968312e+00 6.560681013008927032e+00 3.653051282921402493e-02 1.134375869219124944e+01 -3.155209023092817588e+00 1.155908505313592549e+01 5.865263678341797515e+00
4.039848897746236567e+00 -2.233476998142406966e+00 7.856259478643041305e+00 -3.203181884511365207e-01 1.330747116806271180e+01 -1.099313151905080721e+00 6.826537307021733447e+00 -7.870927176822960503e-01 1.839104335952580715e+00 6.554615784206840878e+00 5.761385253638146020e-02 1.135072435694692494e+01 -3.129622874350956874e+00 1.156537386237879161e+01 5.865207869614234681e+00
4.055059166548923066e+00 -2.227313032924685299e+00 7.851105704269585317e+00 -3.145024904885432293e-01 1.329910830784747056e+01 -1.113147662575329155e+00 6.839744908827782410e+00 -7.693933853254164568e-01 1.832445394822064921e+00 6.547649047106813391e+00 6.377781775410303056e-02 1.134557058257346895e+01 -3.123807176388363249e+00 1.155701100216355037e+01 5.870220920606204373e+00
4.060270415960250290e+00 -2.208081226679368569e+00 7.858925613537312671e+00 -2.889519706475222049e-01 1.330857723007253313e+01 -1.085579434114019470e+00 6.822359880583249492e+00 -7.771792427096997358e-01 1.843222272296596520e+00 6.549873127805673434e+00 8.300962399941948233e-02 1.135339049184119631e+01 -3.098256656547342391e+00 1.156647992438861294e+01 5.868783878055223724e+00
4.059205110763524971e+00 -2.188098699319632967e+00 7.870076220050549409e+00 -2.587845371841785425e-01 1.332506953070851274e+01 -1.038678943182477221e+00 6.789055065745689177e+00 -7.983121943656292796e-01 1.863541065883000947e+00 6.558012988560254719e+00 1.029921513591550430e-01 1.136454109835443305e+01 -3.068089223083998895e+00 1.158297222502459256e+01 5.865311672368202167e+00
4.568814200995774399e+00 -2.492680603376797421e+00 7.452936637871321324e+00 -1.092472487469773545e+00 1.265279803183066676e+01 -3.573323921803658543e+00 8.977543368356444731e+00 9.406593019474649431e-01 3.376083425869009780e-01 5.624584000087609503e+00 -2.015897526980095222e-01 1.094740151617520851e+01 -3.901777173369594287e+00 1.091070072614674302e+01 6.090649140976815090e+00
2.719090319261801447e+00 5.338500313184590951e-01 5.222412111781310706e+00 -6.095912709311802402e+00 6.339574147738127330e+00 -6.347078741701626114e-01 6.920421763736316123e+00 1.349032519449825163e+00 -3.650715600764540270e+00 4.049652728696214510e+00 2.824940881997241249e+00 8.716876990085184573e+00 -8.905217395211625586e+00 4.597476842054204482e+00 4.164314355927885458e+00
2.714279441524702019e+00 5.829918061136717400e-01 5.305827082467514444e+00 -6.040746294415784590e+00 6.349396048925750158e+00 -6.835243694498819300e-01 6.937665633246213659e+00 1.330183472402934441e+00 -3.675354439741745249e+00 3.977718561034258915e+00 2.874082656792453783e+00 8.800291960771387423e+00 -8.850050980315607774e+00 4.607298743241827310e+00 4.146567811469258125e+00
2.697418142613512870e+00 6.112099531706979283e-01 5.364649652726821927e+00 -6.027386948462520877e+00 6.386659422505696959e+00 -7.194108719404594954e-01 6.935025474315976268e+00 1.293810755641077614e+00 -3.692394650535618439e+00 3.905437418815097317e+00 2.902300803849480193e+00 8.859114531030694906e+00 -8.836691634362344061e+00 4.644562116821774111e+00 4.126068686584045686e+00
2.644091868558561931e+00 5.048873519320864478e-01 5.275446631165303657e+00 -6.023515832791151325e+00 6.327935148563151202e+00 -6.574107077775244168e-01 6.952074138342910992e+00 1.279863616190966225e+00 -3.607209512173962018e+00 4.007419178796156167e+00 2.795978202610868379e+00 8.769911509469176636e+00 -8.832820518690974509e+00 4.585837842879228354e+00 4.159982087887532209e+00
2.629857159387652299e+00 5.156310477293608585e-01 5.308010179408238827e+00 -6.001386295489392175e+00 6.325587948937803517e+00 -6.768920217313205701e-01 6.964313397706431097e+00 1.258319908057224268e+00 -3.612559289406653384e+00 3.969580389200095372e+00 2.806721898408142568e+00 8.802475057712111806e+00 -8.810690981389216248e+00 4.583490643253880670e+00 4.158144519472146250e+00
2.616040775761930171e+00 4.768797568222193362e-01 5.264760963313556807e+00 -6.012822851923820267e+00 6.317599431647760611e+00 -6.566174217978453242e-01 6.955700595679348730e+00 1.251224243126314972e+00 -3.578480420190081279e+00 3.985908323437775902e+00 2.767970607501001101e+00 8.759225841617428898e+00 -8.822127537823643451e+00 4.575502125963837763e+00 4.166660644232171862e+00
2.688587862883530022e+00 -1.236260498182717438e-02 4.393787622888902789e+00 -6.509920098057471627e+00 6.461188868393326068e+00 -1.924998461544285555e-01 6.599140422782767246e+00 1.351914056103722839e+00 -3.187712169888731406e+00 4.397696749811431438e+00 2.278728245696955312e+00 7.888252501192775767e+00 -9.319224783957293923e+00 4.719091562709403220e+00 4.201716068276765803e+00
2.711466717770874446e+00 6.766971421011132304e-03 4.392179717641547576e+00 -6.505691646797290062e+00 6.456465455099158035e+00 -1.926315757722719957e-01 6.595132773620302480e+00 1.358743229713319067e+00 -3.190538807615064254e+00 4.375704249694628345e+00 2.297857822099793612e+00 7.886644595945420555e+00 -9.314996332697111470e+00 4.714368149415235187e+00 4.201543027740818559e+00
2.732153343624993180e+00 2.672890672644013393e-02 4.305030757852465584e+00 -6.442982640395996441e+00 6.386983738481149864e+00 -2.357876422541599348e-01 6.675757015163200414e+00 1.520980952114909579e+00 -3.344124414279575852e+00 4.284261937626772543e+00 2.317819757405222170e+00 7.799495636156338563e+00 -9.252287326295817849e+00 4.644886432797227016e+00 4.058206408542254451e+00
2.780391472016247256e+00 6.405695672749862207e-03 4.275768307413644997e+00 -6.552821472494189337e+00 6.522385528780853647e+00 -8.373793611707305851e-02 6.343208674359301469e+00 1.189505056844072595e+00 -3.011761717935242277e+00 4.282467039922676300e+00 2.297496546351531777e+00 7.770233185717517976e+00 -9.362126158394010744e+00 4.780288223096929912e+00 4.386553514358988437e+00
2.761352132952643146e+00 1.217467364907657765e-02 4.331491387331599441e+00 -6.457814316855689185e+00 6.349717467127855564e+00 -1.971751505133609583e-01 6.611859048850067921e+00 1.031720264435313394e+00 -2.849140511954022070e+00 4.325367040145777331e+00 2.303265524327858138e+00 7.825956265635471532e+00 -9.267119002755510593e+00 4.607620161443931828e+00 4.397826125713257817e+00
2.773682727424352734e+00 2.425142533459731520e-02 4.338571439566200283e+00 -6.458774010068630389e+00 6.352302216210044428e+00 -1.900363178071512449e-01 6.609137904997318458e+00 1.039170163688776460e+00 -2.856350279416041804e+00 4.308965707024400515e+00 2.315342276013380829e+00 7.833036317870070597e+00 -9.268078695968451797e+00 4.610204910526123356e+00 4.393321960537113213e+00
2.530188354869884026e+00 -1.694695062238122107e-01 4.280693720765114563e+00 -6.410142111891642180e+00 6.245925604910558704e+00 -4.505336171007433554e-01 6.932859179421643425e+00 1.122815486806395313e+00 -2.941461575566627573e+00 4.595698271799477652e+00 2.121621344454971858e+00 7.775158599068983101e+00 -9.219446797791462700e+00 4.503828299226636744e+00 4.293235613571143361e+00
2.480702350230436615e+00 -2.065579657357739796e-01 4.268011800065212746e+00 -6.413415289235789629e+00 6.276867024016443253e+00 -4.728637864154295878e-01 6.948951471708235239e+00 1.116681613109041793e+00 -2.938134251648336637e+00 4.635451866057308301e+00 2.084532884943010256e+00 7.762476678369081284e+00 -9.222719975135609261e+00 4.534769718332521293e+00 4.274727249217934677e+00
