1.436715622747340104e+00 5.972326204706968511e+00 3.542273134885210784e+00 2.126363490227984876e+00 8.173186786363961787e-01 2.663976727477834761e+00 5.500382914452334404e+00 1.253960254635115179e+00 4.932624637181458382e+00 4.684181880660973185e+00 3.958014049160756276e+00 1.252778820441895757e-01 6.037204444372554768e+00 2.931705272659676620e+00 1.007786378829987672e+00
1.446418567383040310e+00 5.938195960423556130e+00 3.557403171238078698e+00 2.096434363546662460e+00 8.351258048339994522e-01 2.694115577928865690e+00 5.459966535809681609e+00 1.256664182531079588e+00 4.945800886787941941e+00 4.705608396969575224e+00 3.923883804877343895e+00 1.404079183970574352e-01 6.007275317691232353e+00 2.949512398857280004e+00 1.018235303867262243e+00
1.408363635796364255e+00 6.107641188261971443e+00 3.461838632848334818e+00 2.433707389733230642e+00 6.822201964918739314e-01 2.672984443160558943e+00 5.565243046369862334e+00 1.331542627533846002e+00 4.829483738153247607e+00 4.685703375330181331e+00 4.093329032715758764e+00 4.484338000731392937e-02 6.344548343877800534e+00 2.796606790515154373e+00 1.063352989533961290e+00
1.499959558217061950e+00 6.037557738943490904e+00 3.402652939806631860e+00 2.131567562495924051e+00 9.940627846053262662e-01 2.802143633267087708e+00 5.108311045348011170e+00 1.474313813214197744e+00 5.062542198198731747e+00 4.959635952935158798e+00 4.023245583397278224e+00 -1.434231303438929933e-02 6.042408516640493943e+00 3.108449378628606041e+00 1.083589287060754192e+00
1.526420447844898831e+00 6.016995881760175635e+00 3.432172184955565530e+00 2.112161919457140602e+00 1.025659313939768724e+00 2.807355691607484882e+00 5.088163839094661967e+00 1.475870564062952806e+00 5.091913114665203466e+00 4.994843498795826342e+00 4.002683726213962956e+00 1.517693211454458277e-02 6.023002873601710938e+00 3.140045907963048499e+00 1.084100561942456631e+00
1.240480810101556086e+00 6.280347375335815663e+00 2.575613133151125833e+00 2.724439308059804166e+00 3.941831546959893018e-01 2.758021727642023357e+00 5.512407534489398131e+00 1.490811338071424519e+00 4.211680837679158351e+00 4.498477238363000730e+00 4.266035219789602095e+00 -8.413821196898988442e-01 6.635280262204374502e+00 2.508569748719271963e+00 1.094447653136598086e+00
1.264322646527185068e+00 6.232922504445025602e+00 2.541892722178417330e+00 2.734928545767552510e+00 3.833388544301457590e-01 2.798794908140640469e+00 5.507476387096534864e+00 1.492830043881575808e+00 4.208768034993122242e+00 4.524424561830191927e+00 4.218610348898812035e+00 -8.751025306626073474e-01 6.645769499912122846e+00 2.497725448453428587e+00 1.095879349040293160e+00
1.220182996306288903e+00 6.328386724908822814e+00 2.573407104777546195e+00 2.764414376310260213e+00 4.131677749361437058e-01 2.716651074851672565e+00 5.559725323930077678e+00 1.483689186007508765e+00 4.221687865317477417e+00 4.485330400018938235e+00 4.314074569362609246e+00 -8.435881480634783713e-01 6.675255330454830549e+00 2.527554368959426867e+00 1.094849558225996056e+00
5.023031547978163758e+00 -1.581820151272084196e+00 -3.324206939748735046e+00 7.560951492071826152e+00 6.737976863969989960e-01 1.102064963089531169e+01 9.438827202764144886e+00 3.899627101056029943e+00 1.752834002523695034e+00 1.058828161111536481e+01 -3.596132306818269342e+00 -6.741202192589764053e+00 1.147179244621639960e+01 2.788184280420284544e+00 1.285102218093132631e+00
5.031009295093258338e+00 -1.566053788673767100e+00 -3.339760622032503790e+00 7.581285888898454672e+00 6.665887586424283917e-01 1.102983725030850870e+01 9.449908951996572881e+00 3.908571619794545260e+00 1.750377285601623756e+00 1.058254458842168866e+01 -3.580365944219952468e+00 -6.756755874873532797e+00 1.149212684304302812e+01 2.780975352665713718e+00 1.297583999532526455e+00
5.035853543913292540e+00 -1.574406147050443128e+00 -3.331986027141481621e+00 7.561300568591118321e+00 6.635529950316159109e-01 1.105139291145652969e+01 9.452728341378218602e+00 3.918578746599790108e+00 1.763514340518919310e+00 1.057679114689297784e+01 -3.588718302596628718e+00 -6.748981279982510628e+00 1.147214152273569177e+01 2.777939589054901237e+00 1.318571562355720372e+00
5.051702382135158764e+00 -1.498156470397412621e+00 -3.405366900332860158e+00 7.676311980984411143e+00 6.475261910888099326e-01 1.102115494242317517e+01 9.498726594859869365e+00 3.933332019428140924e+00 1.733167789866329134e+00 1.056663466560312692e+01 -3.512468625943597988e+00 -6.822362153173888721e+00 1.158715293512898370e+01 2.761912785112095481e+00 1.311821363796512152e+00
5.046445991166754297e+00 -1.506809924764875408e+00 -3.398188385162341341e+00 7.655227197337490352e+00 6.443253219753304339e-01 1.104492740217453317e+01 9.509570590391017930e+00 3.940109508731588495e+00 1.744890184213272688e+00 1.056195475334241962e+01 -3.521122080311060554e+00 -6.815183638003369460e+00 1.156606815148206202e+01 2.758711915998615982e+00 1.334806460210422596e+00
5.082300511766658424e+00 -1.384072808473725047e+00 -3.518976956763964825e+00 7.807102131077020779e+00 5.546729430673716932e-01 1.079250979355304985e+01 9.573716094385778419e+00 3.954100900123705742e+00 1.603236000169796061e+00 1.055689397542731101e+01 -3.398384964019910193e+00 -6.935972209604992500e+00 1.171794308522159156e+01 2.669059537090657575e+00 1.293473891345552795e+00
5.055419464751734537e+00 -1.376885036695820741e+00 -3.524456406430044098e+00 7.801429007689852035e+00 5.260771416361965658e-01 1.077848154048692031e+01 9.597255268718621224e+00 3.929577859196853318e+00 1.592015876317799394e+00 1.056769080802521366e+01 -3.391197192242005887e+00 -6.941451659271071328e+00 1.171226996183442282e+01 2.640463735659482225e+00 1.308328811699104310e+00
5.015730537605807449e+00 -1.333059951614953276e+00 -3.559863635428309525e+00 7.810493597620921769e+00 4.932186153554474206e-01 1.077356398276133831e+01 9.641026792676546719e+00 3.881950853470574447e+00 1.576121515719063337e+00 1.058600543379811221e+01 -3.347372107161138644e+00 -6.976858888269337200e+00 1.172133455176549255e+01 2.607605209378732969e+00 1.335961659333513296e+00
5.252735866952913391e+00 -2.178162316390122921e+00 -2.893850674244914600e+00 7.413203559205027382e+00 6.228923641676411549e-01 1.086572594451231666e+01 9.418051835876388722e+00 4.176265286490225215e+00 1.656729671351813149e+00 1.059666748818248649e+01 -4.192474471936307623e+00 -6.310845927085940943e+00 1.132404451334959639e+01 2.737278958190926481e+00 1.111111397148148106e+00
5.261150519166987394e+00 -2.199763093839200323e+00 -2.874097700947995548e+00 7.531741782293619458e+00 7.444852019171294133e-01 1.072772111128432471e+01 9.296867098570999133e+00 4.233075617873640617e+00 1.696675141278196408e+00 1.062981456376554057e+01 -4.214075249385385469e+00 -6.291092953789021891e+00 1.144258273643818846e+01 2.858871795940414628e+00 1.110945752454469027e+00
5.262923968883871595e+00 -2.337171166626984320e+00 -2.797854939692073994e+00 7.704962708514962344e+00 9.203018431507474784e-01 1.047259829472627324e+01 9.033618168852077801e+00 4.435709537616994602e+00 1.908575309470310843e+00 1.063755318028711727e+01 -4.351483322173169910e+00 -6.214850192533100781e+00 1.161580366265953046e+01 3.034688437174033027e+00 1.108766377645784118e+00
5.256592455445628254e+00 -2.343744442981943177e+00 -2.789555183470277200e+00 7.713617019307514866e+00 9.227949694104139455e-01 1.048491810015641867e+01 9.034226072408293007e+00 4.444552547368417095e+00 1.919036210870231685e+00 1.062951100462402820e+01 -4.358056598528128767e+00 -6.206550436311304431e+00 1.162445797345208298e+01 3.037181563433699605e+00 1.106500762355119960e+00
5.250416383467269021e+00 -2.338063103252757013e+00 -2.802192385093805971e+00 7.720511327900729803e+00 9.153938783192279161e-01 1.048340495165637343e+01 9.035821401863257663e+00 4.441103508215872964e+00 1.915648373682630412e+00 1.062383616154859745e+01 -4.352375258798942603e+00 -6.219187637934832757e+00 1.163135228204529703e+01 3.029780472342513686e+00 1.104940024297341061e+00
5.240161486278314129e+00 -2.357909452798086836e+00 -2.772293750535382184e+00 7.732202403440991745e+00 9.262192266878924718e-01 1.051029459559949686e+01 9.033672622497975979e+00 4.464844641965787453e+00 1.942458769914050087e+00 1.060886443868015760e+01 -4.372221608344272425e+00 -6.189289003376408971e+00 1.164304335758555986e+01 3.040605820711178353e+00 1.103380198815373969e+00
5.229187968166908007e+00 -2.370889967840886570e+00 -2.744887814437861451e+00 7.747215573269025768e+00 9.352248155890394710e-01 1.053867497804499109e+01 9.034884779405064847e+00 4.487850573825399536e+00 1.966974368406489537e+00 1.059332188794271801e+01 -4.385202123387071715e+00 -6.161883067278888682e+00 1.165805652741359388e+01 3.049611409612325463e+00 1.103450967475713584e+00
5.204379971367681712e+00 -2.442488363129618811e+00 -2.523994229209759688e+00 7.818040688859461795e+00 1.012991297741983487e+00 1.072103021263698253e+01 9.068491759683730891e+00 4.620202978681414940e+00 2.086798516618959543e+00 1.053604413658909777e+01 -4.456800518675803957e+00 -5.940989482050787807e+00 1.172888164300402991e+01 3.127377891765269702e+00 1.102817649898792274e+00
5.181674650593868670e+00 -2.442717242849776760e+00 -2.536935949737710416e+00 7.822564455466353373e+00 1.015776611133422103e+00 1.072623705702056185e+01 9.057345236001332012e+00 4.639068195745456258e+00 2.110491602048946369e+00 1.051637485781791348e+01 -4.457029398395961906e+00 -5.953931202578738535e+00 1.173340540961092238e+01 3.130163205156708095e+00 1.114360579808601592e+00
5.159682979037369499e+00 -2.295741804465811331e+00 -2.388491128391089902e+00 8.021294430599606784e+00 9.695779331424287939e-01 1.091820629538022835e+01 9.328429004516330281e+00 4.815723824071551640e+00 2.051972006298087958e+00 1.041441196648121803e+01 -4.310053960011996921e+00 -5.805486381232118021e+00 1.193213538474417668e+01 3.083964527165715008e+00 1.098343382248005096e+00
5.289441405018147968e+00 -1.444338269172233069e+00 -3.459589651668984800e+00 7.234341512672260777e+00 2.578023153628648423e+00 9.997774490356370336e+00 8.045827209663261925e+00 4.657558724546928985e+00 3.736513612866210643e+00 9.938472482969794797e+00 -3.458650424718421768e+00 -6.876584904510010254e+00 1.114518246681682534e+01 4.692409747651932861e+00 1.370035445958215359e+00
5.223833862195602862e+00 -1.198393931391568579e+00 -4.029785728881170925e+00 7.297277585024972701e+00 2.575624515843002005e+00 9.633810963664474869e+00 7.918505656605006493e+00 4.484763011941494071e+00 3.818322679944710973e+00 9.863811465435126991e+00 -3.212706086937761274e+00 -7.446780981722193715e+00 1.120811853916953993e+01 4.690011109866288663e+00 1.288421145564695003e+00
5.256389439132220787e+00 -1.249926298285799708e+00 -4.000053637384989536e+00 7.212323332661292774e+00 2.618331164862783833e+00 9.619045426945039168e+00 7.803051957028961816e+00 4.417328070094541204e+00 3.774490046479802796e+00 9.870283543256945791e+00 -3.264238453831992626e+00 -7.417048890226011437e+00 1.112316428680586000e+01 4.732717758886069603e+00 1.312704293374061582e+00
5.268223106849282189e+00 -1.306410188193732669e+00 -3.909461353118431237e+00 7.244999102500003119e+00 2.582960562587475195e+00 9.638830158791284575e+00 7.640736819440631322e+00 4.437384522719984403e+00 3.813652698267763430e+00 9.956155228145419755e+00 -3.320722343739925808e+00 -7.326456605959452695e+00 1.115584005664457123e+01 4.697347156610761409e+00 1.315689804372805805e+00
