3.934722759360596900e+00 4.354909474028798577e+00 4.260053021239568416e+00 2.739911421583436812e+00 2.955056420896997604e-01 3.762254040493001606e-01 1.647519292270056557e+00 1.275644238929904084e+00 3.721726154435137435e+00 4.782664489179535572e+00 2.665933474106240375e+00 1.157018125099518624e+00 5.781508701715752929e-01 4.248557337265481237e+00 2.834767233902886208e+00
3.919791690352594671e+00 4.592181053611025021e+00 4.496403780894538293e+00 2.715934258409931523e+00 2.577084215137475653e-01 1.040939884811886151e-01 1.620801369203169529e+00 1.344769471633825875e+00 3.658198242101886599e+00 4.734862614756712773e+00 2.903205053688466375e+00 1.393368884754488723e+00 5.541737069980703367e-01 4.210760116689528765e+00 2.770295344165669693e+00
3.924452581117560346e+00 4.593598796215697000e+00 4.486961697550039929e+00 2.714123607758408330e+00 2.659861023537211100e-01 1.068016473035453412e-01 1.613363336141829363e+00 1.361049569661640257e+00 3.643450180789046478e+00 4.727107108846349881e+00 2.904622796293138798e+00 1.383926801409990137e+00 5.523630563465465881e-01 4.219037797529502143e+00 2.759986666067357763e+00
3.968056928394867455e+00 4.597563158307186093e+00 4.274480203928463951e+00 2.756460350616433352e+00 3.677286439700248599e-01 2.207336661756176266e-02 1.263225030844899788e+00 1.425657997948258870e+00 3.615316789021868704e+00 4.658370278461368308e+00 2.908587158384627891e+00 1.171445307788414825e+00 5.946997992045713888e-01 4.320780339145806614e+00 2.820965184496038169e+00
3.957152870224870611e+00 4.585905739210977217e+00 4.280321643941642940e+00 2.757937163484597942e+00 3.662835791970303068e-01 3.879720256608806123e-02 1.261497375618440220e+00 1.445393903290660864e+00 3.596433162575089160e+00 4.658543733958453004e+00 2.896929739288419459e+00 1.177286747801593814e+00 5.961766120727357565e-01 4.319335274372812172e+00 2.801887387264857310e+00
3.970309470947960939e+00 4.589328536344690512e+00 4.302084041786751634e+00 2.789601820963698575e+00 3.304364244243058191e-01 8.286522107170625484e-02 1.073655109923430384e+00 1.428598099817761424e+00 3.627944568961115390e+00 4.662904450364834474e+00 2.900352536422131422e+00 1.199049145646702064e+00 6.278412695518359454e-01 4.283488119600087352e+00 2.830651454613374973e+00
3.955559686055226454e+00 4.573424111899846878e+00 4.303115751803084699e+00 2.791448990112541662e+00 3.316892957747491488e-01 9.732199273318678512e-02 1.088834652505094702e+00 1.453017956720839887e+00 3.604522107261785457e+00 4.671579058381506222e+00 2.884448111977287343e+00 1.200080855663035573e+00 6.296884387006790318e-01 4.284740990950530737e+00 2.807824365493334362e+00
3.934449773017746566e+00 4.556768008591105534e+00 4.282710373576358087e+00 2.776748710256915054e+00 3.557281248930712625e-01 1.182821647728535125e-01 1.172636288691605966e+00 1.497478847292239124e+00 3.553346120866870628e+00 4.677060853121975725e+00 2.867792008668546000e+00 1.179675477436309183e+00 6.149881588450525349e-01 4.308779820068853184e+00 2.762381710975838178e+00
6.255762021719785793e+00 -2.186296796920403906e-01 1.469749866451480003e+01 1.216164214049951653e+01 -1.469070327662795705e+01 1.134778770315331720e+01 -4.442414510382113946e+01 -7.845870044100955454e+00 1.651652035298701549e+01 1.045825766244460198e+01 -1.907605679614591931e+00 1.159446376837476578e+01 9.999881589087650013e+00 -1.073765158145218379e+01 1.355465352717728145e+01
6.297008152393476443e+00 4.838790215648292037e-02 1.518898429202441847e+01 1.249812944858752495e+01 -1.466922662649946041e+01 1.132210469656745389e+01 -4.448031664104542671e+01 -8.544424565913580238e+00 1.706734213391762367e+01 1.072816268655489225e+01 -1.640588097766068509e+00 1.208594939588438422e+01 1.033636889717565843e+01 -1.071617493132368537e+01 1.343020091744013200e+01
6.264568822874283960e+00 1.167501031472459455e-01 1.454110106417476800e+01 1.270302256991643119e+01 -1.400755691738189945e+01 1.131730720414075009e+01 -4.455827583988248364e+01 -8.706525672746483480e+00 1.756623894430313015e+01 1.088559390068578026e+01 -1.572225896775304443e+00 1.143806616803473730e+01 1.054126201850456468e+01 -1.005450522220612264e+01 1.340454680184799230e+01
6.266570037413795369e+00 9.361826589907128182e-02 1.452925430693830400e+01 1.271994598638183760e+01 -1.400012746671796293e+01 1.131725394242906368e+01 -4.454860910086357961e+01 -8.692856435275365001e+00 1.755912832686575342e+01 1.087123551213570138e+01 -1.595357734023479024e+00 1.142621941079827330e+01 1.055818543496997108e+01 -1.004707577154218612e+01 1.341201318367380857e+01
7.186774118821778856e+00 2.393457874641876648e-01 1.326238337428411640e+01 1.204484005128609247e+01 -1.252469075788898500e+01 1.140201871607037276e+01 -4.360774342815231819e+01 -7.595447023554600996e+00 1.539045261573222767e+01 1.046387185809698117e+01 -1.449630212458362211e+00 1.015934847814407860e+01 9.883079499874225959e+00 -8.571639062713206414e+00 1.424753610426938977e+01
7.035734423821737415e+00 3.163872946136314090e-01 1.406210954045422312e+01 1.175160909025327527e+01 -1.241693402211153696e+01 1.146279168329025211e+01 -4.379179900086180055e+01 -7.453465285718320565e+00 1.530867047817221938e+01 1.051670914100450993e+01 -1.372588705308918966e+00 1.095907464431418354e+01 9.589848538841410530e+00 -8.463882326935758371e+00 1.381870113776924747e+01
7.039474784948001940e+00 3.169730538854725888e-01 1.405217822239504599e+01 1.178933378655782072e+01 -1.243737673910818842e+01 1.144979124000715132e+01 -4.383390672203578475e+01 -7.484748087141325001e+00 1.530315538191483604e+01 1.048531720500732689e+01 -1.372002946037077731e+00 1.094914332625500641e+01 9.627573235145954200e+00 -8.484325043932409827e+00 1.382702842766297557e+01
7.088480950104926848e+00 3.815916404067591916e-01 1.412202148044245220e+01 1.179819587496889355e+01 -1.245695368841187545e+01 1.150028608595728130e+01 -4.375359919818047416e+01 -7.417439483292307401e+00 1.525249456309733631e+01 1.053281250209312425e+01 -1.307384359515791239e+00 1.101898658430241262e+01 9.636435323557027033e+00 -8.503901993236095080e+00 1.379358262414480230e+01
7.046017044096108073e+00 3.344607713918065217e-01 1.401338528143618412e+01 1.188573371783348342e+01 -1.249070898291634357e+01 1.133815396520372687e+01 -4.382433754309357710e+01 -7.490845195682274138e+00 1.526365966797898643e+01 1.039823547541927695e+01 -1.354515228530743132e+00 1.091035038529614454e+01 9.723973166421616909e+00 -8.537657287740561429e+00 1.382185708504459498e+01
7.140877140747002194e+00 5.199711545615124386e-01 1.422813798263236329e+01 1.187277457675172698e+01 -1.249528079136556258e+01 1.148110349223951054e+01 -4.363497063460664549e+01 -7.340548271426833971e+00 1.516271564764555890e+01 1.054320037915034547e+01 -1.169004845361037326e+00 1.112510308649232371e+01 9.711014025339860467e+00 -8.542229096189780435e+00 1.375562770928045353e+01
7.112052196633652734e+00 5.157302369634610972e-01 1.420681919777739743e+01 1.190273004231073628e+01 -1.250794007208789616e+01 1.146576976424708860e+01 -4.361585997592832342e+01 -7.333305902932403697e+00 1.515528974915210014e+01 1.051568324009152100e+01 -1.173245762959088667e+00 1.110378430163735786e+01 9.740969490898869765e+00 -8.554888376912114012e+00 1.375761463943383589e+01
7.077917360287363735e+00 5.197151725556110602e-01 1.418392670340301365e+01 1.194879074182070511e+01 -1.253270313018967386e+01 1.144821042181715498e+01 -4.357990715495576950e+01 -7.310543574050352156e+00 1.513145546183441503e+01 1.048432801542494097e+01 -1.169260827366938704e+00 1.108089180726297407e+01 9.787030190408838592e+00 -8.579651435013891714e+00 1.375683650073498754e+01
7.050009365825979479e+00 5.186092309307755999e-01 1.416672073857872860e+01 1.196889507076964954e+01 -1.254205998893358220e+01 1.143954126568332974e+01 -4.356352495604041763e+01 -7.298669950544128149e+00 1.512191230665167829e+01 1.046471285286435737e+01 -1.170366768991774276e+00 1.106368584243868902e+01 9.807134519357781244e+00 -8.589008293757801837e+00 1.375743492474532204e+01
7.026368261312686769e+00 5.135038645832427084e-01 1.415061501084819895e+01 1.197660991967309663e+01 -1.254324554837626238e+01 1.143096366456043000e+01 -4.355735843451849121e+01 -7.294697294199649740e+00 1.512003874012619775e+01 1.044980980421607519e+01 -1.175472135339307167e+00 1.104758011470815937e+01 9.814849368261228335e+00 -8.590193853200482010e+00 1.375866390737621714e+01
7.003747537049968663e+00 5.123716144065482148e-01 1.413569053691055188e+01 1.198689639628594428e+01 -1.254749611850055224e+01 1.142288077598794160e+01 -4.354840825787998426e+01 -7.287287966935120487e+00 1.511418362158086026e+01 1.043596453991639805e+01 -1.176604385516001550e+00 1.103265564077051231e+01 9.825135844874075985e+00 -8.594444423324771876e+00 1.375886149364256283e+01
7.049214160035210064e+00 3.881942624488639026e-01 1.412166234014088673e+01 1.182228593843596620e+01 -1.240934342198538509e+01 1.139318433359781224e+01 -4.369816054917279757e+01 -7.433945647137691459e+00 1.526180610009153682e+01 1.046604347042183036e+01 -1.300781737473685640e+00 1.101862744400084715e+01 9.660525387024099686e+00 -8.456291726809602949e+00 1.378248377124405621e+01
7.071913928842857189e+00 4.163219198273577226e-01 1.414746720661386625e+01 1.184489592662624347e+01 -1.243193604437902522e+01 1.141532278614341855e+01 -4.367459609246203911e+01 -7.410229191144693139e+00 1.523449590283496313e+01 1.047295560522104729e+01 -1.272654080095191764e+00 1.104443231047382490e+01 9.683135375214376950e+00 -8.478884349203244852e+00 1.376973078931714412e+01
7.097504171091161496e+00 4.461893448807958129e-01 1.419075139598196955e+01 1.184903598799893132e+01 -1.244743690963851002e+01 1.147153358006133494e+01 -4.364593446797736220e+01 -7.376572266214293627e+00 1.521224744222729441e+01 1.050321703123760386e+01 -1.242786655041753674e+00 1.108771649984192820e+01 9.687275436587064803e+00 -8.494385214462729650e+00 1.375524347045071494e+01
7.043785230590568602e+00 4.562466668045950247e-01 1.410327679468126583e+01 1.197205111880240125e+01 -1.250514086288771587e+01 1.132125562883918768e+01 -4.361649016140938784e+01 -7.394732022872681831e+00 1.517425346806536091e+01 1.038342441223961465e+01 -1.232729333117954518e+00 1.100024189854122447e+01 9.810290567390534733e+00 -8.552089167711935502e+00 1.376275647200710672e+01
7.050715130466718605e+00 4.647256299230874133e-01 1.410962741494076411e+01 1.198009804514403598e+01 -1.251360681761214799e+01 1.132571424074630251e+01 -4.360832975440371939e+01 -7.386612529671563010e+00 1.516501476342012644e+01 1.038705601473683160e+01 -1.224250369999462018e+00 1.100659251880072453e+01 9.818337493732169463e+00 -8.560555122436365849e+00 1.376128864983264677e+01
7.056470011015934851e+00 4.688559130863436675e-01 1.411565400146269589e+01 1.198117948762171991e+01 -1.251605217121769797e+01 1.133070902763975418e+01 -4.360452683744636460e+01 -7.382881626664244301e+00 1.516095164450679000e+01 1.039207020865640985e+01 -1.220120086836205875e+00 1.101261910532265631e+01 9.819418936209853399e+00 -8.563000476041915832e+00 1.376029328631387827e+01
7.046368601215633021e+00 4.768284396288394178e-01 1.410208128504540959e+01 1.200655678888175082e+01 -1.253457664354508161e+01 1.131543722312037481e+01 -4.359284161998323270e+01 -7.371074329307393924e+00 1.514737326333029444e+01 1.037614186579103581e+01 -1.212147560293710180e+00 1.099904638890537001e+01 9.844796237469884304e+00 -8.581524948369299466e+00 1.376048177973267883e+01
