3.396834152005333340e+00 1.080364892616299866e+00 5.250233692833639942e+00 6.044799503797365858e+00 4.744886181903600786e+00 4.456658271808043636e+00 9.665748624820442725e-01 6.748675661938552395e-01 3.813616364858793073e+00 2.146357302467831296e+00 1.812409358038655327e+00 5.878558600184633498e-01 1.503339537549823302e+00 4.549313373710745623e+00 4.456687443351917466e+00
3.362334841992152601e+00 1.059322712063392125e+00 5.269461882175181522e+00 6.076862475094858773e+00 4.698415715837821693e+00 4.448617470613313252e+00 9.843401584282585048e-01 7.076936903819400770e-01 3.814480690468143642e+00 2.146346067586855533e+00 1.791367177485747586e+00 6.070840493600051513e-01 1.535402508847315994e+00 4.502842907644966530e+00 4.487731935754397661e+00
3.333503432514127507e+00 1.043302573619232509e+00 5.286591940868119011e+00 6.104183920784055140e+00 4.660352252934536921e+00 4.443074266282521556e+00 9.990601910473304592e-01 7.335848699447651278e-01 3.814769550492811856e+00 2.146737529794997545e+00 1.775347039041587749e+00 6.242141080529421959e-01 1.562723954536512139e+00 4.464779444741681758e+00 4.511620559112254902e+00
3.307356730890090191e+00 1.057568644984340667e+00 5.315355484445069223e+00 6.122378186695726754e+00 4.643346929731464456e+00 4.442284592141869659e+00 1.000692905500770502e+00 7.420609009708647452e-01 3.827715395454105440e+00 2.127810131243718761e+00 1.789613110406695906e+00 6.529776516298925193e-01 1.580918220448183309e+00 4.447774121538609293e+00 4.518339600620464580e+00
3.299656406725800739e+00 1.040384077459505674e+00 5.315146240359070795e+00 6.134212083520101721e+00 4.625030558881196185e+00 4.439236817700505711e+00 1.007830845897245142e+00 7.543861317929889676e-01 3.817849290382432592e+00 2.138822239958819260e+00 1.772428542881860913e+00 6.527684075438943134e-01 1.592752117272558721e+00 4.429457750688341022e+00 4.528149803214803981e+00
4.254078857041853290e+00 -1.323241911843284102e+00 3.362884153031102663e+00 5.965310785641329439e+00 4.122045194231048093e+00 4.320254422167486119e+00 1.270761970021266452e+00 9.432996862876563693e-01 2.116546499299034156e+00 4.359270263361278097e+00 -5.911974464209301949e-01 -1.299493679784073485e+00 1.423850819393780442e+00 3.926472386038192486e+00 4.818852753806266875e+00
7.061557862998216528e+00 -3.546907624266075310e+00 3.003536648004564213e+00 7.104699284698828166e+00 3.306379477966391089e+00 4.134146491780099630e+00 3.808393067701032031e+00 -1.684901465276568144e+00 -2.661776511335358641e-01 5.040182519037556652e+00 -2.814863158843722513e+00 -1.658841184810611047e+00 2.563239318451277615e+00 3.110806669773535482e+00 7.514583646292094521e+00
6.815676321435069518e+00 -3.362467646608069849e+00 3.408972945444890712e+00 7.102681391526202148e+00 3.327838650378228902e+00 4.131678866931499883e+00 3.798959343000248179e+00 -2.027358358036288166e+00 3.044829585184727350e-02 5.328065737176891581e+00 -2.630423181185717496e+00 -1.253404887370284548e+00 2.561221425278652930e+00 3.132265842185372851e+00 7.607701174093484120e+00
6.771571091801364517e+00 -3.339229514614560301e+00 3.411488547851904585e+00 7.115180781779923969e+00 3.340323781828799188e+00 4.131575823402753755e+00 3.810337352625499552e+00 -2.069304355016478691e+00 7.292922912303564931e-02 5.369499245391631703e+00 -2.607185049192208393e+00 -1.250889284963269787e+00 2.573720815532374306e+00 3.144750973635943581e+00 7.608104347255665978e+00
6.833377648962709827e+00 -3.341839804021275562e+00 3.407507979572671264e+00 7.098473212505218122e+00 3.327029267315595451e+00 4.140227315931673147e+00 3.764109397706588478e+00 -1.993902898482248887e+00 9.769311321350032662e-03 5.313576497435662738e+00 -2.609795338598923209e+00 -1.254869853242503108e+00 2.557013246257668460e+00 3.131456459122739844e+00 7.605959430175204261e+00
6.788982093296300313e+00 -3.321887455863046235e+00 3.411303832934824865e+00 7.110587356154619343e+00 3.339114332380443528e+00 4.138176969554142381e+00 3.777092449777102789e+00 -2.036843734290805230e+00 5.305040741813479843e-02 5.355664868347299823e+00 -2.589842990440693882e+00 -1.251073999880349508e+00 2.569127389907069681e+00 3.143541524187587477e+00 7.606315728397131437e+00
6.732446531977299031e+00 -3.300441023685773079e+00 3.419119888555958831e+00 7.123051293337821832e+00 3.351123161199131228e+00 4.133069112634920828e+00 3.796894956682364430e+00 -2.092763692467093595e+00 1.092581083253637009e-01 5.410229492377276905e+00 -2.568396558263420726e+00 -1.243257944259215542e+00 2.581591327090272170e+00 3.155550353006275177e+00 7.606471456814938747e+00
6.590151562160676768e+00 -3.259083873873534820e+00 3.440698978662665830e+00 7.140037099004389987e+00 3.364696017443912002e+00 4.112028163215446064e+00 3.862336609839469137e+00 -2.240223390235197343e+00 2.522858046168072188e-01 5.548950994843498741e+00 -2.527039408451182467e+00 -1.221678854152508320e+00 2.598577132756840768e+00 3.169123209251055950e+00 7.601294493953279385e+00
6.378007483462017291e+00 -3.199471678957935605e+00 3.485254714607479709e+00 7.112452283505037443e+00 3.343190683295430787e+00 4.087445422885475743e+00 3.924864187189001541e+00 -2.447182649011742317e+00 4.650330270221059159e-01 5.767537091356966350e+00 -2.467427213535583252e+00 -1.177123118207693997e+00 2.570992317257488669e+00 3.147617875102574736e+00 7.576005100039437501e+00
6.364044323151112792e+00 -3.189643211154308489e+00 3.480660223138803300e+00 7.116791536874446322e+00 3.353282882963355860e+00 4.088468833631548449e+00 3.910833894264657662e+00 -2.458479439898579422e+00 4.779231825501609743e-01 5.781648752103427213e+00 -2.457598745731957024e+00 -1.181717609676370184e+00 2.575331570626897992e+00 3.157710074770499364e+00 7.582698070285349701e+00
6.409752491752770176e+00 -3.205607822379612060e+00 3.474996721243269082e+00 7.123323369204567435e+00 3.340823838394977763e+00 4.088454431277888546e+00 3.944863964132533596e+00 -2.419403310722882061e+00 4.313686324529466543e-01 5.733849259000408871e+00 -2.473563356957260151e+00 -1.187381111571904402e+00 2.581863402957019993e+00 3.145251030202121711e+00 7.582626354109366140e+00
6.408619714594214756e+00 -3.204197983891559520e+00 3.473380538574257326e+00 7.124494490438395111e+00 3.343007265758218605e+00 4.088735697359788368e+00 3.941889039695983588e+00 -2.420176100785061735e+00 4.322936239077859732e-01 5.735004344055674608e+00 -2.472153518469207611e+00 -1.188997294240911939e+00 2.583034524190850334e+00 3.147434457565360777e+00 7.584365706443617405e+00
6.505874374977285157e+00 -3.240695504651200931e+00 3.463964947529007077e+00 7.132982116215159429e+00 3.326723776558451640e+00 4.088072279101695905e+00 3.978619529818659739e+00 -2.334321813189267569e+00 3.349845829463688474e-01 5.633856017940297001e+00 -2.508651039228849022e+00 -1.198412885286161966e+00 2.591522149967613320e+00 3.131150968365594700e+00 7.583004117297573288e+00
6.578107636529750835e+00 -3.270133701853475738e+00 3.457419123451337395e+00 7.135612726325070376e+00 3.322571960017244308e+00 4.085982018769412250e+00 3.978944356499671819e+00 -2.268607820496828076e+00 2.646854440967090216e-01 5.560157042123144322e+00 -2.538089236431123830e+00 -1.204958709363831870e+00 2.594152760077524267e+00 3.126999151824387368e+00 7.581493678705834682e+00
6.634308552092818445e+00 -3.291551268752301862e+00 3.451252880170775583e+00 7.136992303559786421e+00 3.322240243800005821e+00 4.083470764774880024e+00 3.969512739892474773e+00 -2.216181581968158287e+00 2.111020568397195540e-01 5.503947813973950609e+00 -2.559506803329949953e+00 -1.211124952644393904e+00 2.595532337312240756e+00 3.126667435607148882e+00 7.580273271833305238e+00
6.667821352883506414e+00 -3.300871086799521681e+00 3.446582663922505230e+00 7.138281569906348878e+00 3.324047552779795023e+00 4.081607771808709373e+00 3.958799380185194838e+00 -2.183396111616198620e+00 1.798211043900772854e-01 5.471168377933611993e+00 -2.568826621377169772e+00 -1.215795168892664480e+00 2.596821603658803213e+00 3.128474744586938083e+00 7.579479526169647485e+00
2.185528896021484258e+00 -1.285164131349682215e+00 3.807762149545331098e+00 7.647447882847586698e+00 3.776959148243771214e+00 4.275359159279996213e+00 5.732069327035281603e+00 -6.638594989565596904e+00 4.439770176367855647e+00 9.741473140546041520e+00 -5.531196659273311944e-01 -8.546156832698360573e-01 3.105987916600040588e+00 3.581386340050912054e+00 7.670081247619386922e+00
2.182519185915481330e+00 -1.326297774071004465e+00 3.811918792846050952e+00 7.628023267726744550e+00 3.789270874048348947e+00 4.274886143509325720e+00 5.737016691752185871e+00 -6.636734966626398169e+00 4.429088622218862348e+00 9.744600967072045705e+00 -5.942533086486534444e-01 -8.504590399691160929e-01 3.086563301479198884e+00 3.593698065855489787e+00 7.654045646698549810e+00
2.140033382514864968e+00 -1.603831584327050974e+00 3.804323933926732071e+00 7.473834956606022040e+00 4.011833358658159376e+00 4.436236455081811414e+00 5.627944306186383194e+00 -6.478798528497089038e+00 4.433020255765830697e+00 9.778779955483118513e+00 -8.717871189046999536e-01 -8.580538988884349738e-01 2.932374990358476374e+00 3.816260550465300216e+00 7.409099234257833011e+00
1.752114275239333940e+00 -1.314453959541571404e+00 3.757421355522536643e+00 7.461861020606943562e+00 3.285276377587026175e+00 3.747628800202997823e+00 6.054674165741042557e+00 -7.064838538723233974e+00 4.084783617842685288e+00 9.799755131204390679e+00 -5.824094941192199393e-01 -9.049564772926300682e-01 2.920401054359397452e+00 3.089703569394167904e+00 8.210221086336510155e+00
1.776091242903768297e+00 -1.317435251562807608e+00 3.751084896307252947e+00 7.488799940140700606e+00 3.172874404024829342e+00 3.618337298803436131e+00 6.153796232037961111e+00 -7.178807513492282411e+00 4.078844793520529421e+00 9.797996054470855753e+00 -5.853907861404563651e-01 -9.112929365079139865e-01 2.947339973893154497e+00 2.977301595831970626e+00 8.337908304700258455e+00
1.816404006786414005e+00 -1.325253918193224134e+00 3.750883610696524428e+00 7.536416253747893812e+00 3.049333365299876863e+00 3.484563079509470640e+00 6.245644457944593775e+00 -7.275470736223239143e+00 4.073868559027353342e+00 9.794044025658999786e+00 -5.932094527708727805e-01 -9.114942221186425053e-01 2.994956287500348147e+00 2.853760557107018592e+00 8.467990645314934284e+00
1.783843453831275960e+00 -1.301924458265086182e+00 3.771598443127270439e+00 7.531836079001413609e+00 3.054049454447168355e+00 3.495985368397111159e+00 6.216323292909538445e+00 -7.260642818910000074e+00 4.093901095421352387e+00 9.811671919731770330e+00 -5.698799928427347172e-01 -8.907793896878966056e-01 2.990376112753867943e+00 2.858476646254309639e+00 8.459892682489888571e+00
1.783235966219993029e+00 -1.295158230054173520e+00 3.780362430209287528e+00 7.553202242458987747e+00 3.042662284363237379e+00 3.477144035155848023e+00 6.232496605015090729e+00 -7.271988587823186023e+00 4.095237246028791134e+00 9.819514821035467023e+00 -5.631137646318213896e-01 -8.820154026058800723e-01 3.011742276211442082e+00 2.847089476170378664e+00 8.471526987924042018e+00
1.787747321822788393e+00 -1.292507738573960063e+00 3.785145689809422898e+00 7.572991312595543256e+00 3.038736106913079382e+00 3.461074555242818374e+00 6.252373885681562271e+00 -7.284145667840538962e+00 4.096041513336623474e+00 9.826705761335603029e+00 -5.604632731516080435e-01 -8.772321430057448133e-01 3.031531346347998479e+00 2.843163298720220666e+00 8.479839062810095029e+00
