7.161618177540657326e-01 3.672702281821011994e+00 3.621348905353436010e+00 5.541827502464600208e+00 4.770225518997524894e+00 8.949076995163146586e-03 4.983593317608915996e+00 1.342379281480446718e+00 5.048570769409402859e-01 2.185646163814746856e+00 3.727314908067086208e+00 2.982757603488082498e+00 1.144785087116580169e-01 5.974930595031913150e+00 2.731603458858998135e+00
6.820626984067262866e-01 3.638650241596032231e+00 3.614928996203591982e+00 5.510447489088805106e+00 4.749414833118450474e+00 9.412334872754835047e-03 4.993359298350429576e+00 1.363213196415043349e+00 5.152024297990379642e-01 2.186451390732262912e+00 3.693262867842106445e+00 2.976337694338238471e+00 8.309849533586319281e-02 5.954119909152838730e+00 2.734765338538556634e+00
5.433597796470078789e-01 3.498564586863517345e+00 3.538117783270134264e+00 5.415565443482885932e+00 4.591936864050254918e+00 1.137066858528192059e-01 5.111345899290533623e+00 1.509203540445236857e+00 6.964221394162714018e-01 2.149406933419274690e+00 3.553177213109590671e+00 2.899526481404780309e+00 -1.178355027005582867e-02 5.796641940084642286e+00 2.687636681256899251e+00
6.041418163776391959e-01 3.570093335008393431e+00 3.534287849916556201e+00 5.488506903630496758e+00 4.664351707910392442e+00 6.834057236374388444e-02 5.027410480111083046e+00 1.419669247645172439e+00 6.535447571779398057e-01 2.203187702091884859e+00 3.624705961254466757e+00 2.895696548051202246e+00 6.115790987755481689e-02 5.869056783944779809e+00 2.681401697856159227e+00
6.586668229375006733e-01 3.632205972272740890e+00 3.550203409230651364e+00 5.545359676312547670e+00 4.763341881338806871e+00 -1.179647516790588435e-03 4.932388781575474113e+00 1.320328734193997100e+00 5.581105322607911035e-01 2.250823407216025362e+00 3.686818598518814660e+00 2.911612107365297408e+00 1.180106825596056452e-01 5.968046957373194239e+00 2.689078628028970019e+00
7.208529235429708137e-01 3.694143847138978032e+00 3.606267314374893562e+00 5.573681537106883965e+00 4.903288496240398864e+00 -1.519261499641066104e-01 4.795503302431436410e+00 1.177849814269491313e+00 3.556973201522315442e-01 2.289513552025438603e+00 3.748756473385051802e+00 2.967676012509539607e+00 1.463325433539420517e-01 6.107993572274786231e+00 2.745786984343518089e+00
9.122118234534385417e-01 4.477392180756562645e+00 3.012438683134150530e+00 7.678852040571207738e+00 5.962151935480808795e+00 1.813488384788650043e+00 4.468564313866515647e+00 8.662689727989069111e-01 2.382911646830203178e+00 2.240404081757974897e+00 4.532004807002635083e+00 2.373847381268797019e+00 2.251503046818265297e+00 7.166857011515196163e+00 1.683401785706698073e+00
9.574110016430257275e-01 4.687720272323886661e+00 2.957801953881038504e+00 7.591107207225561204e+00 5.962862897503565129e+00 1.422012150921174722e+00 4.802480493190390831e+00 1.267743679403593005e+00 1.944329049622201655e+00 1.806765535932478572e+00 4.742332898569961763e+00 2.319210652015685437e+00 2.163758213472618763e+00 7.167567973537951609e+00 1.650826246941936803e+00
9.497130789945329443e-01 4.575923736647164120e+00 2.956990081961091477e+00 7.675340816730944482e+00 5.951197802907993051e+00 1.521155452985678780e+00 4.704089921643404892e+00 1.134891742572654127e+00 2.100051132770259787e+00 1.929212641067996836e+00 4.630536362893240110e+00 2.318398780095736633e+00 2.247991822978002041e+00 7.155902878942377754e+00 1.674267447098942041e+00
9.505713762437165704e-01 4.579238887748939391e+00 2.957012662728379038e+00 7.671068746538774796e+00 5.951484480771897623e+00 1.519564158137076237e+00 4.707725777212742990e+00 1.139178596636009067e+00 2.095588506513331062e+00 1.925177803818493683e+00 4.633851513995015381e+00 2.318421360863024194e+00 2.243719752785832355e+00 7.156189556806282326e+00 1.674160162812135200e+00
9.496803770374979692e-01 4.560416204442928390e+00 2.955694727240814501e+00 7.715027161016569934e+00 5.942228990562165691e+00 1.500919195218998636e+00 4.698583635122050239e+00 1.125306113326655311e+00 2.114963277625624638e+00 1.930933761046467412e+00 4.615028830689003492e+00 2.317103425375461878e+00 2.287678167263630158e+00 7.146934066596548618e+00 1.674696272308723088e+00
9.488544341146475380e-01 4.559654077851948983e+00 2.956116810107186410e+00 7.714636509530352626e+00 5.942913729003598711e+00 1.502796408231688696e+00 4.697567083974063529e+00 1.123813187776920852e+00 2.115963639791589301e+00 1.932537080536498308e+00 4.614266704098024974e+00 2.317525508241834231e+00 2.287287515777412850e+00 7.147618805037980749e+00 1.674178771561775303e+00
9.456688421666972211e-01 4.559477917247106937e+00 2.958063537838210078e+00 7.702742408886364522e+00 5.947972125633362417e+00 1.513764543795450113e+00 4.698316517492915345e+00 1.120415150225598122e+00 2.116033355550470674e+00 1.936294412084832883e+00 4.614090543493182928e+00 2.319472235972858343e+00 2.275393415133425634e+00 7.152677201667743567e+00 1.671699947924192964e+00
9.446762462802975602e-01 4.557726556257157391e+00 2.958379309284350889e+00 7.704043117204110835e+00 5.948415730779223587e+00 1.516009390080793384e+00 4.695823433163272220e+00 1.117628148674628230e+00 2.118532220517904019e+00 1.939280046923693268e+00 4.612339182503233381e+00 2.319788007418999154e+00 2.276694123451171947e+00 7.153120806813602961e+00 1.671367287852510763e+00
9.520429833150596544e-01 4.551987446307399487e+00 2.952481923368222905e+00 7.744452083287145960e+00 5.934329926176064696e+00 1.482600964908848296e+00 4.691780067340100224e+00 1.119322457549845495e+00 2.122836578279180930e+00 1.933562617879190260e+00 4.606600072553475478e+00 2.313890621502870726e+00 2.317103089534206628e+00 7.139035002210443182e+00 1.677589219248489805e+00
9.303323902401551271e-01 4.533638663741936803e+00 2.962138060274254414e+00 7.681065448874749180e+00 5.966791951001980010e+00 1.541628797872244938e+00 4.705710886361971212e+00 1.083364771733709597e+00 2.131617599518598638e+00 1.957186652763898360e+00 4.588251289988013681e+00 2.323546758408902235e+00 2.253716455121809403e+00 7.171497027036358496e+00 1.659462574032623206e+00
9.095385067453348737e-01 4.526763486698871297e+00 2.976185906071525888e+00 7.651668817815212797e+00 5.983162291545581546e+00 1.621661427312798942e+00 4.667503088643271347e+00 1.055375485836999028e+00 2.161342352858789617e+00 2.001147742077520775e+00 4.581376112944949064e+00 2.337594604206173710e+00 2.224319824062273021e+00 7.187867367579960920e+00 1.653011640311970343e+00
8.990907800294704044e-01 4.510843021183204904e+00 2.981024227087200273e+00 7.663217428005633991e+00 5.985492569904756976e+00 1.642920587957710454e+00 4.643836311392171901e+00 1.029032437338279538e+00 2.185516633272478693e+00 2.029857070703116051e+00 4.565455647429282671e+00 2.342432925221847650e+00 2.235868434252694659e+00 7.190197645939136351e+00 1.652926988802760677e+00
-2.122043022932101897e-01 3.311770541410064439e+00 3.976685675009671073e+00 7.658479611131066456e+00 6.385461133886050078e+00 5.547368316337296434e+00 1.859638623803838264e+00 -1.219264300814412172e+00 4.965954763739132360e+00 4.993214774856155280e+00 3.366383167656142206e+00 3.338094373144323335e+00 2.231130617378130676e+00 7.590166209920433893e+00 1.605260174556666364e+00
-1.619300934784096424e-01 3.396488997936838228e+00 3.932118637299041986e+00 7.699019641559448068e+00 6.379323245910336837e+00 5.549387231682329613e+00 1.836173672648404587e+00 -1.151921178159432735e+00 4.891790861456124517e+00 4.951691962450440521e+00 3.451101624182915995e+00 3.293527335433694248e+00 2.271670647806512289e+00 7.584028321944721540e+00 1.668687470438690479e+00
-3.961814154702233970e-01 3.169403398357628632e+00 3.929633223001469222e+00 7.490575599147395458e+00 6.298707114761612935e+00 5.541068907371355046e+00 1.971764878293588152e+00 -1.329629603775476232e+00 5.047923969378746989e+00 5.147067348318063118e+00 3.224016024603706398e+00 3.291041921136121040e+00 2.063226605394459234e+00 7.503412190795997638e+00 1.541064745569708627e+00
-1.223522225083519821e+00 2.451318840560235746e+00 3.944636239492383289e+00 6.793678338377629800e+00 6.154986237688501838e+00 5.378977370538803093e+00 1.906053307781451656e+00 -1.728779277079532495e+00 5.440824178224636043e+00 5.906275939758410587e+00 2.505931466806312624e+00 3.306044937627035996e+00 1.366329344624698239e+00 7.359691313722881212e+00 1.115161519630866405e+00
-1.221708816320059565e+00 2.448237177546836563e+00 3.941187812750339248e+00 6.798942822402747055e+00 6.153594167624324207e+00 5.380150332128610380e+00 1.906811288980208685e+00 -1.729089354604599560e+00 5.441137641909851830e+00 5.902247620701756681e+00 2.502849803792913441e+00 3.302596510884992398e+00 1.371593828649815938e+00 7.358299243658704469e+00 1.115742299722080944e+00
-1.589246662915583475e+00 1.137630498293415560e+00 2.623065269430758573e+00 7.602045693101139534e+00 6.162227113669966450e+00 6.429371307303186178e+00 1.899152535335390413e+00 -2.650018284200750696e+00 6.393775455815490893e+00 6.103335917709695302e+00 1.192243124539495991e+00 1.984473967565411723e+00 2.174696699348209528e+00 7.366932189704344047e+00 1.384950752170706068e+00
-1.547941655454107890e+00 1.177813857817610943e+00 2.562338305362335422e+00 7.684746435665663178e+00 6.240772365682659029e+00 6.345603625447282958e+00 1.977520804064524684e+00 -2.671623935334144662e+00 6.407527670085745086e+00 6.143511755801100094e+00 1.232426484063691152e+00 1.923747003496988350e+00 2.257397441912733171e+00 7.445477441717036626e+00 1.466615077181787852e+00
-1.312403739151263071e+00 1.317354982014860898e+00 3.378329863184874604e-01 1.220179623530940916e+01 1.027125687424666012e+01 1.362973797054111813e+00 5.152150201915568495e+00 -2.357627464708325959e+00 6.478401304293110563e+00 8.914435246433754401e+00 1.371967608260942439e+00 -3.007583155468573910e-01 6.774447241556487143e+00 1.147596195028104127e+01 5.676798018769720677e+00
-1.042025189386988737e+00 1.472026876880164092e+00 1.321240887206384662e-01 1.216731398839230316e+01 1.016777798833127378e+01 1.703804216428376650e+00 4.959724082727712258e+00 -2.556485264178723238e+00 6.328582972783007854e+00 9.159560371962204073e+00 1.526639503126245634e+00 -5.064672131447062187e-01 6.739964994639381146e+00 1.137248306436565493e+01 5.917041520836187729e+00
-1.015893205953893208e+00 1.462888275316394759e+00 1.070676286944673428e-01 1.219267305555368530e+01 1.019280663470131110e+01 1.693641151800561184e+00 4.973349083610428600e+00 -2.545079557425567796e+00 6.340367548278953436e+00 9.152171688268753158e+00 1.517500901562475857e+00 -5.315236731708787854e-01 6.765324061800764177e+00 1.139751171073569402e+01 5.896108331443125294e+00
-1.085157480495705151e+00 1.479211347807606325e+00 1.572767454315961433e-01 1.218819876193349216e+01 1.018891085523205220e+01 1.622808601337812684e+00 5.028439553230588999e+00 -2.527471068202043813e+00 6.343902351420788399e+00 9.097543111941590155e+00 1.533823974053687200e+00 -4.813145564337502069e-01 6.760849768180571928e+00 1.139361593126643513e+01 5.902552538461225851e+00
-1.075770076609539050e+00 1.480586432691856080e+00 1.459985597788738543e-01 1.219811487120418469e+01 1.019805170383629012e+01 1.620135757708848434e+00 5.031847937377730950e+00 -2.524546840676992865e+00 6.346915339131210310e+00 9.095375941328917690e+00 1.535199058937936734e+00 -4.925927420864726902e-01 6.770765877451265347e+00 1.140275677987067304e+01 5.898885279337997112e+00
