8.758693426114720904e-01 4.666610199773858270e+00 4.225455701188363555e+00 2.016089708127622337e+00 1.447268278776384198e+00 2.701449076337143929e+00 2.283459869555623190e+00 2.008293999262885876e+00 1.575170742844224370e-01 8.747871572458677525e-01 7.682402688115863576e-01 2.037104743812859997e+00 1.470458548418759559e+00 3.131098723499791792e+00 2.230032959915678514e+00
8.874370432867236813e-01 4.671847881904210631e+00 4.225399184659834440e+00 2.054202126025024278e+00 1.489037846268465470e+00 2.689434901801544431e+00 2.303923932901613014e+00 2.028534444275929438e+00 1.271505848277915685e-01 8.742397861409100246e-01 7.734779509419392740e-01 2.037048227284329993e+00 1.508570966316161499e+00 3.172868290991873508e+00 2.250858420500943868e+00
9.064436191855874680e-01 4.688141022026163895e+00 4.222738197409833028e+00 2.108433195076114153e+00 1.550502930748106634e+00 2.651308433315194169e+00 2.312686527537273218e+00 2.036792744220929041e+00 9.696287909373024760e-02 8.794334643959496045e-01 7.897710910638929827e-01 2.034387240034328581e+00 1.562802035367251596e+00 3.234333375471514671e+00 2.262803049929686505e+00
8.901672552029882279e-01 4.654268106850013353e+00 4.230130492241881868e+00 2.057812191120403700e+00 1.492143684335930143e+00 2.720810018484590032e+00 2.334226950841120640e+00 2.059247536901732012e+00 1.116791238301176881e-01 8.608137563142871374e-01 7.558981758877432178e-01 2.041779534866378309e+00 1.512181031411540921e+00 3.175974129059337958e+00 2.276354839332893398e+00
8.957130463943476784e-01 4.676797888852950003e+00 4.226273357442588363e+00 2.090340733559555186e+00 1.530919928989381340e+00 2.683014884667607625e+00 2.334733790870460624e+00 2.059355006088933404e+00 1.005147418537668813e-01 8.615887285015606523e-01 7.784279578906802000e-01 2.037922400067084361e+00 1.544709573850692852e+00 3.214750373712789155e+00 2.268988385788880624e+00
9.190631613931610211e-01 4.731515658914699607e+00 4.214989561747797708e+00 2.170345471320598296e+00 1.625836750737181813e+00 2.570066252747731816e+00 2.304840987291215448e+00 2.028091790437318576e+00 8.372364355817410453e-02 8.827566619231232981e-01 8.331457279524308035e-01 2.026638604372294150e+00 1.624714311611735962e+00 3.309667195460589184e+00 2.242904885376083790e+00
8.967194303884099549e-01 4.804054625805334489e+00 4.200782854923568621e+00 2.215698649364467254e+00 1.676314929405194887e+00 2.490663712166018673e+00 2.297165668024838237e+00 2.017382507199281694e+00 3.357666089600911535e-02 8.796350047774014191e-01 9.056846948430639088e-01 2.012431897548063287e+00 1.670067489655606030e+00 3.360145374128604701e+00 2.217263111198882974e+00
8.986255154841185089e-01 4.809169250654875327e+00 4.202305034959249674e+00 2.227815907072610901e+00 1.688747984231895760e+00 2.476267737148388992e+00 2.289194827797340182e+00 2.008564930663917725e+00 2.630444984657775293e-02 8.841565388509915469e-01 9.107993196926053026e-01 2.013954077583743896e+00 1.682184747363749899e+00 3.372578428955305796e+00 2.216169948503814435e+00
7.127376563578208257e-01 5.059528039325078552e+00 4.293800845002337496e+00 2.427732555759888111e+00 1.889559224712566987e+00 2.218141180657829725e+00 2.333110168561570941e+00 2.015077888226449510e+00 -3.940570303332212587e-01 7.675337443422191042e-01 1.161158108362809083e+00 2.105449887626830829e+00 1.882101396051027553e+00 3.573389669435973914e+00 2.128891812990052923e+00
6.927023374358476371e-01 5.048299285081714771e+00 4.301674889591275530e+00 2.428459216289696965e+00 1.896847163433724726e+00 2.199714732120678917e+00 2.317386837127904275e+00 2.009564382574548169e+00 -4.030538967269118311e-01 7.675255806680469917e-01 1.149929354119444636e+00 2.113323932215769307e+00 1.882828056580836407e+00 3.580677608157130098e+00 2.107805534377684253e+00
6.900591453046578394e-01 5.043304311566120468e+00 4.303161021028885536e+00 2.431944650744204850e+00 1.901654014042629459e+00 2.193233893716321603e+00 2.311703373419994101e+00 2.007065123117359295e+00 -4.058907634481550564e-01 7.690266759077550862e-01 1.144934380603850999e+00 2.114810063653379757e+00 1.886313491035344292e+00 3.585484458766035054e+00 2.104333817311246690e+00
8.686693338622401006e-01 5.094963739369569922e+00 4.235000675885859600e+00 2.471621944300367968e+00 1.889119102221389790e+00 2.327338298038899023e+00 2.416787725303595646e+00 2.024728768525859923e+00 -3.384767858877814062e-01 7.920595094270473924e-01 1.196593808407300230e+00 2.046649718510352489e+00 1.925990784591506966e+00 3.572949546944794719e+00 2.286211534210016438e+00
6.176567489360702545e-01 5.108042039451505367e+00 4.296951266471132236e+00 2.318328080852131823e+00 1.772726264802558571e+00 2.360241641116092914e+00 2.446812880576549887e+00 2.054012179704062024e+00 -3.749977888787681679e-01 7.586318575122334984e-01 1.209672108489234343e+00 2.108600309095625569e+00 1.772696921143270377e+00 3.456556709525962390e+00 2.038399122042419354e+00
6.151727672407018011e-01 5.093746292518043006e+00 4.318214559661356589e+00 2.313499588824189601e+00 1.770316218074351688e+00 2.366779531066314224e+00 2.452566857476315310e+00 2.062510435314865997e+00 -3.919750429303695549e-01 7.419167590723986239e-01 1.195376361555771982e+00 2.129863602285849922e+00 1.767868429115327489e+00 3.454146662797755063e+00 2.041084219709978775e+00
1.564542235198061348e+00 4.613656143229214024e+00 4.069821987279095055e+00 3.880439050146009983e+00 3.090958575614936699e+00 1.424473136407696128e+00 1.513814238213333940e+00 1.188530098293631543e+00 1.312356865269594941e-01 1.444868838793880617e+00 7.152862122669434441e-01 1.881471029903588610e+00 3.334807890437149425e+00 4.774789020338342738e+00 2.707664998313382476e+00
1.473893414001740121e+00 4.590003383452101460e+00 4.152739417805565658e+00 3.944990234451757338e+00 3.153778694403901905e+00 1.367380585306120722e+00 1.568952514444814650e+00 1.213588377060307311e+00 2.343932359841545410e-01 1.469389355748242032e+00 6.916334524898306579e-01 1.964388460430059213e+00 3.399359074742896780e+00 4.837609139127307500e+00 2.809427525305895124e+00
4.073205544410419598e+00 5.109588601524869489e+00 1.085321102301846530e+00 2.599674288976062897e+00 1.893443749630553175e+00 3.464820493379752619e+00 2.605747313936654930e-01 3.247117270618771201e-02 -2.911810801261744963e+00 1.242177759785534130e+00 1.211218670562597577e+00 -1.103029855073655474e+00 2.054043129267205003e+00 3.577274194353959658e+00 -3.818864101946939371e-01
3.083116650318643792e+00 5.981090791679288365e+00 1.777384187363249879e+00 3.265931009808951568e+00 1.183686716644788417e+00 3.261360399813384880e+00 7.012714438279341045e-02 -1.698100622027556295e-01 -3.522521723561222728e+00 8.935354548940167563e-01 2.082720860717016453e+00 -4.109667700122524581e-01 2.720299850100094119e+00 2.867517161368194234e+00 -1.665878816447653177e-01
2.068559078864202760e+00 7.057700143001504500e+00 2.849760588332686417e+00 4.412919991539276943e+00 3.329946470391931257e-02 3.195510138503781405e+00 -3.612617665536063116e-01 -5.469873791027976551e-02 -3.641041783494196160e+00 7.245019646978911876e-01 3.159330212039232144e+00 6.614096309571843024e-01 3.867288831830420825e+00 1.717129909427326906e+00 -8.359565103550127274e-01
2.094279953476660960e+00 7.031453099381949734e+00 2.831202712568173574e+00 4.392716365379415677e+00 4.659793754394216114e-02 3.219035380050384809e+00 -3.889939454261380214e-01 -3.401875519108752549e-02 -3.671092537052842442e+00 7.306409151333884688e-01 3.133083168419741327e+00 6.428517551926458129e-01 3.847085205670677244e+00 1.730428382267386489e+00 -8.396019439203992185e-01
2.111129656606244964e+00 7.012883135006787505e+00 2.819202566368291141e+00 4.379629586277032693e+00 6.658526015803380160e-02 3.260010698687952679e+00 -4.352076078702107331e-01 4.658513654795214121e-03 -3.714349264967895081e+00 7.540844919795534063e-01 3.114513204044579986e+00 6.308516089927633796e-01 3.833998426568292928e+00 1.750415704881478129e+00 -8.482097130515919847e-01
2.125294570089722779e+00 7.010368727138631684e+00 2.813158674768967416e+00 4.373216319847972322e+00 -2.041594908812720266e-02 3.114191052117607494e+00 -2.684982226976981856e-01 -1.360525946323784818e-01 -3.608682280232871076e+00 6.294829971632632803e-01 3.111998796176424609e+00 6.248077173934396544e-01 3.827585160139232556e+00 1.663414495635317181e+00 -8.226978924690769857e-01
2.137987397868886141e+00 6.997237967251825452e+00 2.801082142940126030e+00 4.361912797232979422e+00 -3.476077119452990194e-02 3.084679189421321244e+00 -2.474637353308926369e-01 -1.570918482042019115e-01 -3.582867838428070772e+00 6.231540808382007857e-01 3.098868036289618377e+00 6.127311855645981575e-01 3.816281637524240988e+00 1.649069673528914537e+00 -8.122201437471520125e-01
2.138995952738946382e+00 7.037353487860309897e+00 2.856443479319615619e+00 4.352087757166204440e+00 5.752969249272057439e-01 4.298928005846958555e+00 -1.467729368694059566e+00 1.001983432504157223e+00 -4.582151070893236700e+00 1.307607348385725343e+00 3.138983556898100158e+00 6.680925219440867480e-01 3.806456597457464230e+00 2.259127369650651307e+00 -9.198413744835907124e-01
2.061231951330358303e+00 6.993595195477302795e+00 2.725498402032834999e+00 4.441245481484447311e+00 7.109625456713922764e-01 4.514656799958041589e+00 -1.664505734452737418e+00 1.173459149480831964e+00 -4.729508308434598796e+00 1.381433826918302188e+00 3.095225264515093055e+00 5.371474446573064609e-01 3.895614321775707545e+00 2.394792990394837950e+00 -8.264545570083553505e-01
2.015311230453033176e+00 6.989906694743223348e+00 2.704376600281076737e+00 4.443298236968408865e+00 7.405140443367671521e-01 4.538165494515003395e+00 -1.712638819362528375e+00 1.220494647743515237e+00 -4.772972076242151473e+00 1.424990927435009658e+00 3.091536763781012720e+00 5.160256429055486427e-01 3.897667077259669099e+00 2.424344489060212826e+00 -8.203990240073341100e-01
6.463329848710904102e+00 7.687662376878773074e+00 3.518382032827428674e+00 3.835700348494207379e+00 -2.132811908683097446e+00 2.076403090983266253e+00 3.436514573386895144e+00 -3.786428736846586318e+00 -1.161889307524781589e+00 -2.158778483811470750e+00 3.789292445916565555e+00 1.330031075451901135e+00 3.290069188785467613e+00 -4.489814639596509949e-01 -2.228636561219413004e+00
5.959688713741432053e+00 9.609081260176706607e+00 1.636323531518922847e+00 5.813559371639268392e+00 -1.560713760045858933e+00 1.662431448698691527e+00 2.688106265636067249e+00 -3.168360820367990272e+00 -9.453169643077365958e-01 -1.132062213702472731e+00 5.710711329214504417e+00 -5.520274258566044701e-01 5.267928211930528626e+00 1.231166846775875179e-01 -9.455215786836530523e-01
6.018210855855993913e+00 9.592833630621379726e+00 1.679477587798703819e+00 5.770836188715551707e+00 -1.520658021037281760e+00 1.679294154222715996e+00 2.684497280109733097e+00 -3.103465237488321815e+00 -9.202678210818487914e-01 -1.186667927945090906e+00 5.694463699659176648e+00 -5.088733695768233867e-01 5.225205029006811941e+00 1.631724236861647193e-01 -9.266249042027203675e-01
4.413983846500535435e+00 9.159259134117482049e+00 1.281026521075580904e+00 6.170308818497190373e+00 -2.882685435713653987e+00 1.316125886259422950e+00 2.579996139793875987e+00 -4.898726048297014302e+00 -1.407306290601805010e+00 1.001265921616312227e-02 5.260889203155278082e+00 -9.073244362999460799e-01 5.624677658788452383e+00 -1.198854990990207980e+00 -1.760474931712208813e+00
