2.828356156927932741e+00 3.829575761474107054e+00 2.277226267304839791e+00 5.460941649589173608e+00 5.278398728250003558e+00 3.997722625130063073e-02 6.752703714765224685e-01 1.939859135091237530e+00 4.617184649938815610e+00 4.857491617105108794e+00 1.818090907716855220e+00 6.061781457897811087e+00 1.559016776186499031e+00 2.498679119769956269e+00 3.840165253041905480e+00
1.633888702305549501e+00 2.650029729748950125e+00 1.702547642789363325e+00 5.434778411857011271e+00 5.088659179439672720e+00 -3.224892907437652834e-03 9.057524821737463760e-01 1.272590822155516666e+00 3.392491694060378205e+00 4.788818041668701397e+00 6.385448759916985129e-01 5.487102833382335731e+00 1.532853538454336029e+00 2.308939570959626320e+00 5.018953115317954072e+00
1.503980822739188206e+00 2.520076045910721874e+00 1.605593203061657981e+00 5.438486445620664966e+00 5.088402649743225759e+00 4.078129513351239771e-02 8.625454722676573205e-01 1.154417171240676554e+00 3.255024284720514860e+00 4.724960403790325003e+00 5.085911921534703728e-01 5.390148393654630610e+00 1.536561572217989280e+00 2.308683041263179359e+00 5.143826990306985536e+00
1.517102289635812618e+00 2.533026286188020837e+00 1.643070546340360760e+00 5.466338472120839675e+00 5.049266932746366621e+00 -1.267017238136576573e-02 9.127948877619181944e-01 1.241505223325728879e+00 3.286564005081099804e+00 4.782078480685750144e+00 5.215414324307698912e-01 5.427625736933332945e+00 1.564413598718164433e+00 2.269547324266321109e+00 5.128481602288928798e+00
1.304275109710699043e+00 2.321414461668474871e+00 1.461932692702476055e+00 5.336347317410107927e+00 5.236003105050601292e+00 3.102162618477362077e-01 5.903791869250943902e-01 7.870412969157727368e-01 3.028262920302625893e+00 4.406680435685673913e+00 3.099296079112244806e-01 5.246487883295447574e+00 1.434422444007432018e+00 2.456283496570555336e+00 5.307537861150014358e+00
1.298526971888598336e+00 2.297746162521850710e+00 1.476241954612157903e+00 5.336244941280044785e+00 5.232084438942984583e+00 3.728465089967186730e-01 5.416898945711894342e-01 7.275692292454253307e-01 2.979508265613438844e+00 4.387746247818788525e+00 2.862613087646004306e-01 5.260797145205129866e+00 1.434320067877368432e+00 2.452364830462938627e+00 5.357382439658412210e+00
1.220847486059739362e+00 2.169663990067042025e+00 1.463046593704000475e+00 5.309830432752493223e+00 5.238649301437696693e+00 5.849346697797406236e-01 3.976358127849164426e-01 5.171010226695914591e-01 2.759524050242183169e+00 4.345879201952208781e+00 1.581791363097915792e-01 5.247601784296972660e+00 1.407905559349817315e+00 2.458929692957649848e+00 5.569176471409710061e+00
1.143737357220677264e+00 2.316841454103697906e+00 1.267221233883277343e+00 5.086672513576871779e+00 5.605009971156665216e+00 1.912159436582228089e-01 2.042427581272762138e-01 5.235788256196186596e-01 3.011518467520110320e+00 4.317479977168543037e+00 3.053566003464474043e-01 5.051776424476248195e+00 1.184747640174194094e+00 2.825290362676618816e+00 5.164710317606036050e+00
1.096746518312854413e+00 2.276002188094518708e+00 1.205974053843078542e+00 4.956539951242916686e+00 5.717440202760355916e+00 5.933309832954822283e-02 2.711451371131028409e-01 5.951908751834072975e-01 3.081921839849267819e+00 4.190572652266641995e+00 2.645173343372679287e-01 4.990529244436049616e+00 1.054615077840239223e+00 2.937720594280309072e+00 5.098636861282209942e+00
1.127644018216655164e+00 2.306828044815804724e+00 1.236751803007571260e+00 4.980512263562340891e+00 5.692365871772183006e+00 6.090770795788767039e-02 2.719666155974014843e-01 5.956035386466014270e-01 3.077058113814019613e+00 4.182874932755567876e+00 2.953431910585582743e-01 5.021306993600541446e+00 1.078587390159662318e+00 2.912646263292135274e+00 5.125938283150190955e+00
1.128476310868299581e+00 2.307994155450364016e+00 1.242077100349582297e+00 5.004687284530920266e+00 5.670077298880721095e+00 7.249862743486221173e-02 2.705565349663984764e-01 5.946115668828846346e-01 3.081136229251427050e+00 4.204734826485779564e+00 2.965093016931178993e-01 5.026632290942552039e+00 1.102762411128241693e+00 2.890357690400672919e+00 5.129441277987972114e+00
1.033250194627326035e+00 2.217544573186510881e+00 1.202650508959904663e+00 5.211738024858526330e+00 5.489175702242497401e+00 2.382141096905767141e-01 2.248093297147737701e-01 5.519875027765044351e-01 3.093834358711697874e+00 4.527013405278135671e+00 2.060597194292642098e-01 4.987205699552874627e+00 1.309813151455847757e+00 2.709456093762448781e+00 5.106576038039337462e+00
1.032908367679531869e+00 2.226075524335425104e+00 1.191494771201104586e+00 5.149372641986590615e+00 5.547534558050474018e+00 1.514539712667209437e-01 2.564225084757436601e-01 5.739864344781729910e-01 3.135148208110392520e+00 4.443595659560608979e+00 2.145906705781782664e-01 4.976049961794074328e+00 1.247447768583912264e+00 2.767814949570424954e+00 5.081574983822050307e+00
6.034027567055237906e-01 1.781478653378417931e+00 9.671389526296474415e-01 5.619903911036683297e+00 5.085234779304250274e+00 8.834636159290218949e-01 -3.063859430859933175e-02 3.769890214462908729e-01 2.828626898674101220e+00 5.628688533121822601e+00 -2.300062003788288512e-01 4.751694143222617406e+00 1.717979037634004502e+00 2.305515170824200766e+00 5.090180099536907754e+00
-2.731078411514228366e-01 8.385324018849693584e-01 -2.076572429779499629e-02 4.999610795896860971e+00 6.190118669193876322e+00 8.505051740035272090e-01 -2.304147958905932991e-01 4.598453088189988769e-01 1.733733328689823772e+00 5.545972870717204017e+00 -1.172952451872279811e+00 3.763789466295177633e+00 1.097685922494179067e+00 3.410399060713821484e+00 6.411427640744713052e+00
-3.075324291360241880e-01 8.022538469557796148e-01 -5.365319662234098452e-02 4.978507903350530839e+00 6.239097751051152052e+00 8.443629207002235626e-01 -2.165603354260236257e-01 4.679712364305318451e-01 1.746076399878906615e+00 5.544538777918206485e+00 -1.209231006801469777e+00 3.730901993970630937e+00 1.076583029947848491e+00 3.459378142571097658e+00 6.448358876324356004e+00
1.480191281906074741e+00 3.190458767427359899e+00 2.261164482584045121e+00 6.921024913255508615e+00 3.568101868687885592e+00 1.538329028723510739e+00 -6.828960854561369476e-02 1.523475266945628626e-02 1.063159655335893516e+00 5.648358227835816869e+00 1.178973913670109619e+00 6.045719673177015530e+00 3.019100039852826711e+00 7.883822602078320863e-01 4.001515451424937808e+00
1.535444793747389181e+00 3.199399993473338810e+00 2.263800087528771154e+00 6.923132454518450274e+00 3.554847803588380817e+00 1.523442726322714380e+00 -1.118763496485410402e-01 1.271975985697379463e-04 1.046723238857064198e+00 5.695467796467839072e+00 1.187915139716088309e+00 6.048355278121740675e+00 3.021207581115768370e+00 7.751281951083275334e-01 4.042653906628608240e+00
1.766990104938278794e+00 3.215396378488926121e+00 2.244551249786381764e+00 6.903856392894288874e+00 3.597605338940349728e+00 1.426606471844379387e+00 -2.963146750848283939e-01 -1.045266142068731197e-01 1.021560922255267956e+00 5.899873377263199714e+00 1.203911524731674509e+00 6.029106440379352172e+00 3.001931519491606970e+00 8.178857304602965561e-01 4.218407211177312099e+00
1.666761696019018135e+00 3.232826618457656842e+00 2.300650078279611321e+00 6.948765835300089400e+00 3.511331099475622608e+00 1.520452526151675032e+00 -2.240386859599407532e-01 -1.334114996178439871e-02 9.911901802021521046e-01 5.801161566120383917e+00 1.221341764700405230e+00 6.085205268872581286e+00 3.046840961897407496e+00 7.316114909955693246e-01 4.113158411403787795e+00
-5.348966878652330337e+00 3.650259629100862657e+00 4.090449406587030268e+00 8.630375474117053969e+00 1.334851146087805862e+00 4.186140394771037165e+00 5.863131761660621777e+00 2.364558952975654105e+00 3.197464196375515044e+00 -1.306390898974716386e+00 1.638774775343611712e+00 7.875004597180005561e+00 4.728450600714381835e+00 -1.444868462392254527e+00 4.066205354044085674e-01
-5.353599993186294981e+00 3.672972001697186073e+00 4.114384827486449403e+00 8.601007320988776073e+00 1.362632063162995788e+00 4.222552178980087945e+00 5.875209328656827878e+00 2.371826439167393108e+00 3.199355080141176533e+00 -1.302165173710693624e+00 1.661487147939935127e+00 7.898940018079424696e+00 4.699082447586104827e+00 -1.417087545317064601e+00 4.159016873101670231e-01
-5.368487663591357872e+00 3.681849841915285637e+00 4.129642121015971945e+00 8.586711129308799428e+00 1.378275774558224809e+00 4.224107170784740184e+00 5.873660561318446938e+00 2.367111648949824065e+00 3.205081110166225766e+00 -1.296448014907777280e+00 1.670364988158034691e+00 7.914197311608948127e+00 4.684786255906127295e+00 -1.401443833921835802e+00 4.122028503408335931e-01
-5.387914506637311973e+00 3.702863985338019415e+00 4.158440345781961867e+00 8.557948580945270223e+00 1.407999700768222784e+00 4.241166083954790444e+00 5.877968876075031268e+00 2.365600201353643683e+00 3.213247803883697795e+00 -1.288146181348083452e+00 1.691379131580768469e+00 7.942995536374938936e+00 4.656023707542597201e+00 -1.371719907711837161e+00 4.122636917649396548e-01
-5.358745585722505034e+00 3.567564435719998261e+00 4.023323850955063286e+00 8.693064643557582016e+00 1.282725033212881005e+00 4.062430867090458086e+00 5.802498111860733054e+00 2.328027498676464635e+00 3.197677890687754321e+00 -1.303002561451015673e+00 1.556079581962746872e+00 7.807879041548041243e+00 4.791139770154908106e+00 -1.496994575267178718e+00 3.714982710974163993e-01
-5.512982856108904706e+00 3.740640962085248322e+00 4.324142269965928875e+00 8.495033482473425934e+00 1.494756709182731846e+00 4.100127670239788635e+00 5.967694075383768393e+00 2.250523285283686725e+00 3.343660552219781756e+00 -1.268265971971621831e+00 1.729156108327998265e+00 8.108697460558907721e+00 4.593108609070747583e+00 -1.284962899297328320e+00 4.404436662809376735e-01
-5.555240089196025188e+00 3.801939283484555787e+00 4.393476977568394837e+00 8.438373255084441027e+00 1.554865978153689543e+00 4.146094103161900080e+00 5.990171549646825078e+00 2.269858663175355673e+00 3.378108830693202780e+00 -1.236308952731898225e+00 1.790454429727304397e+00 8.178032168161372795e+00 4.536448381681761788e+00 -1.224853630326369958e+00 4.388850865493146847e-01
-5.560587081653438624e+00 3.816681723970828610e+00 4.408116225724283410e+00 8.424796618650516322e+00 1.568063928819378061e+00 4.156265515956604872e+00 5.999498095012332222e+00 2.279172540762688826e+00 3.392102274955649310e+00 -1.225535349746813329e+00 1.805196870213577442e+00 8.192671416317260480e+00 4.522871745247837083e+00 -1.211655679660681439e+00 4.357496805135251949e-01
5.989154347247049870e-01 -4.163223617559083323e+00 -5.675205151348631460e+00 1.395385006883692292e+01 -6.221737023501452413e+00 -2.721365749102078624e+00 1.299679025422035394e+00 -2.587357300395158433e+00 -2.661965026462052908e+00 -7.247830160756894458e+00 -6.174708471316336045e+00 -1.890649960755657943e+00 1.005192519543423657e+01 -9.001456631981522349e+00 1.222803765019500277e+00
-1.642242205518393394e+00 -2.217892957468269977e+00 -5.228129607942224588e+00 1.439612280020532786e+01 -8.195340700801551748e+00 -3.512598181891288363e+00 3.272810615915858534e+00 -2.998601589936109146e+00 3.178781616407508892e-01 -9.345311452718366496e+00 -4.229377811225520034e+00 -1.443574417349250183e+00 1.049419792680264329e+01 -1.097506030928162701e+01 3.845080749356550864e-01
