3.754976157204260589e-01
-3.084687129273082640e-01
-4.838609070758082553e-01
4.926407448887126228e-01
4.802959891671449988e-01
4.949029916086606362e-01
4.904666541905012833e-01
2.952882863558951021e-01
-9.332884032396071561e-02
-3.052117861730088699e-01
1.886026371204825025e-01
-4.683330307559432359e-01
-3.825427050902238113e-01
-2.377991744079401282e-01
4.453171524508054424e-01
-3.428407319452853041e-01
-3.626165401345827766e-01
-4.965779629308876286e-01
-4.945852300248342326e-01
-4.867753292904473672e-01
-4.926156930784595378e-01
-4.986874328407790435e-01
-4.727236749776871361e-01
-4.408927490075307265e-01
-3.024738443978158831e-01
9.498413324188152707e-02
4.740136486068258770e-01
-4.781243665840398949e-01
1.213313734705460251e-01
-4.258889612774527378e-01
