-1.759561230416502309e-01
-3.274561508990663228e-01
9.921710500126131732e-03
-9.699206333742351610e-03
-2.674706176768281152e-01
1.844724722738900202e-01
3.635715742255680172e-01
3.793422855079378597e-01
3.794564510028580751e-01
3.789005688252466419e-01
3.778400928599288666e-01
3.695597750162996631e-01
3.559058072682673712e-01
3.779162361893493305e-01
-6.078939771558815319e-02
1.558357914356130192e-01
3.716016897439615163e-01
3.739806462414986821e-01
-2.723567031786388037e-01
-3.350968750671803331e-01
-3.294041646872795659e-01
-3.291236218784283907e-02
1.765107978946270084e-01
-2.457092442063322779e-01
-8.062131974041943094e-02
-6.495238695059894762e-02
1.901363477799152824e-01
-1.446908587764396126e-01
-3.268396469337012666e-01
3.396899965863262594e-01
