1.708870598862768930e-01
7.404419130631022250e-02
7.778515858044586506e-02
6.489826508541352013e-02
7.170133124556997417e-02
1.841288890378205145e-01
1.856493593613235682e-01
2.168145473463276018e-01
6.605561242636319441e-02
-1.882493363689596022e-01
1.099493283998470572e-01
-1.885115597613326865e-01
-1.800379412718028094e-01
-1.960853587161319744e-01
-2.161560421624938444e-01
-1.897754936403432680e-01
8.988785555076234113e-02
-2.116888152808844847e-02
-9.917394918803276727e-02
1.534027404704268460e-01
1.685762625362149103e-01
1.328249393087266861e-01
6.037197832924613705e-02
-2.180431632471113712e-02
-1.746435821336113359e-01
-1.997745900794415941e-01
-2.027926266939877598e-01
2.536584353027302244e-02
1.350855444538940631e-01
-1.467757393061671634e-01
