-9.813618881309857378e-02
9.265335817469036450e-02
-1.698601513132294016e-01
-2.717172663952781564e-01
3.001763366231106622e-01
-2.101853498613812377e-01
6.742537487996695666e-02
-1.202119662991962545e-01
-1.724566560576851898e-02
-3.982851396855970894e-01
3.527898188943017210e-01
3.921801630768887992e-01
-3.629324107595042204e-01
-4.036044035009381248e-01
-2.800568869354027601e-01
-3.600884348663051515e-01
-1.399629656313384762e-01
-5.581605345215095992e-03
-2.578549044334249585e-01
-3.849838597985912880e-01
8.028919490888110355e-02
-1.886640310871891546e-01
-3.993742532011306245e-01
-5.035719414231037971e-02
3.816461761153927545e-01
-3.078287929687409386e-01
-1.271500427231856967e-01
2.971570327706871129e-01
-8.548757548954875191e-03
1.622608773959373918e-01
