-1.377956966664825034e-01
-2.446077959554893988e-01
-1.647489851666638083e-01
-2.008927380050496148e-01
6.296080906273437972e-02
1.379868720914372016e-01
7.934999420622862454e-02
-1.735021872778499674e-01
-2.258349527512808486e-01
-2.390190812613672278e-01
-2.442000105496811013e-01
1.009242442745974938e-01
4.235153047189402914e-02
8.237254924051212734e-02
-1.341109507718927230e-01
-1.859581487730490035e-01
2.028077442497789873e-01
1.505829008015706350e-01
7.278489843786417612e-02
1.281356503629916821e-01
8.424605087889611155e-02
3.811226250266518036e-03
1.147038347070727382e-01
1.030187746255777914e-01
1.986141270340617271e-01
-1.877459124257870038e-01
-2.087788778044955551e-01
-2.467154641813530114e-01
-2.595259074235274355e-01
-2.318548677022222171e-01
