2.132007219226791372e-01
1.661371339463349195e-01
1.171798619371539757e-02
-2.407127584341035020e-01
-2.880459697582020695e-01
-2.824122787329800266e-01
-2.709340276822121973e-01
2.682734849971550317e-01
2.623979809284918141e-01
2.794988570198362332e-01
1.831690494338764075e-02
2.738666973103480173e-01
-2.501604616646715615e-03
-2.811219745837720274e-01
6.040977928988711110e-02
2.009631809862720275e-01
-1.918703857697253712e-01
2.513041691330343275e-01
1.739240805682955027e-01
-2.839670040345819713e-01
-2.797572092396437005e-01
-2.713192070478189777e-01
-1.516510895887464988e-02
-2.131987892761687819e-01
1.853721184983251336e-01
2.269618616030013303e-01
1.647640051766322555e-01
2.939514943385829193e-01
-1.633734616666491501e-01
-1.696475851715361638e-01
