3.259189630331392473e-02
6.021029046835826848e-02
-2.622411229652921519e-02
-5.408784440119742548e-02
-2.351256994785553417e-02
-1.591650337996039152e-02
-8.516427876101206884e-02
3.605130287844481723e-02
-1.449845402870803684e-02
-4.709230105725820820e-02
-3.916180888928100928e-02
-5.672357791099925939e-02
-8.282380014976496729e-02
-4.938513985334584688e-02
-8.493053996433172492e-02
-8.933962114874677285e-02
-9.370924856104810574e-02
-9.393561380856182974e-02
-9.906114501377084880e-02
-9.686301523456432305e-02
-9.841388911884524360e-02
-1.001565598739972696e-01
-9.990782016292056034e-02
2.516423262860035051e-02
2.440955784235329315e-02
2.794388731398592812e-02
2.393070362087812084e-02
2.276787829412412964e-02
6.532180856267862101e-02
4.623554217251892723e-02
