-7.856653615007842817e-02
-7.933702418929251821e-02
-8.167156541695660965e-02
-9.711109375993492998e-02
-6.072169475865407673e-02
1.087475878584667072e-01
1.044003487776325040e-01
9.453599590069818037e-02
9.722035050092864283e-02
7.912847783840946947e-02
5.409325520917006302e-02
3.770615396923871626e-02
8.672225468721486523e-04
6.481444821872361928e-02
1.876939303214585769e-02
2.347685833957643617e-02
-1.519290638884783842e-02
8.484301243833206052e-02
8.277499951055720950e-02
8.002339397399449439e-02
6.460690878138729276e-02
-2.010130471156890836e-02
-6.749625112602820887e-02
-9.604087129317301352e-02
-1.023448990141431897e-01
-5.241884881080638436e-02
8.230107100061057057e-02
8.638362893491546846e-02
7.726132528842333258e-02
5.314059404889800303e-02
