6.190966036909963804e-02
7.897480562515013514e-02
1.106924932506214571e-01
1.188974366319375531e-01
8.618250830102842930e-02
-1.033861004880202161e-01
-9.746170519839740531e-02
1.000757686151985959e-01
8.794987879124001318e-02
5.021710616254986687e-03
-1.373449673386634498e-02
-6.635101597350039071e-02
-1.048781512570742952e-01
-1.257582447414102023e-01
-3.057859745479309110e-02
-8.718019524678796706e-02
-9.256325439997878379e-02
-4.884945952068206303e-03
-6.186192264844897482e-02
-1.079266133328634636e-01
-1.308116673359918103e-01
-7.384411066347151831e-02
-5.444773272651760865e-02
1.184997099313251506e-01
-1.081349817152657822e-01
-1.173457003945528043e-01
-1.216648217543964960e-01
-1.046286615489838701e-01
-1.053039574068707906e-01
-1.120991197403952838e-01
