2.865812012341609760e-01
2.787002251818980203e-01
1.956964572105535927e-01
1.481186490681792867e-01
-1.020333945704375023e-01
4.312371537956635748e-02
2.368037061011791233e-01
2.851564499612533887e-01
2.160782806674412804e-01
1.880901515874072172e-01
1.296424287124876285e-01
-1.671412139236259364e-01
1.971934161740966640e-01
2.324048863174634771e-01
1.172885200067478109e-02
-1.771885167849849285e-01
2.638297823901921690e-01
2.117707403986104631e-01
1.068932235618047233e-01
2.857963284559867367e-01
2.807054225070247933e-01
2.785398733839035690e-01
2.020844874388869061e-01
2.595279783552510988e-01
-2.616711978096297742e-01
-2.620138442930847744e-01
1.504615003598137601e-01
-1.197092047146954275e-01
-2.219393988527773864e-01
-1.258419248527332945e-01
