-1.024255402610361465e-01
7.037618687373664583e-02
-9.364018458878664575e-02
-1.451415728477495164e-02
-1.268504228532940370e-01
-1.301586297913478463e-01
-1.294780877937604657e-01
-1.298445493672081286e-01
1.907938653857279426e-02
1.592706529530493395e-02
1.135082699537150464e-01
1.029453433423610370e-01
2.852024824114883506e-02
-6.140923226753863123e-02
-9.043906346572717914e-02
-7.519748114555618868e-02
-1.073031720520497279e-01
-1.099841006126988791e-01
-1.064940757896046392e-01
-1.096764669951989929e-01
-1.099370909629742432e-01
-3.821803825578749814e-02
-4.898975826691250729e-02
-1.226575830618531204e-01
7.546033757218523208e-02
5.422850521002837293e-02
4.237117584749396093e-02
8.098456548646551512e-02
5.391603916032212257e-02
-9.936908475385530792e-02
