-6.750763123491258788e-02
-2.720199247518733515e-02
-3.337248113991174436e-02
-1.404275665545565432e-01
-2.050285478922808935e-01
-1.449143980146440081e-01
-1.262975335089068785e-01
1.720388919188985122e-01
1.001370376054634692e-01
2.019977113916214262e-01
2.007343394568698036e-01
1.873695934422657527e-01
1.834183263707274136e-01
1.966992692371400953e-01
-7.788284385343417250e-03
1.119964129240856587e-01
-8.173528608012302354e-02
-6.940667229572969332e-02
-1.830363180607719187e-01
-2.013550284023223613e-01
-2.009362314639011604e-01
-2.935084443633462908e-02
-8.611074343091258687e-02
-2.123182454785951107e-02
1.079499318491367599e-01
7.082266186836458366e-02
8.631255408391744210e-02
-1.876200971598723233e-01
9.462029252305718952e-02
8.967421682947887551e-02
