-9.562416564675833841e-02
-9.349742089936939615e-02
-4.720389305940341645e-02
-6.972870895878841013e-02
-6.999596953513301245e-02
-5.146624657692756150e-02
-5.217216348798757453e-02
-7.391599961708948674e-02
3.637647268115783844e-02
-1.768113303500215170e-03
1.023623627587279539e-01
1.020610256347972283e-01
9.739374655937566017e-02
6.288496909451769812e-02
9.951511500191501103e-02
-6.017468382877429883e-02
-6.835996127904732378e-02
-2.963977190303468401e-02
-6.792087373461845601e-02
-9.492263598062627983e-02
-6.379631500059364246e-02
-9.694856238611342103e-02
-1.038188492074990921e-01
-1.065881782017383955e-01
-9.288808988337961259e-02
-1.024610121346906239e-01
-8.349249521919444028e-02
5.308619897615327217e-03
-4.874156283871218520e-02
2.537241420989031285e-02
