-1.818775235095017873e-01
-1.877899618575026575e-01
-1.930575430272470361e-01
-1.968042514220626482e-01
-1.943837484290906192e-01
6.791932762303828919e-02
-2.363162909192439987e-02
1.917204676842254041e-01
1.488355693413819791e-01
1.345080409119612519e-01
1.695818852599897952e-01
1.884539773291999676e-01
1.836611527219150219e-01
1.806580044900477633e-01
1.998479427245425932e-01
1.995612944527269672e-01
1.986965966237665415e-01
1.994285419075630950e-01
-9.127593324554654497e-02
-1.321147197138348162e-01
-1.603870488147272066e-01
-1.875311852110462807e-01
-1.472172777634672136e-01
-1.506245075106371623e-01
-4.812149158725541331e-02
4.420429853463194586e-02
-1.586264519902255699e-01
-1.755517644535656285e-01
-1.513128462053729972e-01
1.109507342301167127e-01
