3.326862160199069440e-01
-1.215795326380559593e-01
-1.177184416556811691e-01
-3.023327118709400185e-01
-3.702305127401009921e-01
5.094388142545610426e-02
8.759320434417899870e-02
-5.695780521873271968e-02
1.505975290273683098e-01
2.920636804608814363e-01
1.479501839235791150e-01
-7.139802118894229832e-02
3.967556580124758092e-01
-2.183234417425126417e-01
3.035494014067924295e-01
-2.960638931237316585e-01
-3.675256262855758904e-01
2.211429183324051598e-02
-3.332566200294311276e-01
-3.770327066467398236e-01
-3.083903875902563874e-01
-3.360727501759180336e-01
-3.088720576460473044e-01
4.226816349957295341e-03
-1.306650422460984839e-01
4.648029838771073133e-03
-3.510551884929457023e-01
-4.158984585867563921e-01
-1.595965201640084374e-03
-8.598577931593109902e-02
