-4.817882283487292389e-02
-5.527001322049724524e-02
-4.607863149133824276e-02
-4.643249270488882668e-02
-5.236028477733024877e-02
-5.777885207891787084e-02
-6.157877212764940877e-02
-8.419129895494616156e-02
-8.663888398165706106e-02
-8.604420013248190169e-02
-8.177970766723252627e-02
-1.000818554103344860e-01
-1.037632747505030512e-01
-1.044546108540389262e-01
-1.029076805247558374e-01
-1.001973884443041057e-01
-4.900222979863812917e-02
-7.447834452907647895e-02
-8.478642368633791671e-02
-9.223106838176586830e-02
-4.459624663890648932e-02
-6.612066385819573289e-02
-7.764944369746618058e-02
-8.552878936696799161e-02
-9.420619548577253977e-02
-9.175588164024015003e-02
-5.129944683214691242e-02
-9.727379039850490849e-02
-8.657282374010019654e-02
-1.002631315079484109e-01
