-3.670113820401700866e-01
-2.571647065910401819e-01
-3.639266852083594128e-01
2.115539586068136413e-01
-3.843747277150212915e-01
-4.208842371184883246e-01
-4.354254222309225097e-01
-4.224683031801776401e-01
-3.919989797531596154e-01
5.791861039128376465e-03
1.915012163818543833e-01
4.189077467197045435e-01
4.313481645926303121e-01
-2.817745303828258496e-01
-3.417711818970969873e-01
2.739687358311269083e-01
1.529366034117367601e-01
3.618913518408086727e-01
-3.605803267044799254e-01
-2.189995417844196879e-02
2.756337971165964129e-01
-7.384021160662905016e-03
1.727173818868396049e-01
-1.583210292198777847e-02
3.554601001141193262e-01
-1.336981497284000509e-01
1.560598848267372440e-01
-4.159985396794833035e-01
-4.096019228527096878e-01
-7.197738960536775865e-02
