-3.090429572154758109e-01
1.625231190350943100e-01
2.393060990994071158e-01
-3.040431031604165502e-01
-3.182523945965890638e-02
2.763666929036919656e-02
-7.052863627359551302e-02
-1.806655340369277274e-01
-1.668569614312067906e-01
1.273019047224766831e-01
-1.888529034859864897e-02
-1.248681019781589657e-01
-2.326274215485455710e-01
1.321079818265637473e-01
4.083008072504731856e-02
-1.548516633177903223e-01
-2.281712426902686164e-01
6.021973469883435542e-02
3.955997459735535043e-02
1.711996886092685688e-01
-7.035213159696136753e-02
-1.907454973528047160e-01
-2.886132076467651242e-01
-2.343783724115848788e-01
-2.502057733785264526e-01
-2.797235884718037857e-01
-1.001796583117494921e-01
-9.212772827631954264e-02
2.864195929064662638e-02
-5.747773002255398417e-02
