2.376194749066417311e-01
4.236638901473548796e-02
-4.147079226882699476e-02
-5.136865929224837708e-03
-2.828074803354765909e-01
-3.255664947553785771e-01
2.729398750848944788e-01
2.060476631597937258e-01
1.194632618200523327e-01
6.854095992525731373e-02
1.736277530029348981e-01
3.236733274111858183e-01
-2.465937615300581864e-01
2.331295392620964455e-02
-1.642005217891324698e-01
-3.316023566461970273e-01
7.484453055858181214e-02
1.875136305251370317e-01
2.183195118941731044e-02
2.697116363432022212e-01
2.013306657610930139e-01
3.051107425450764188e-01
1.899837293511769387e-01
3.472292627889844024e-02
-3.280835727008376002e-01
-3.332108706016847499e-01
-3.195499708363164909e-02
-9.017812465810413902e-02
1.635392530191894789e-01
2.158377506366889603e-02
