-1.240729847143975662e-01
-1.669666189618088104e-01
-1.155433852713497883e-01
-1.654318063558130741e-02
4.574435943537395743e-02
3.268082865710131985e-02
1.341734088257803825e-01
-1.542245399568013542e-01
8.458947652036353376e-03
-1.336051010944316886e-01
-1.642409203446089649e-01
-1.702412159619318965e-01
-1.704986638218847772e-01
1.700145631593622253e-01
1.699699635241907758e-01
1.698960699118549078e-01
1.697727330105912313e-01
1.700436550164082239e-01
1.281244969902857744e-01
1.696995416587592231e-01
1.703444791354525867e-01
1.699914387310633435e-01
1.699825339636406862e-01
1.700574221410802167e-01
1.699986122004134570e-01
1.699939105315993459e-01
1.699316584763687632e-01
1.644929628315213999e-01
1.639740123071656841e-01
1.453905152537701972e-01
