-4.302159101906057881e-01
-4.117545540826378914e-01
-4.633102982527441682e-01
-4.692416127773275103e-01
-4.681984817742947391e-01
-4.681434895413516539e-01
3.960381742513319758e-01
4.463778588319655127e-01
-2.483436342360031968e-01
4.194645562906834657e-01
4.545501406551732404e-01
4.199275382249402222e-01
4.522886258876225307e-01
-4.378024991612732841e-01
-3.345805924667383247e-01
-4.148198443834035243e-01
-5.666263481091610155e-02
2.879684874790796045e-01
-1.120157511313352311e-01
-2.474755811251217741e-01
-5.905396074292785374e-02
9.133610030666267088e-02
4.541948672765948325e-02
3.257646734591236326e-01
4.101355436704103852e-01
-1.338334037514861130e-01
-3.244981129387428664e-01
9.095390855956085596e-02
1.890783338117836554e-01
2.148325943010093164e-01
