-1.113175614957625792e-01
-1.685195492574927678e-01
-1.500614692978700648e-01
-5.084251688238675126e-02
1.158759084338167739e-01
7.586853875625747257e-02
1.340964429732333929e-01
1.454136492893144672e-01
8.658800586925685661e-02
8.167350734562867087e-02
7.396253462135371493e-02
1.190966990630749900e-01
-1.023112621315861760e-02
-1.293028737937661210e-01
-1.307176205357142573e-01
-1.101108779872700810e-01
-1.375217942848659947e-01
1.080296604526099630e-01
1.673306132297498472e-01
1.630651530577250097e-01
1.527415861064484182e-01
1.094089089414663346e-02
-7.443182938569789520e-02
1.408290584410171187e-01
1.641410382095317144e-01
1.453233115464841185e-01
1.467935300432515466e-01
1.565448724544032943e-01
1.670439076858502847e-01
-1.354924554800918945e-01
