1.094456702800015030e-01
-6.698383360255227847e-02
-9.166774846717969105e-02
-8.499213224599257155e-02
1.008827564551681988e-01
3.066179349871097845e-02
1.445695318364980109e-01
1.432778956951024918e-01
1.473314479902451957e-01
-8.355468668749210792e-02
-1.064271388614123626e-01
2.143867998071839059e-02
5.010063876949654577e-02
1.023876797510659548e-01
3.672611800933864301e-02
3.338370298190537072e-02
4.169797738041884638e-02
1.197274382551268418e-01
9.364204473847875798e-02
6.716452205615970616e-02
-1.146932497467022388e-01
-1.189694770081019259e-01
-1.251069166947370304e-01
-7.158839095210431380e-02
-4.422710153989164311e-02
1.103405268985385886e-02
-4.978723928208809296e-02
-1.400465315889473095e-01
-1.405776843586103442e-01
-1.165218688352967907e-01
