9.617271667118837408e-02
8.656864377719713372e-03
-1.027148456748077920e-01
-6.338309255782077767e-02
4.404238365623495272e-02
4.305271209216112588e-04
1.860486868476867728e-01
2.158685702181817045e-01
1.887791678202952461e-01
1.981344775659738544e-01
2.294413244758941317e-01
-6.839548892913245581e-02
5.026782401551971834e-03
-8.870076771120115333e-02
-3.492117720676566478e-04
-2.609698689664108340e-02
-8.430216549688404615e-02
1.219561403514613229e-01
-1.735265952299091530e-01
-1.821981240652521261e-01
-2.389362613905198773e-01
-2.394236923991001631e-01
-2.391371255173118937e-01
-2.360189196274892764e-01
-2.389635671511617654e-01
-2.148172905519309950e-01
-2.145201900213663249e-01
-9.419354396064666402e-02
-2.105807218704429731e-02
-1.823340325595657757e-02
