1.000000000000000000e+00 1.000000000000000000e+00 1.000000000000000000e+00 1.000000000000000000e+00 1.000000000000000000e+00 1.000000000000000000e+00 1.000000000000000000e+00 1.000000000000000000e+00 1.000000000000000000e+00 1.000000000000000000e+00 1.000000000000000000e+00 1.000000000000000000e+00 1.000000000000000000e+00 1.000000000000000000e+00 1.000000000000000000e+00
1.107855940676413908e+00 1.000274256480124357e+00 1.101272741237879327e+00 1.100127664229802571e+00 9.984378661326062110e-01 1.084372461476123650e+00 1.068160591274139426e+00 9.231990424591067779e-01 1.090920305048505901e+00 1.049696805598168359e+00 1.000274256480124357e+00 1.101272741237879327e+00 1.100127664229802793e+00 9.984378661326061000e-01 1.107855940676413908e+00
1.188146672894748512e+00 1.012705379157021301e+00 1.168717865765838582e+00 1.160669732956446376e+00 1.012482560604626602e+00 1.147622243860235924e+00 1.133266657055218340e+00 8.645166540562964075e-01 1.139781309419795274e+00 1.092102690786652897e+00 1.012705379157021301e+00 1.168717865765838582e+00 1.160669732956446598e+00 1.012482560604626380e+00 1.182338670045196327e+00
1.220766152360215129e+00 1.020212677124605172e+00 1.192629758912712390e+00 1.165239959489805521e+00 1.030700930909126845e+00 1.181624004181299981e+00 1.173109009120025803e+00 8.335728887194445713e-01 1.141222832115578179e+00 1.112799635742864002e+00 1.020212677124605394e+00 1.192629758912712390e+00 1.165239959489805743e+00 1.030700930909126622e+00 1.208272561152029523e+00
1.233838691910893681e+00 1.024179776910362882e+00 1.199566899400115849e+00 1.147953597833321737e+00 1.046372332817517847e+00 1.202994332385913356e+00 1.200878493998612351e+00 8.133963771915695418e-01 1.124046026017582411e+00 1.124926786006278823e+00 1.024179776910363326e+00 1.199566899400115627e+00 1.147953597833321959e+00 1.046372332817517625e+00 1.213996593233871879e+00
1.242438162818503500e+00 1.027536487928577547e+00 1.202961752514149607e+00 1.125070456457335055e+00 1.060896581348599987e+00 1.220928145555270961e+00 1.225454659125246870e+00 7.949628366403315161e-01 1.101373114054789992e+00 1.135344372215683739e+00 1.027536487928577991e+00 1.202961752514149385e+00 1.125070456457335277e+00 1.060896581348599765e+00 1.214897744415180059e+00
1.250146786194734183e+00 1.030913779562537602e+00 1.206251665850421206e+00 1.100552462528791464e+00 1.075090410734856450e+00 1.238086661984811432e+00 1.248851965700530586e+00 7.760357889321423119e-01 1.076622546341992948e+00 1.145281282449408966e+00 1.030913779562538046e+00 1.206251665850420984e+00 1.100552462528791908e+00 1.075090410734856228e+00 1.215032647313304182e+00
1.257621004310355284e+00 1.034365196943438869e+00 1.210192498844794962e+00 1.075381170125115027e+00 1.089242256295923195e+00 1.255241282281945869e+00 1.271320170354645951e+00 7.561736238219377571e-01 1.050734800077753439e+00 1.154761452905050945e+00 1.034365196943439313e+00 1.210192498844794740e+00 1.075381170125115471e+00 1.089242256295923195e+00 1.215371358761776488e+00
1.264885646208912195e+00 1.037858364119498944e+00 1.214891308649535429e+00 1.049906549403948564e+00 1.103471729303392435e+00 1.272655048109153197e+00 1.292761179297174934e+00 7.353718634062191839e-01 1.024049655748949128e+00 1.163628559212209979e+00 1.037858364119499388e+00 1.214891308649535206e+00 1.049906549403949008e+00 1.103471729303392435e+00 1.216130445419721706e+00
1.271838484680246628e+00 1.041362708882544341e+00 1.220297439953498708e+00 1.024357207261320957e+00 1.117844043563303025e+00 1.290439967506111563e+00 1.313032593239124246e+00 7.137463842041974482e-01 9.967521712188507355e-01 1.171729117425155620e+00 1.041362708882544785e+00 1.220297439953498486e+00 1.024357207261321401e+00 1.117844043563303025e+00 1.217329678000329096e+00
1.278356121062704576e+00 1.044859602349057059e+00 1.226322197633558098e+00 9.989433851100479878e-01 1.132402563903662562e+00 1.308650474576729339e+00 1.332009205845959388e+00 6.914530165546403095e-01 9.689806282570003759e-01 1.178937580247304551e+00 1.044859602349057504e+00 1.226322197633557876e+00 9.989433851100484318e-01 1.132402563903662562e+00 1.218923630525547974e+00
1.284316036231383018e+00 1.048341368360136139e+00 1.232868983971845855e+00 9.738724699836630583e-01 1.147177888302719273e+00 1.327308707459991854e+00 1.349595943814108523e+00 6.686588952859586765e-01 9.408534665363447180e-01 1.185157093966086705e+00 1.048341368360136583e+00 1.232868983971845633e+00 9.738724699836635024e-01 1.147177888302719273e+00 1.220833505281864850e+00
1.289602197842035780e+00 1.051810130967785195e+00 1.239841365159519260e+00 9.493470108924099149e-01 1.162190231234072613e+00 1.346412142634043851e+00 1.365730910552113597e+00 6.455258752382696530e-01 9.124765385355569913e-01 1.190318396370585452e+00 1.051810130967785639e+00 1.239841365159519038e+00 9.493470108924103590e-01 1.162190231234072613e+00 1.222955959487509903e+00
1.294107679352055396e+00 1.055277475588574543e+00 1.247145812385398900e+00 9.255603571797014206e-01 1.177450115268713127e+00 1.365937101261031739e+00 1.380385223590172128e+00 6.221987403811221062e-01 8.839457500623913999e-01 1.194379141804928990e+00 1.055277475588574987e+00 1.247145812385398678e+00 9.255603571797017537e-01 1.177450115268713127e+00 1.225167231692718239e+00
1.297736498211408129e+00 1.058764555277500685e+00 1.254693533737949229e+00 9.026930354129453216e-01 1.192958917596307122e+00 1.385841710351458644e+00 1.393560661187250416e+00 5.987976196726811917e-01 8.553488383407251705e-01 1.197323210823387107e+00 1.058764555277501351e+00 1.254693533737948785e+00 9.026930354129456546e-01 1.192958917596307122e+00 1.227326869288161815e+00
1.300404828081785924e+00 1.062302348746948510e+00 1.262402549200406732e+00 8.809103170632276436e-01 1.208709665156687540e+00 1.406069001334451007e+00 1.405285651482505394e+00 5.754147826588043024e-01 8.267671075687488269e-01 1.199159713442317754e+00 1.062302348746949177e+00 1.262402549200406288e+00 8.809103170632279767e-01 1.208709665156687540e+00 1.229281875334832685e+00
1.302041556525142640e+00 1.065931962452358217e+00 1.270200149517453969e+00 8.603608089537643222e-01 1.224688059533847406e+00 1.426549951260516425e+00 1.415610371520391153e+00 5.521154873500951910e-01 7.982771419666252477e-01 1.199921723641653060e+00 1.065931962452358883e+00 1.270200149517453525e+00 8.603608089537646553e-01 1.224688059533847406e+00 1.230871216170011495e+00
1.302588261400532854e+00 1.069704963625195626e+00 1.278025527276225537e+00 8.411757694304031752e-01 1.240873593554854937e+00 1.447206081645718179e+00 1.424601802836158226e+00 5.289419968348437751e-01 7.699523354418070786e-01 1.199664903415198713e+00 1.069704963625196292e+00 1.278025527276225093e+00 8.411757694304036193e-01 1.240873593554854937e+00 1.231930470521488186e+00
1.301998746709076116e+00 1.073683730349535681e+00 1.285832269323215371e+00 8.234688770194333873e-01 1.257240632081332077e+00 1.467951296843105879e+00 1.432339446086750234e+00 5.059195883196633270e-01 7.418641090249652459e-01 1.198466125886812561e+00 1.073683730349536347e+00 1.285832269323214927e+00 8.234688770194338314e-01 1.257240632081332077e+00 1.232296453763897182e+00
1.300238277842378887e+00 1.077941736912680026e+00 1.293590413549642770e+00 8.073362568508563042e-01 1.273759389080711513e+00 1.488692785092820658e+00 1.438912132594371673e+00 4.830633743463145224e-01 7.140827913486351708e-01 1.196422080444633274e+00 1.077941736912680692e+00 1.293590413549642326e+00 8.073362568508567483e-01 1.273759389080711513e+00 1.231811747865956708e+00
