1.000000000000000000e+00 1.000000000000000000e+00 1.000000000000000000e+00 1.000000000000000000e+00 1.000000000000000000e+00 1.000000000000000000e+00 1.000000000000000000e+00 1.000000000000000000e+00 1.000000000000000000e+00 1.000000000000000000e+00 1.000000000000000000e+00 1.000000000000000000e+00 1.000000000000000000e+00 1.000000000000000000e+00 1.000000000000000000e+00
9.084858685169820980e-01 9.546575806273545073e-01 9.159678256956820253e-01 9.148227486876054915e-01 9.528211902798362498e-01 9.694304499733544800e-01 9.271865668325487420e-01 1.040762207609888579e+00 9.499462806069152165e-01 9.347547940953991885e-01 9.546575806273545073e-01 9.159678256956820253e-01 9.148227486876054915e-01 9.528211902798363608e-01 9.084858685169820980e-01
8.429536424470038813e-01 9.236328913227883630e-01 8.559119847712964857e-01 8.447989285248461711e-01 9.331305297738514692e-01 9.190143803781950504e-01 8.524601477990707554e-01 1.094624479647036797e+00 9.135718000103051351e-01 8.499343529613254677e-01 9.236328913227883630e-01 8.559119847712964857e-01 8.447989285248460600e-01 9.331305297738515803e-01 8.476017050264896824e-01
8.167298040332606757e-01 9.161954847482396413e-01 8.405322785803089891e-01 8.008085892288830943e-01 9.524725544825753953e-01 8.713583976505135942e-01 8.032877231144999186e-01 1.152840146344737526e+00 8.994590376242177499e-01 7.757975766185117861e-01 9.161954847482396413e-01 8.405322785803089891e-01 8.008085892288829832e-01 9.524725544825753953e-01 8.303244524154035355e-01
8.058869049232638693e-01 9.125584627791789583e-01 8.467071190008943482e-01 7.674263520612248923e-01 9.834032527504305010e-01 8.324952584085213436e-01 7.649245966794120388e-01 1.201080893158909424e+00 8.988732591977138808e-01 7.200873666459356448e-01 9.125584627791789583e-01 8.467071190008943482e-01 7.674263520612247813e-01 9.834032527504305010e-01 8.297941307917269249e-01
7.989812932295474734e-01 9.055606700287107680e-01 8.614399885150433311e-01 7.366122919872191144e-01 1.014163280315690141e+00 7.999892505775740847e-01 7.283478271090141343e-01 1.235642056919809884e+00 9.038568118668902640e-01 6.806841812882438170e-01 9.055606700287107680e-01 8.614399885150433311e-01 7.366122919872190034e-01 1.014163280315689919e+00 8.325543179223345858e-01
7.943207569816098657e-01 8.964354651668494656e-01 8.808532483757089970e-01 7.073309682113735342e-01 1.042890353414526183e+00 7.718135230876209674e-01 6.928281852657887097e-01 1.258396852498244511e+00 9.104515521080207563e-01 6.551973467095881798e-01 8.964354651668494656e-01 8.808532483757089970e-01 7.073309682113734231e-01 1.042890353414525961e+00 8.356063389623309412e-01
7.918189918045267506e-01 8.869439457725746268e-01 9.031919105965510175e-01 6.796793015875870481e-01 1.069432228839600096e+00 7.468085157696979781e-01 6.594067539225797470e-01 1.271582909171366182e+00 9.163154275204052901e-01 6.412648527835262957e-01 8.869439457725746268e-01 9.031919105965510175e-01 6.796793015875869370e-01 1.069432228839599874e+00 8.380699720581579193e-01
7.913630729450018553e-01 8.781694179585273208e-01 9.273886217812158383e-01 6.536057294863028000e-01 1.093876822126418791e+00 7.243212276595427657e-01 6.290574206494924381e-01 1.276882139238000757e+00 9.199630881829836682e-01 6.366467175871503015e-01 8.781694179585273208e-01 9.273886217812158383e-01 6.536057294863026890e-01 1.093876822126418569e+00 8.395125405769505722e-01
7.926864338326206072e-01 8.706847811825249028e-01 9.527935999234110609e-01 6.288544084031225667e-01 1.116438338221112714e+00 7.038814858396569285e-01 6.022580344273982256e-01 1.275551196534647325e+00 9.205397738272652619e-01 6.392618765002103798e-01 8.706847811825249028e-01 9.527935999234111719e-01 6.288544084031224557e-01 1.116438338221112492e+00 8.397520213431332037e-01
7.954220991560653209e-01 8.647673485860947196e-01 9.790398456567489527e-01 6.050855640270030866e-01 1.137437209107469815e+00 6.850437462568219615e-01 5.789828990944730913e-01 1.268593005501264637e+00 9.176664088688256671e-01 6.472252199551397078e-01 8.647673485860947196e-01 9.790398456567490637e-01 6.050855640270029756e-01 1.137437209107469815e+00 8.387921947694680913e-01
7.991515945703374646e-01 8.605185272969624322e-01 1.005926559629215289e+00 5.819819388536935367e-01 1.157246913205082439e+00 6.673546857919834263e-01 5.588479377902134670e-01 1.256850206985942187e+00 9.112908917070539072e-01 6.588841315513054298e-01 8.605185272969624322e-01 1.005926559629215289e+00 5.819819388536934257e-01 1.157246913205082439e+00 8.367423383432052164e-01
8.034369379794386035e-01 8.579170438710498336e-01 1.033324133196056760e+00 5.593141082680335163e-01 1.176236956130447320e+00 6.503773213210930493e-01 5.412795418948435078e-01 1.241058131588837599e+00 9.015650678685401820e-01 6.728351925206063067e-01 8.579170438710498336e-01 1.033324133196056760e+00 5.593141082680334053e-01 1.176236956130447320e+00 8.337447836257473321e-01
8.078415269746973548e-01 8.568391125609160497e-01 1.061106922127418306e+00 5.369683780738930823e-01 1.194732678342861343e+00 6.337256565752846793e-01 5.256489551651525316e-01 1.221888202636477683e+00 8.887615773981516476e-01 6.879192207039396267e-01 8.568391125609160497e-01 1.061106922127418306e+00 5.369683780738929713e-01 1.194732678342861343e+00 8.299277647863333440e-01
8.119469078455769928e-01 8.570671270047324208e-01 1.089113599244313502e+00 5.149465681630580605e-01 1.212993733247828443e+00 6.170912482208192884e-01 5.113608673582251685e-01 1.199988834234682500e+00 8.732266886086961222e-01 7.032053156605339028e-01 8.570671270047325319e-01 1.089113599244313502e+00 5.149465681630579494e-01 1.212993733247828443e+00 8.253833208377425734e-01
8.153709441398290236e-01 8.583000760178137734e-01 1.117131948534803465e+00 4.933462476273167141e-01 1.231205719611234484e+00 6.002582346908337252e-01 4.979052178485682822e-01 1.176017533714368568e+00 8.553559815548467116e-01 7.179748512568403518e-01 8.583000760178138844e-01 1.117131948534803465e+00 4.933462476273165476e-01 1.231205719611234484e+00 8.201631617838753829e-01
8.177896415783906248e-01 8.601733490931813275e-01 1.144904102306490534e+00 4.723287611050549506e-01 1.249480190168446692e+00 5.831079954052397207e-01 4.848839335144771723e-01 1.150654969880861023e+00 8.355791810697700273e-01 7.317103474950739095e-01 8.601733490931813275e-01 1.144904102306490534e+00 4.723287611050547841e-01 1.249480190168446470e+00 8.142857210479592656e-01
8.189605978433907030e-01 8.622901861579823635e-01 1.172147007812639252e+00 4.520824917948875754e-01 1.267861231662968047e+00 5.656147889530068751e-01 4.720202969337435883e-01 1.124595451410367319e+00 8.143442084609597842e-01 7.440875150502271884e-01 8.622901861579823635e-01 1.172147007812639252e+00 4.520824917948874089e-01 1.267861231662967825e+00 8.077496553575139737e-01
8.187424195871210175e-01 8.642610356317422804e-01 1.198580878285864904e+00 4.327893724987750268e-01 1.286338411703489504e+00 5.478335914301566412e-01 4.591545517078139960e-01 1.098515722286839580e+00 7.920959898355075524e-01 7.549646496482472768e-01 8.642610356317422804e-01 1.198580878285864904e+00 4.327893724987748603e-01 1.286338411703489282e+00 8.005502056673371447e-01
8.171034357887072552e-01 8.657422415945664751e-01 1.223956910584815816e+00 4.146016138088486902e-01 1.304865054030159843e+00 5.298822228757649189e-01 4.462277819466959894e-01 1.073032009641851303e+00 7.692512179666146643e-01 7.643633880636366840e-01 8.657422415945664751e-01 1.223956910584815816e+00 4.146016138088485237e-01 1.304865054030159621e+00 7.926948721135693710e-01
