1.000000000000000000e+00 1.000000000000000000e+00 1.000000000000000000e+00 1.000000000000000000e+00 1.000000000000000000e+00 1.000000000000000000e+00 1.000000000000000000e+00 1.000000000000000000e+00 1.000000000000000000e+00 1.000000000000000000e+00 1.000000000000000000e+00 1.000000000000000000e+00 1.000000000000000000e+00 1.000000000000000000e+00 1.000000000000000000e+00
1.068635598612263315e+00 9.913004841812188550e-01 1.064819315229578178e+00 1.063674238221501644e+00 9.894640938337005975e-01 1.061760918229677220e+00 1.040427996302023317e+00 9.463262224887687424e-01 1.063187710076389791e+00 1.027085262351721928e+00 9.913004841812188550e-01 1.064819315229578178e+00 1.063674238221501644e+00 9.894640938337005975e-01 1.068635598612263315e+00
1.129930619522713675e+00 9.920447609610097972e-01 1.116870402091925785e+00 1.113412342368995445e+00 9.882845360167962223e-01 1.117948167169249718e+00 1.085395155059897920e+00 8.958061560676132684e-01 1.108511924937007009e+00 1.057485452724983510e+00 9.920447609610097972e-01 1.116870402091925563e+00 1.113412342368995445e+00 9.882845360167962223e-01 1.126108148670951881e+00
1.174441047655759407e+00 9.973644851055838423e-01 1.150414141364149545e+00 1.138322364926699581e+00 9.975053211570834577e-01 1.162735056231508857e+00 1.125801809623951710e+00 8.547996790604477368e-01 1.130790048551717053e+00 1.083563460132215717e+00 9.973644851055838423e-01 1.150414141364149323e+00 1.138322364926699581e+00 9.975053211570834577e-01 1.165027451239241341e+00
1.203131379578252558e+00 1.003541477158415685e+00 1.168868467981767356e+00 1.141514366075432996e+00 1.011467259004468433e+00 1.196467855680705350e+00 1.158504132887206772e+00 8.231879070345508032e-01 1.134664980015481550e+00 1.102853927537238432e+00 1.003541477158415685e+00 1.168868467981767134e+00 1.141514366075432996e+00 1.011467259004468433e+00 1.187439682359486826e+00
1.221784349270679026e+00 1.009504121316680658e+00 1.178334885420437628e+00 1.131233050977297427e+00 1.026356389700741500e+00 1.222703627465376197e+00 1.185234174909183258e+00 7.974739420313062821e-01 1.127000465448185551e+00 1.117460071039008351e+00 1.009504121316680658e+00 1.178334885420437406e+00 1.131233050977297427e+00 1.026356389700741500e+00 1.199336045050739763e+00
1.235117797172188281e+00 1.015229084776556157e+00 1.183281104917968340e+00 1.113625129374536726e+00 1.041030445844035146e+00 1.244641366478227873e+00 1.208258774015686488e+00 7.746164893990901135e-01 1.112638618713517324e+00 1.129599898904093402e+00 1.015229084776556157e+00 1.183281104917968118e+00 1.113625129374536726e+00 1.041030445844035146e+00 1.205595066192648002e+00
1.245839831942250342e+00 1.020806310044113374e+00 1.186265904596562226e+00 1.092159799593422687e+00 1.055346262468163099e+00 1.264321048401196856e+00 1.228999541779377980e+00 7.528164313923314532e-01 1.094349367126528083e+00 1.140493483701602973e+00 1.020806310044113374e+00 1.186265904596562004e+00 1.092159799593422687e+00 1.055346262468163099e+00 1.209152832316523929e+00
1.255315590218865518e+00 1.026266201535896760e+00 1.188633757918844625e+00 1.068679170810763912e+00 1.069383657301771873e+00 1.282912928940062702e+00 1.248161809009875611e+00 7.311572590483761402e-01 1.073652017172298967e+00 1.150666180074660039e+00 1.026266201535896760e+00 1.188633757918844402e+00 1.068679170810763912e+00 1.069383657301771873e+00 1.211604508225030408e+00
1.264177626399395349e+00 1.031597464167467226e+00 1.191055804276665908e+00 1.044178323171069955e+00 1.083240290243718373e+00 1.301065617253694295e+00 1.266042475062356232e+00 7.092265458931019673e-01 1.051395243732302198e+00 1.160289365855173394e+00 1.031597464167467226e+00 1.191055804276665686e+00 1.044178323171069955e+00 1.083240290243718373e+00 1.213778459334596382e+00
1.272683584498718767e+00 1.036775453540206948e+00 1.193843834444580088e+00 1.019227655809332278e+00 1.096995422459771774e+00 1.319133482794714096e+00 1.282736842725959781e+00 6.868828637262636150e-01 1.028074652543993661e+00 1.169373939997058853e+00 1.036775453540206948e+00 1.193843834444579866e+00 1.019227655809332278e+00 1.096995422459771774e+00 1.216086109588591091e+00
1.280904644810864301e+00 1.041776852613663928e+00 1.197120826953593342e+00 9.941859959874661534e-01 1.110710507852434414e+00 1.337307129437929731e+00 1.298252129255184961e+00 6.641262009999684413e-01 1.003998326714419020e+00 1.177865672626532634e+00 1.041776852613663928e+00 1.197120826953593120e+00 9.941859959874660424e-01 1.110710507852434414e+00 1.218713635362811631e+00
1.288821614148351502e+00 1.046585045974420369e+00 1.200911813782414406e+00 9.693057687928826605e-01 1.124434323558053395e+00 1.355685085145052815e+00 1.312565436583492895e+00 6.410263350494890267e-01 9.793726803103450784e-01 1.185690008835776910e+00 1.046585045974420369e+00 1.200911813782414184e+00 9.693057687928824384e-01 1.124434323558053395e+00 1.221723527746259474e+00
1.296373509787224210e+00 1.051191332513779830e+00 1.205191872384556051e+00 9.447840656087463929e-01 1.138206619855144597e+00 1.374312522418202009e+00 1.325652000789459883e+00 6.176820568673861978e-01 9.543470877706818900e-01 1.192772628652737810e+00 1.051191332513779830e+00 1.205191872384555829e+00 9.447840656087462818e-01 1.138206619855144597e+00 1.225107844868429829e+00
1.303482207133471071e+00 1.055594701373611777e+00 1.209911415225145559e+00 9.207869754967195064e-01 1.152060084055357869e+00 1.393202161249079252e+00 1.337497926126260728e+00 5.941971329858097839e-01 9.290372098762921249e-01 1.199048640575715696e+00 1.055594701373611777e+00 1.209911415225145337e+00 9.207869754967193954e-01 1.152060084055357647e+00 1.228816264623262766e+00
1.310065066448548921e+00 1.059801296610599408e+00 1.215009699944089805e+00 8.974609571482330406e-01 1.166021296035408383e+00 1.412345797063769615e+00 1.348104750549863118e+00 5.706660308863060749e-01 9.035373737910394887e-01 1.204466455585432527e+00 1.059801296610599408e+00 1.215009699944089583e+00 8.974609571482329295e-01 1.166021296035408161e+00 1.232771238584279283e+00
1.316041452014635960e+00 1.063823965224480972e+00 1.220422400593963230e+00 8.749381141112465565e-01 1.180111223958469235e+00 1.431720985076180730e+00 1.357489664466485557e+00 5.471659838755231764e-01 8.779273957279553064e-01 1.208989157381174184e+00 1.063823965224480972e+00 1.220422400593963008e+00 8.749381141112465565e-01 1.180111223958469235e+00 1.236876640159185747e+00
1.321336063509657599e+00 1.067682023710434969e+00 1.226086280205505030e+00 8.533387113284880421e-01 1.194345570245108012e+00 1.451295211997647217e+00 1.365683489557205421e+00 5.237535793091898650e-01 8.522766175470121164e-01 1.212594711631043820e+00 1.067682023710434969e+00 1.226086280205504808e+00 8.533387113284880421e-01 1.194345570245108012e+00 1.241023149329020470e+00
1.325880541058336748e+00 1.071401313509117603e+00 1.231942469289462494e+00 8.327724876385989017e-01 1.208735103006085776e+00 1.471028691039744318e+00 1.372727681361421537e+00 5.004647047488018918e-01 8.266465466701784504e-01 1.215275692670425567e+00 1.071401313509117603e+00 1.231942469289462272e+00 8.327724876385989017e-01 1.208735103006085776e+00 1.245091976525055433e+00
1.329614106020381659e+00 1.075014605555416392e+00 1.237939031563976222e+00 8.133394398164321970e-01 1.223286006188997188e+00 1.490876298884031170e+00 1.378671161411614943e+00 4.773169260281810988e-01 8.010927706792261294e-01 1.217038894886550260e+00 1.075014605555416392e+00 1.237939031563976000e+00 8.133394398164321970e-01 1.223286006188997410e+00 1.248957706572157544e+00
