1.000000000000000000e+00 1.000000000000000000e+00 1.000000000000000000e+00 1.000000000000000000e+00 1.000000000000000000e+00 1.000000000000000000e+00 1.000000000000000000e+00 1.000000000000000000e+00 1.000000000000000000e+00 1.000000000000000000e+00 1.000000000000000000e+00 1.000000000000000000e+00 1.000000000000000000e+00 1.000000000000000000e+00 1.000000000000000000e+00
9.313644013877366845e-01 9.598922811350494300e-01 9.372323242005243804e-01 9.360872471924478466e-01 9.580558907875311725e-01 9.826205168671148238e-01 9.433639138996164908e-01 1.027271352592585840e+00 9.661236276739829654e-01 9.479448609891595323e-01 9.598922811350494300e-01 9.372323242005243804e-01 9.360872471924478466e-01 9.580558907875311725e-01 9.313644013877365735e-01
8.753139969525429720e-01 9.248389682728103134e-01 8.864553126637073621e-01 8.790556428954845458e-01 9.297614852484660242e-01 9.492970165118005399e-01 8.792375850567665241e-01 1.062493867863330888e+00 9.395719358710288294e-01 8.799540094501036025e-01 9.248389682728103134e-01 8.864553126637073621e-01 8.790556428954845458e-01 9.297614852484660242e-01 8.789295631986203672e-01
8.419782365082667530e-01 9.046942127791707255e-01 8.638961842957872950e-01 8.360441748988983734e-01 9.282315989423303160e-01 9.111200401209484934e-01 8.269006022954559221e-01 1.104040689037169010e+00 9.240543962225028496e-01 8.124271075290755428e-01 9.046942127791707255e-01 8.638961842957872950e-01 8.360441748988983734e-01 9.282315989423303160e-01 8.532547300003953117e-01
8.246094248566213647e-01 8.948899226547196717e-01 8.634924534570141974e-01 8.033117612558322573e-01 9.445901754602901157e-01 8.754375354851492430e-01 7.855621288528231716e-01 1.145666842388591400e+00 9.188339720404882227e-01 7.548125486097212455e-01 8.948899226547196717e-01 8.634924534570141974e-01 8.033117612558322573e-01 9.445901754602901157e-01 8.461468909499390012e-01
8.142621616813896512e-01 8.880561845103178698e-01 8.747456567964588814e-01 7.747523532373893351e-01 9.679404582524094858e-01 8.424924562715727649e-01 7.481129887005301127e-01 1.182163821804188331e+00 9.203771510492979591e-01 7.079396204357619737e-01 8.880561845103178698e-01 8.747456567964588814e-01 7.747523532373893351e-01 9.679404582524094858e-01 8.470929491904475306e-01
8.068523576494567306e-01 8.816150505854287722e-01 8.920784700896290387e-01 7.473489749373417590e-01 9.932322809838763922e-01 8.113541551315621714e-01 7.115773653610341087e-01 1.211538935027961728e+00 9.256759799385004817e-01 6.713072291900267219e-01 8.816150505854287722e-01 8.920784700896290387e-01 7.473489749373418700e-01 9.932322809838763922e-01 8.507064560114604435e-01
8.011374184532510379e-01 8.755309869213480090e-01 9.128724552191578301e-01 7.201395479758617713e-01 1.018461654671287242e+00 7.815403975149699534e-01 6.759570684980499289e-01 1.233476339078000361e+00 9.325189428279628823e-01 6.444121031860111648e-01 8.755309869213481200e-01 9.128724552191578301e-01 7.201395479758618823e-01 1.018461654671287242e+00 8.546090294959690636e-01
7.968782769399925803e-01 8.703860424617614333e-01 9.357645820472672016e-01 6.929269190192023364e-01 1.042744933392764306e+00 7.530025083840390376e-01 6.423640914262557233e-01 1.248202775556796595e+00 9.392344223067845554e-01 6.265845099667668450e-01 8.703860424617615443e-01 9.357645820472673126e-01 6.929269190192024475e-01 1.042744933392764306e+00 8.576510076014755013e-01
7.940610651215165294e-01 8.666968298942828719e-01 9.599865940254609376e-01 6.656929956173782692e-01 1.065650522775638764e+00 7.258953247470436576e-01 6.119781260548745605e-01 1.256063483187378482e+00 9.445767499326782612e-01 6.168803461502468943e-01 8.666968298942829829e-01 9.599865940254610486e-01 6.656929956173783802e-01 1.065650522775638764e+00 8.592352133618832433e-01
7.926368248225431623e-01 8.647931499370486996e-01 9.851217568974606209e-01 6.384107591302865536e-01 1.087019205957656887e+00 7.003600742429182402e-01 5.855717617907509887e-01 1.257438287758084083e+00 9.477063370986953394e-01 6.140951886285488381e-01 8.647931499370488106e-01 9.851217568974607319e-01 6.384107591302865536e-01 1.087019205957656887e+00 8.591049343187687759e-01
7.924575143053019799e-01 8.648570887357449610e-01 1.010978095246828801e+00 6.110169436780543695e-01 1.106901149894892855e+00 6.763978182317439414e-01 5.633941210294435287e-01 1.252746157272525807e+00 9.481623426744398841e-01 6.168564877431803595e-01 8.648570887357450721e-01 1.010978095246829023e+00 6.110169436780543695e-01 1.106901149894892855e+00 8.572473263753579431e-01
7.932769306618681071e-01 8.669668250084796579e-01 1.037484700815987315e+00 5.834388774715441039e-01 1.125495305635172416e+00 6.538465680607192798e-01 5.452541049875307966e-01 1.242445564713828610e+00 9.457930854651981356e-01 6.237414088053250261e-01 8.669668250084797689e-01 1.037484700815987537e+00 5.834388774715441039e-01 1.125495305635172416e+00 8.538073268332997401e-01
7.947699422578861084e-01 8.711099097365834210e-01 1.064599718719140276e+00 5.556353559566458156e-01 1.143083341173160017e+00 6.324252050717712459e-01 5.306744807962080479e-01 1.227027457430468260e+00 9.406652591742223901e-01 6.333772000329132013e-01 8.711099097365835320e-01 1.064599718719140498e+00 5.556353559566458156e-01 1.143083341173160017e+00 8.490090629377612386e-01
7.965558275961137635e-01 8.771747094297239755e-01 1.092240118031381435e+00 5.276345258148124051e-01 1.159972130996829387e+00 6.117978966375470229e-01 5.190369316515069942e-01 1.207018702977941338e+00 9.329831891207368555e-01 6.445077655173890863e-01 8.771747094297240865e-01 1.092240118031381879e+00 5.276345258148124051e-01 1.159972130996829387e+00 8.430984925167790411e-01
7.982238037789747276e-01 8.849372655024616563e-01 1.120241990914605301e+00 4.995578778044426627e-01 1.176450610024410537e+00 5.916303144613721532e-01 5.096885577127503453e-01 1.183001681093167168e+00 9.230332559863838604e-01 6.560329386743726232e-01 8.849372655024617673e-01 1.120241990914605745e+00 4.995578778044426627e-01 1.176450610024410537e+00 8.363095978727487223e-01
7.993628036318658481e-01 8.940583358303090256e-01 1.148354219497195405e+00 4.716220687594564476e-01 1.192758518673249224e+00 5.716285525354498631e-01 5.020116060673859293e-01 1.155639497973959928e+00 9.111519948012439807e-01 6.670343358935360012e-01 8.940583358303091366e-01 1.148354219497195849e+00 4.716220687594564476e-01 1.192758518673249446e+00 8.288469873628516726e-01
7.995964812429108282e-01 9.041002524702181908e-01 1.176262410433156047e+00 4.441147383129934734e-01 1.209064042969730357e+00 5.515621389515803497e-01 4.954684088355763016e-01 1.125688245500910289e+00 8.977085089912230087e-01 6.767966971911671958e-01 9.041002524702183019e-01 1.176262410433156491e+00 4.441147383129935289e-01 1.209064042969730579e+00 8.208768260275777218e-01
7.986201750423205237e-01 9.145659024515248037e-01 1.203633560676803604e+00 4.173484939077674594e-01 1.225451360654117305e+00 5.312749704883176216e-01 4.896307637027704773e-01 1.093980350590370243e+00 8.830910566472280898e-01 6.848242652274360021e-01 9.145659024515249147e-01 1.203633560676804048e+00 4.173484939077675149e-01 1.225451360654117527e+00 8.125222652957881930e-01
7.962321600279367306e-01 9.249531410625567718e-01 1.230166508353539134e+00 3.916066791285659487e-01 1.241921968792498499e+00 5.106867363802705118e-01 4.841961992436888962e-01 1.061375180186610034e+00 8.676907755668022970e-01 6.908450300524590082e-01 9.249531410625568828e-01 1.230166508353539578e+00 3.916066791285660043e-01 1.241921968792498721e+00 8.038640352078890716e-01
