1.000000000000000000e+00 1.000000000000000000e+00 1.000000000000000000e+00 1.000000000000000000e+00 1.000000000000000000e+00 1.000000000000000000e+00 1.000000000000000000e+00 1.000000000000000000e+00 1.000000000000000000e+00 1.000000000000000000e+00 1.000000000000000000e+00 1.000000000000000000e+00 1.000000000000000000e+00 1.000000000000000000e+00 1.000000000000000000e+00
1.039220342064150371e+00 9.845701549570397004e-01 1.037479245723352372e+00 1.036334168715275839e+00 9.827337646095214430e-01 1.044802260794842397e+00 1.019628550072936068e+00 9.636716075110153268e-01 1.042388263847302543e+00 1.010126604916887105e+00 9.845701549570397004e-01 1.037479245723352372e+00 1.036334168715275839e+00 9.827337646095214430e-01 1.039220342064150593e+00
1.076753115580179498e+00 9.741721534793171822e-01 1.069344581526749716e+00 1.067941113187112379e+00 9.691717447547302244e-01 1.088311166892127924e+00 1.042283370955688238e+00 9.254763083632501219e-01 1.077118465552052928e+00 1.024698128024947863e+00 9.741721534793171822e-01 1.069344581526749716e+00 1.067941113187112379e+00 9.691717447547302244e-01 1.074545160899033958e+00
1.110598877096085291e+00 9.686665351303150873e-01 1.093720944410784490e+00 1.091853581275612717e+00 9.619984412231028514e-01 1.128417027535853601e+00 1.065828400363221018e+00 8.876057404627928360e-01 1.103044337306047229e+00 1.042123474562361540e+00 9.686665351303151983e-01 1.093720944410784268e+00 1.091853581275612717e+00 9.619984412231028514e-01 1.104506717984725883e+00
1.139739232789530821e+00 9.673037095679988262e-01 1.110546343364168687e+00 1.106813845935112894e+00 9.614075731078954856e-01 1.164069737297109386e+00 1.088378615162953755e+00 8.515725741189965614e-01 1.120732062943364804e+00 1.060272536906135876e+00 9.673037095679989372e-01 1.110546343364168465e+00 1.106813845935113116e+00 9.614075731078954856e-01 1.128740488083184390e+00
1.164180033461871488e+00 9.690624700889791665e-01 1.120905192078747392e+00 1.113158797255509258e+00 9.659948812722396472e-01 1.195246577524558207e+00 1.108850405586887966e+00 8.180336139917437910e-01 1.131401437421483802e+00 1.077604845346257001e+00 9.690624700889792775e-01 1.120905192078747170e+00 1.113158797255509480e+00 9.659948812722396472e-01 1.147714514215981918e+00
1.184577101545101430e+00 9.729561030164084467e-01 1.126216718404597028e+00 1.112132753281248609e+00 9.740146732293543108e-01 1.222507579692451163e+00 1.126877646001561262e+00 7.869969101518371479e-01 1.136304604670143936e+00 1.093477786788724204e+00 9.729561030164085578e-01 1.126216718404596806e+00 1.112132753281248831e+00 9.740146732293543108e-01 1.162324915553587301e+00
1.201821838684365096e+00 9.781793746188843786e-01 1.127800447237115034e+00 1.105254846025919280e+00 9.840456560864250246e-01 1.246611559122682511e+00 1.142521550107970629e+00 7.581122073633210778e-01 1.136556258399011421e+00 1.107870680977558919e+00 9.781793746188844896e-01 1.127800447237114811e+00 1.105254846025919502e+00 9.840456560864250246e-01 1.173580586984966700e+00
1.216775823744846052e+00 9.841277876552743109e-01 1.126737861084361247e+00 1.093951808178299290e+00 9.951183556552655185e-01 1.268300654541344219e+00 1.156024901032346452e+00 7.309034468888599978e-01 1.133111986543672955e+00 1.121035824456265706e+00 9.841277876552744219e-01 1.126737861084361025e+00 1.093951808178299512e+00 9.951183556552655185e-01 1.182418932815778589e+00
1.230155097264891806e+00 9.903627387838898066e-01 1.123863572868202043e+00 1.079413671338964154e+00 1.006621951491792455e+00 1.288206959730039181e+00 1.167665967276256822e+00 7.049075216738553973e-01 1.126775476458973912e+00 1.133279431426898354e+00 9.903627387838899176e-01 1.123863572868201821e+00 1.079413671338964376e+00 1.006621951491792455e+00 1.189625764143675601e+00
1.242505368531317655e+00 9.965689464305867995e-01 1.119797600631978085e+00 1.062574243160486542e+00 1.018181209379901420e+00 1.306826846698527778e+00 1.177691969728916987e+00 6.797357969446840009e-01 1.118215352722369715e+00 1.144865354148532299e+00 9.965689464305869105e-01 1.119797600631977863e+00 1.062574243160486764e+00 1.018181209379901420e+00 1.195819144381947918e+00
1.254218262622901703e+00 1.002520182872072896e+00 1.114984834077854758e+00 1.044142770465019021e+00 1.029564442735286800e+00 1.324527522242162858e+00 1.186299148277329074e+00 6.550896083117081492e-01 1.107986325835656372e+00 1.155988471880174950e+00 1.002520182872072896e+00 1.114984834077854536e+00 1.044142770465019243e+00 1.029564442735286800e+00 1.201464295019097239e+00
1.265560495019961484e+00 1.008054747469907531e+00 1.109731125031201859e+00 1.024648320292470771e+00 1.040626250938995412e+00 1.341566266756654358e+00 1.193634827441986790e+00 6.307544751553064710e-01 1.096549775545716310e+00 1.166778536479550654e+00 1.008054747469907531e+00 1.109731125031201637e+00 1.024648320292470993e+00 1.040626250938995412e+00 1.206899503500684867e+00
1.276703378228400521e+00 1.013058178398534848e+00 1.104233891766917885e+00 1.004481435983127779e+00 1.051274391876886760e+00 1.358112731667477036e+00 1.199807564572429763e+00 6.065870856415733758e-01 1.084291233883188266e+00 1.177314024010514437e+00 1.013058178398534848e+00 1.104233891766917663e+00 1.004481435983128224e+00 1.051274391876886760e+00 1.212363145338454684e+00
1.287748140356058890e+00 1.017450792322950992e+00 1.098607593862325427e+00 9.839286284412979144e-01 1.061450756379349158e+00 1.374270012064608970e+00 1.204898785862459354e+00 5.825014687036543792e-01 1.071534481540024730e+00 1.187637082155216461e+00 1.017450792322950992e+00 1.098607593862325205e+00 9.839286284412983585e-01 1.061450756379349158e+00 1.218017797338360131e+00
1.298746077344718364e+00 1.021178532398973271e+00 1.092904808729502575e+00 9.631994545742561531e-01 1.071119941707335155e+00 1.390092825933424203e+00 1.208973259729972272e+00 5.584567010616239280e-01 1.058552954573867888e+00 1.197766318496238380e+00 1.021178532398973271e+00 1.092904808729502353e+00 9.631994545742565972e-01 1.071119941707335155e+00 1.223970232439707262e+00
1.309713915715317922e+00 1.024206290648688178e+00 1.087133507195351623e+00 9.424471782932720698e-01 1.080261828121879875e+00 1.405602368454276663e+00 1.212087591850900647e+00 5.344466966297983790e-01 1.045579231311283053e+00 1.207706654223013043e+00 1.024206290648688178e+00 1.087133507195351401e+00 9.424471782932724029e-01 1.080261828121879875e+00 1.230287283417474287e+00
1.320645184794388971e+00 1.026513227322214616e+00 1.081271000924687531e+00 9.217842138986467315e-01 1.088866352120706038e+00 1.420797998580993982e+00 1.214296680994174427e+00 5.104919554857446640e-01 1.032813107281113529e+00 1.217456454370691832e+00 1.026513227322214616e+00 1.081271000924687309e+00 9.217842138986470646e-01 1.088866352120706038e+00 1.237008020923361373e+00
1.331518450042888491e+00 1.028089746869486065e+00 1.075274998931326609e+00 9.012934618734195213e-01 1.096929621234193686e+00 1.435666186110667430e+00 1.215658341603525816e+00 4.866329627665157975e-01 1.020428504432777439e+00 1.227012465335628688e+00 1.028089746869486065e+00 1.075274998931326387e+00 9.012934618734198544e-01 1.096929621234193686e+00 1.244152832927145402e+00
1.342303175340969990e+00 1.028935824808984378e+00 1.069092216366066772e+00 8.810364963357814050e-01 1.104450969694801499e+00 1.450187242903437923e+00 1.216236367345510105e+00 4.629249198812141475e-01 1.008579306491680816e+00 1.236373122397094848e+00 1.028935824808984378e+00 1.069092216366066550e+00 8.810364963357817381e-01 1.104450969694801499e+00 1.251729997142610129e+00
