5.392531692103799124e+00 5.653535232626187401e+00 3.563432789984481541e+00 5.089490705047303720e+00 4.901553034131374886e+00 6.251222759017741382e+00 4.672053471392387358e+00 3.286985387253913871e+00 9.993126465439174100e-02 3.598543410122468256e+00 3.563086155373248243e+00 5.236643132942571555e+00 2.486643301406817219e+00 5.431979818199106802e+00 4.721347895834293595e+00
5.377986925988535560e+00 5.638407748820500665e+00 3.576918618990646337e+00 5.076639684930511542e+00 4.891758194802272364e+00 6.274052394181588888e+00 4.645998359040030223e+00 3.316655950281949039e+00 1.029559743879697870e-01 3.621232433216304614e+00 3.547958671567561062e+00 5.250128961948735906e+00 2.473792281290025041e+00 5.422184978870003391e+00 4.739631959548069595e+00
5.372977954014767299e+00 5.633270064743831185e+00 3.586664541930359995e+00 5.068432886207404842e+00 4.885822668977962024e+00 6.292032311473715112e+00 4.625204265007404558e+00 3.336377699598085833e+00 9.973084858319787582e-02 3.640663331811157200e+00 3.542820987490892026e+00 5.259874884888450453e+00 2.465585482566918341e+00 5.416249453045693940e+00 4.750256353374679996e+00
5.372906415238865030e+00 5.633297354564932746e+00 3.593923373662854193e+00 5.063183465168145325e+00 4.882226734244515143e+00 6.306408087698923026e+00 4.608521233650326288e+00 3.349986774958615854e+00 9.366981735973978207e-02 3.657446743992195159e+00 3.542848277311994032e+00 5.267133716620945094e+00 2.460336061527658380e+00 5.412653518312247947e+00 4.756318595250933257e+00
5.375087706649870789e+00 5.635691887162169955e+00 3.599600271693189413e+00 5.059672931410761798e+00 4.879946327788442062e+00 6.318260528500080575e+00 4.594780300559174968e+00 3.359998989126368407e+00 8.666675528102209258e-02 3.672096835304845541e+00 3.545242809909230797e+00 5.272810614651280758e+00 2.456825527770274409e+00 5.410373111856174866e+00 4.759878485093988587e+00
5.378159669197393633e+00 5.639037301678357039e+00 3.604253806615752342e+00 5.057175093344467243e+00 4.878391651545319618e+00 6.328321077177991860e+00 4.583148893717739369e+00 3.367844568634406066e+00 7.961830347016703169e-02 3.685014086979333747e+00 3.548588224425418325e+00 5.277464149573843244e+00 2.454327689703979853e+00 5.408818435613052422e+00 4.762099828887293995e+00
5.381475848227270653e+00 5.642659727056522634e+00 3.608214881519586470e+00 5.055282502052894422e+00 4.877241476358045169e+00 6.337058305048880236e+00 4.573080841286162546e+00 3.374310457130112795e+00 7.290180638085552722e-02 3.696507490125551687e+00 3.552210649803583919e+00 5.281425224477677816e+00 2.452435098412406589e+00 5.407668260425777973e+00 4.763602469467213218e+00
5.384747432903726150e+00 5.646255180000503415e+00 3.611680145974412337e+00 5.053769653296991571e+00 4.876324811485581279e+00 6.344775798874799477e+00 4.564217836034207387e+00 3.379835144525791701e+00 6.664710619683412995e-02 3.706816761831333462e+00 3.555806102747564701e+00 5.284890488932504127e+00 2.450922249656503737e+00 5.406751595553314083e+00 4.764708598735229117e+00
5.387857091384011810e+00 5.649697155258069259e+00 3.614769842968004188e+00 5.052510291172110257e+00 4.875551171139847817e+00 6.351677934891318600e+00 4.556317064996773247e+00 3.384672779768383322e+00 6.087357446836911407e-02 3.716129702161401482e+00 3.559248078005130100e+00 5.287980185926095977e+00 2.449662887531622868e+00 5.405977955207580621e+00 4.765584569411660532e+00
5.390766718607950203e+00 5.652941623925086034e+00 3.617560999147858336e+00 5.051431447403204267e+00 4.874872178775770060e+00 6.357908928255005421e+00 4.549206653355332364e+00 3.388979430900726619e+00 5.555557507722210658e-02 3.724595110190885183e+00 3.562492546672146432e+00 5.290771342105950126e+00 2.448584043762716878e+00 5.405298962843502864e+00 4.766317038458940836e+00
5.393473064322285460e+00 5.655981359604984604e+00 3.620105843760854647e+00 5.050488830906053828e+00 4.874261198498696324e+00 6.363575255751407589e+00 4.542759575865015442e+00 3.392857573164698604e+00 5.065238346330448033e-02 3.732332266143896682e+00 3.565532282352044557e+00 5.293316186718946881e+00 2.447641427265565994e+00 5.404687982566429127e+00 4.766952378563620307e+00
5.395986971450622782e+00 5.658824492317724442e+00 3.622441901559294131e+00 5.049653878472071256e+00 4.873702798948841952e+00 6.368758600813861470e+00 4.536878412165948227e+00 3.396379055656245871e+00 4.612110849354125047e-02 3.739437882535246338e+00 3.568375415064783951e+00 5.295652244517386364e+00 2.446806474831583422e+00 5.404129583016574756e+00 4.767516607425466013e+00
5.398323975300729494e+00 5.661484706010161183e+00 3.624597545829592260e+00 5.048906966412189057e+00 4.873187394464966182e+00 6.373523541271308268e+00 4.531486219479444522e+00 3.399597165612958438e+00 4.192175858548999323e-02 3.745991225817402626e+00 3.571035628757224245e+00 5.297807888787685826e+00 2.446059562771702112e+00 5.403614178532700763e+00 4.768025321562794794e+00
5.400500244830674035e+00 5.663976922310551387e+00 3.626595118226977998e+00 5.048233816387783790e+00 4.872708541758785650e+00 6.377922313432248913e+00 4.526520844976842817e+00 3.402553183194488184e+00 3.801882342242232649e-02 3.752057923189232369e+00 3.573527845057613561e+00 5.299805461185071565e+00 2.445386412747295957e+00 5.403135325826521118e+00 4.768488620292900215e+00
5.402530972915396745e+00 5.666315516070939751e+00 3.628452748695773611e+00 5.047623544493745840e+00 4.872261572798012530e+00 6.381997912973533360e+00 4.521931210380426336e+00 3.405280121879158628e+00 3.438140228608688176e-02 3.757692822004598199e+00 3.575866438818001480e+00 5.301663091653868065e+00 2.444776140853257562e+00 5.402688356865747998e+00 4.768913558628938176e+00
5.404429853406443662e+00 5.668513670131150484e+00 3.630185472851929163e+00 5.047067558808993049e+00 4.871842892068310782e+00 6.385786213510555420e+00 4.517674768270358854e+00 3.407804994822003053e+00 3.098279210153736390e-02 3.762942161461930723e+00 3.578064592878212213e+00 5.303395815810023173e+00 2.444220155168505215e+00 5.402269676136046250e+00 4.769305391897526114e+00
5.406209017169787856e+00 5.670583224419727841e+00 3.631805959131091832e+00 5.046558902389866041e+00 4.871449603052642630e+00 6.389317477184774496e+00 4.513715686716274433e+00 3.410150277780191974e+00 2.779992779257746058e-02 3.767845240136753926e+00 3.580134147166790015e+00 5.305016302089185842e+00 2.443711498749377764e+00 5.401876387120378986e+00 4.769668229628456046e+00
5.407879144885009204e+00 5.672534726472814981e+00 3.633325009719759358e+00 5.046091837496323507e+00 4.871079299080744995e+00 6.392617469802793551e+00 4.510023509017591081e+00 3.412334910321327630e+00 2.481283191307731562e-02 3.772435709909648605e+00 3.582085649219877599e+00 5.306535352677853368e+00 2.443244433855835673e+00 5.401506083148481352e+00 4.770005397510280964e+00
5.409449633951485481e+00 5.674377553524497131e+00 3.634751923052309763e+00 5.045661566488128358e+00 4.870729938040182283e+00 6.395708306512237762e+00 4.506572137749172313e+00 3.414375015107782740e+00 2.200412753580583552e-02 3.776742589996234578e+00 3.583928476271559749e+00 5.307962266010403773e+00 2.442814162847640524e+00 5.401156722107918640e+00 4.770319651479163703e+00
5.410928769008761741e+00 5.676120050669712924e+00 3.636094766484016638e+00 5.045264034576083745e+00 4.870399761558579677e+00 6.398609106430572346e+00 4.503339048914743792e+00 3.416284434271156911e+00 1.935862564821269963e-02 3.780791069046507857e+00 3.585670973416775542e+00 5.309305109442111537e+00 2.442416630935595911e+00 5.400826545626316033e+00 4.770613313794632937e+00
5.412323877394119798e+00 5.677769662886162472e+00 3.637360587374931065e+00 5.044895784596740818e+00 4.870087239125370004e+00 6.401336507462473513e+00 4.500304674509629344e+00 3.418075140545863366e+00 1.686298214631722775e-02 3.784603145145900793e+00 3.587320585633225090e+00 5.310570930333025963e+00 2.442048380956252984e+00 5.400514023193106361e+00 4.770888365561460454e+00
5.413641464385482216e+00 5.679333053250859464e+00 3.638555579938171913e+00 5.044553846747972692e+00 4.869791027193711486e+00 6.403905076269189145e+00 4.497451911327615903e+00 3.419757558829715105e+00 1.450541461922110267e-02 3.788198140643224132e+00 3.588883975997922082e+00 5.311765922896266368e+00 2.441706443107485303e+00 5.400217811261447842e+00 4.771146513242338294e+00
5.414887328479375483e+00 5.680816205811757058e+00 3.639685219153637963e+00 5.044235652952502313e+00 4.869509937952362755e+00 6.406327638122501611e+00 4.494765726165330655e+00 3.421340821523709330e+00 1.227546868963741433e-02 3.791593119446334814e+00 3.590367128558819232e+00 5.312895562111733305e+00 2.441388249312014480e+00 5.399936722020099111e+00 4.771389238525746812e+00
5.416066658842906278e+00 5.682224513976404268e+00 3.640754369501081111e+00 5.043938969221277269e+00 4.869242914760957497e+00 6.408615544640463568e+00 4.492232835704466964e+00 3.422832973700025150e+00 1.016382480823832188e-02 3.794803227677625568e+00 3.591775436723466441e+00 5.313964712459176454e+00 2.441091565580789435e+00 5.399669698828693853e+00 4.771617836859113559e+00
5.417184117510620567e+00 5.683562856074525271e+00 3.641767374064373453e+00 5.043661841539964108e+00 4.868989012424258078e+00 6.410778892789001482e+00 4.489841444925165348e+00 3.424241139558314551e+00 8.162137901993681000e-03 3.797841973625764922e+00 3.593113778821587889e+00 5.314977717022468795e+00 2.440814437899475831e+00 5.399415796491994435e+00 4.771833447867909861e+00
5.418243908768477723e+00 5.684835659880154601e+00 3.642728128113275510e+00 5.043402552124653937e+00 4.868747381119292506e+00 6.412826705271860384e+00 4.487581031846392676e+00 3.425571658593057123e+00 6.262903703731894159e-03 3.800721459255707479e+00 3.594386582627217219e+00 5.315938471071370408e+00 2.440555148484165660e+00 5.399174165187028862e+00 4.772037079745552468e+00
5.419249837857935681e+00 5.686046957752536102e+00 3.643640140273352035e+00 5.043159583751652519e+00 4.868517253156550595e+00 6.414767080067352190e+00 4.485442169246721456e+00 3.426830197796883137e+00 4.459346806067345133e-03 3.803452572789401298e+00 3.595597880499599164e+00 5.316850483231446489e+00 2.440312180111164242e+00 5.398944037224287840e+00 4.772229629041351728e+00
5.420205360796604310e+00 5.687200433848732750e+00 3.644506583682241452e+00 5.042931590450247192e+00 4.868297931982722204e+00 6.416607315123973976e+00 4.483416376129236269e+00 3.428021844727223488e+00 2.745326472360065315e-03 3.806045149793978677e+00 3.596751356595796256e+00 5.317716926640335018e+00 2.440084186809758471e+00 5.398724716050459449e+00 4.772411896867196468e+00
5.421113626804222818e+00 5.688299464646395798e+00 3.645330339005898868e+00 5.042717373259492319e+00 4.868088782981176088e+00 6.418354012917357743e+00 4.481495993276001677e+00 3.429151185167857552e+00 1.115257026555660155e-03 3.808508108634274691e+00 3.597850387393458860e+00 5.318540681963992434e+00 2.439869969619002710e+00 5.398515567048914221e+00 4.772584602276936039e+00
5.421977514559706890e+00 5.689347153819171332e+00 3.646114030793955241e+00 5.042515860049108234e+00 4.867889225729519431e+00 6.420013168576976348e+00 4.479674078437143159e+00 3.430222368300052782e+00 -4.359597317881551155e-04 3.810849564934380318e+00 3.598898076566234838e+00 5.319324373752048807e+00 2.439668456408618624e+00 5.398316009797257564e+00 4.772748393388575927e+00
