1.000000000000000000e+00 1.000000000000000000e+00 1.000000000000000000e+00 1.000000000000000000e+00 1.000000000000000000e+00 1.000000000000000000e+00 1.000000000000000000e+00 1.000000000000000000e+00 1.000000000000000000e+00 1.000000000000000000e+00 1.000000000000000000e+00 1.000000000000000000e+00 1.000000000000000000e+00 1.000000000000000000e+00 1.000000000000000000e+00
1.065367236773584025e+00 9.905526698229767391e-01 1.061781529728886397e+00 1.060636452720809864e+00 9.887162794754584816e-01 1.059876622959140091e+00 1.038116946721013623e+00 9.482534874912406098e-01 1.060876660495380097e+00 1.025200967081184800e+00 9.905526698229767391e-01 1.061781529728886397e+00 1.060636452720809864e+00 9.887162794754584816e-01 1.065367236773584247e+00
1.124344837137486008e+00 9.901172365998747171e-01 1.111886944874909355e+00 1.108724835534908859e+00 9.861480514896471261e-01 1.114943685544053320e+00 1.080850183309570056e+00 8.988646502153151419e-01 1.105321119213988679e+00 1.054104989939699477e+00 9.901172365998747171e-01 1.111886944874909355e+00 1.108724835534908859e+00 9.861480514896471261e-01 1.120697810582009790e+00
1.168553862816341216e+00 9.946142609277588420e-01 1.145134581535976137e+00 1.134342014350452343e+00 9.938670332101939842e-01 1.159866793937697205e+00 1.120148051629235031e+00 8.576715053446999359e-01 1.128640672169547443e+00 1.079873070416527359e+00 9.946142609277587310e-01 1.145134581535976137e+00 1.134342014350452343e+00 9.938670332101939842e-01 1.159457777519917299e+00
1.198171236153867891e+00 1.000546577842343021e+00 1.164142430809392170e+00 1.139370956994712580e+00 1.006951080092211681e+00 1.194478177521950624e+00 1.152655281549560762e+00 8.251315359139973493e-01 1.134484360631719646e+00 1.099628035220152622e+00 1.000546577842343021e+00 1.164142430809392170e+00 1.139370956994712580e+00 1.006951080092211681e+00 1.182905237193411896e+00
1.217938722649455130e+00 1.006590457584275677e+00 1.174196437162174256e+00 1.130848884718488101e+00 1.021497959693734359e+00 1.221674591244853447e+00 1.179428537886364925e+00 7.984531796933864722e-01 1.128801800447488679e+00 1.114786761193859332e+00 1.006590457584275677e+00 1.174196437162174256e+00 1.130848884718488101e+00 1.021497959693734359e+00 1.196029002478296910e+00
1.232161875565695341e+00 1.012515827923934353e+00 1.179459078829104168e+00 1.114556980814599640e+00 1.036072305387099490e+00 1.244371521629218824e+00 1.202406741985843297e+00 7.748679578110069244e-01 1.116120633224426673e+00 1.127332889953496897e+00 1.012515827923934353e+00 1.179459078829104168e+00 1.114556980814599640e+00 1.036072305387099490e+00 1.203279210670669785e+00
1.243510471737557133e+00 1.018324004024276697e+00 1.182466586568779343e+00 1.093991016054302934e+00 1.050361553592898067e+00 1.264569095978464341e+00 1.222956036497150567e+00 7.525933757548524117e-01 1.099197327019848736e+00 1.138497085936359898e+00 1.018324004024276697e+00 1.182466586568779343e+00 1.093991016054302934e+00 1.050361553592898067e+00 1.207528972286093794e+00
1.253422188204700527e+00 1.024013196870197762e+00 1.184627853996862434e+00 1.071103505869609229e+00 1.064373973102511917e+00 1.283478764192651278e+00 1.241818186852031936e+00 7.306548966307720994e-01 1.079618457030325773e+00 1.148867504157514929e+00 1.024013196870197762e+00 1.184627853996862434e+00 1.071103505869609229e+00 1.064373973102511917e+00 1.210432131272495271e+00
1.262610840624927233e+00 1.029559524322526176e+00 1.186687706946292220e+00 1.046987728852899258e+00 1.078179718021668565e+00 1.301801909361005816e+00 1.259338929388807760e+00 7.085768703482215880e-01 1.058304329146256828e+00 1.158669793194585740e+00 1.029559524322526176e+00 1.186687706946292220e+00 1.046987728852899258e+00 1.078179718021668565e+00 1.212894442682692198e+00
1.271397144737693941e+00 1.034931973619463541e+00 1.189017714717069740e+00 1.022282027355977840e+00 1.091847753297953583e+00 1.319936160781859380e+00 1.275652128631626470e+00 6.861675874706427702e-01 1.035807289044397894e+00 1.167950924076004426e+00 1.034931973619463541e+00 1.189017714717069740e+00 1.022282027355977840e+00 1.091847753297953583e+00 1.215392385067869174e+00
1.279895327727423870e+00 1.040103004242512563e+00 1.191783365739020661e+00 9.973864371020164654e-01 1.105435892782000940e+00 1.338102701959672958e+00 1.290790616733644480e+00 6.633912836012625380e-01 1.012475690789131910e+00 1.176677804665885230e+00 1.040103004242512563e+00 1.191783365739020883e+00 9.973864371020164654e-01 1.105435892782000940e+00 1.218160034351622789e+00
1.288113775984903731e+00 1.045052715166855162e+00 1.195037819539497503e+00 9.725755183014151983e-01 1.118992109988792283e+00 1.356420331640134425e+00 1.304746777738670982e+00 6.402939595971994802e-01 9.885429154644429506e-01 1.184786861367535193e+00 1.045052715166855162e+00 1.195037819539497725e+00 9.725755183014151983e-01 1.118992109988792283e+00 1.221293704131332092e+00
1.296008533493345105e+00 1.049769573739721018e+00 1.198773946435783611e+00 9.480562762848333547e-01 1.132556845103775967e+00 1.374947516629081434e+00 1.317503938772968564e+00 6.169597281403069733e-01 9.641757572526543640e-01 1.192208246402630900e+00 1.049769573739721018e+00 1.198773946435783833e+00 9.480562762848333547e-01 1.132556845103775967e+00 1.224809598614844397e+00
1.303511690977972926e+00 1.054249859742834916e+00 1.202953078122707353e+00 9.239974830621134894e-01 1.146164476659764286e+00 1.393706083445672261e+00 1.329051598089040942e+00 5.934844462240370655e-01 9.395008369113998503e-01 1.198877371646427825e+00 1.054249859742834916e+00 1.202953078122707575e+00 9.239974830621134894e-01 1.146164476659764286e+00 1.228675522768113870e+00
1.310546520562148709e+00 1.058496840822545471e+00 1.207520981516017056e+00 9.005443301476228068e-01 1.159844052592804431e+00 1.412694679979761059e+00 1.339391762751518833e+00 5.699596339662311717e-01 9.146191665529359582e-01 1.204740173466589015e+00 1.058496840822545471e+00 1.207520981516017278e+00 9.005443301476228068e-01 1.159844052592804431e+00 1.232828553956323292e+00
1.317035579336568674e+00 1.062520062392790843e+00 1.212416986027573307e+00 8.778257221562894008e-01 1.173619635176095466e+00 1.431896653033646549e+00 1.348540381772113772e+00 5.464630523143586549e-01 8.896143773693765411e-01 1.209755274257538149e+00 1.062520062392790843e+00 1.212416986027573529e+00 8.778257221562894008e-01 1.173619635176095466e+00 1.237185224933166072e+00
1.322905017082068646e+00 1.066334879746650310e+00 1.217579537928968891e+00 8.559579808741628604e-01 1.187510517686392708e+00 1.451284895720238000e+00 1.356526132488930836e+00 5.230539729391097126e-01 8.645575947846825260e-01 1.213894619588003598e+00 1.066334879746650310e+00 1.217579537928969113e+00 8.559579808741628604e-01 1.187510517686392708e+00 1.241647738196098860e+00
1.328086779117001459e+00 1.069962289071643147e+00 1.222949919973354005e+00 8.350468444380223509e-01 1.201531444495459677e+00 1.470825009340711143e+00 1.363387920899469030e+00 4.997719170463479910e-01 8.395105496683654689e-01 1.217143408530443116e+00 1.069962289071643147e+00 1.222949919973354227e+00 8.350468444380223509e-01 1.201531444495459677e+00 1.246108059692423886e+00
1.332519611827548411e+00 1.073429106128326760e+00 1.228475003270302235e+00 8.151886604758106225e-01 1.215692876941947054e+00 1.490477455153189856e+00 1.369171961401870474e+00 4.766379464437450753e-01 8.145277491994979968e-01 1.219499764815809018e+00 1.073429106128326760e+00 1.228475003270302457e+00 8.151886604758106225e-01 1.215692876941947054e+00 1.250450846169059549e+00
