1.000000000000000000e+00 1.000000000000000000e+00 1.000000000000000000e+00 1.000000000000000000e+00 1.000000000000000000e+00 1.000000000000000000e+00 1.000000000000000000e+00 1.000000000000000000e+00 1.000000000000000000e+00 1.000000000000000000e+00 1.000000000000000000e+00 1.000000000000000000e+00 1.000000000000000000e+00 1.000000000000000000e+00 1.000000000000000000e+00
8.790706119688692644e-01 9.479272514031753527e-01 8.886277561894562194e-01 8.874826791813796856e-01 9.460908610556570952e-01 9.524717925385196571e-01 9.063871206034616046e-01 1.058107592632135052e+00 9.291468343778280792e-01 9.177961366605643656e-01 9.479272514031753527e-01 8.886277561894562194e-01 8.874826791813796856e-01 9.460908610556572063e-01 8.790706119688692644e-01
8.116655045511919075e-01 9.291055655317590478e-01 8.249815918935826664e-01 8.084102930027532441e-01 9.449889343827873045e-01 8.823057476799036625e-01 8.257359009114828563e-01 1.136621539288172444e+00 8.855328324288676001e-01 8.144381635619414306e-01 9.291055655317590478e-01 8.249815918935826664e-01 8.084102930027532441e-01 9.449889343827873045e-01 8.174528191165355562e-01
8.008347964072348724e-01 9.369931440513010745e-01 8.226205252061612461e-01 7.699908144615721373e-01 9.880558065291398240e-01 8.294842281258931749e-01 7.861722849399122026e-01 1.208561676197840828e+00 8.790788582984335742e-01 7.404245395287430975e-01 9.369931440513011855e-01 8.226205252061612461e-01 7.699908144615720262e-01 9.880558065291398240e-01 8.158439501214735934e-01
7.930416399873631006e-01 9.311553175852003150e-01 8.323894132546932889e-01 7.351413327839447787e-01 1.024047021263730928e+00 7.934102724694364062e-01 7.500658744608499351e-01 1.251543679616541116e+00 8.821696308027926481e-01 6.944679109952841545e-01 9.311553175852004260e-01 8.323894132546932889e-01 7.351413327839446676e-01 1.024047021263730928e+00 8.164348749325628374e-01
7.886335777298377758e-01 9.194970579649365261e-01 8.497315970204297741e-01 7.041727989420151212e-01 1.055282854308516427e+00 7.669021749747445549e-01 7.161935367718269552e-01 1.275605293393349493e+00 8.882809959226590779e-01 6.690201662534687177e-01 9.194970579649367481e-01 8.497315970204296631e-01 7.041727989420150102e-01 1.055282854308516427e+00 8.181063646567965364e-01
7.873231331575696323e-01 9.059686545415301939e-01 8.715715730539994599e-01 6.768212020403682194e-01 1.083128986911896519e+00 7.460753137408657754e-01 6.846944963835474018e-01 1.287207488443345982e+00 8.938120824663798869e-01 6.578590205499601495e-01 9.059686545415304160e-01 8.715715730539992379e-01 6.768212020403679974e-01 1.083128986911896519e+00 8.200551538324007961e-01
7.885374531463172909e-01 8.923946774828858119e-01 8.959514980114385851e-01 6.524794063733135863e-01 1.108421670247788260e+00 7.288214657153199161e-01 6.558684233351695925e-01 1.290123463831006179e+00 8.968354216581883032e-01 6.566311737776486801e-01 8.923946774828860340e-01 8.959514980114383631e-01 6.524794063733133642e-01 1.108421670247788260e+00 8.217477694545538558e-01
7.916772120507806765e-01 8.796070826106154872e-01 9.216832601330700037e-01 6.304797001782811439e-01 1.131804014568619676e+00 7.138908900106635258e-01 6.298035121924134838e-01 1.286675832623011884e+00 8.964105582350673229e-01 6.622652965149461446e-01 8.796070826106157092e-01 9.216832601330696706e-01 6.304797001782809218e-01 1.131804014568619898e+00 8.229268587692203374e-01
7.961797207238608953e-01 8.679415810805845011e-01 9.480499792953547278e-01 6.102307307439991391e-01 1.153822081624548801e+00 7.004641254247988558e-01 6.063107268964829100e-01 1.278414587563734051e+00 8.921789272442268715e-01 6.725211906761453529e-01 8.679415810805847231e-01 9.480499792953543947e-01 6.102307307439988060e-01 1.153822081624549245e+00 8.235182233114624051e-01
8.015409945333479280e-01 8.574689324226616449e-01 9.746064736752341195e-01 5.912871868654495655e-01 1.174945000567295228e+00 6.879660452149007899e-01 5.849977027966567489e-01 1.266461526339569543e+00 8.841242216993303593e-01 6.857304629007805463e-01 8.574689324226618670e-01 9.746064736752337865e-01 5.912871868654492324e-01 1.174945000567295672e+00 8.235480509340605826e-01
8.073207031370979170e-01 8.481029979719582057e-01 1.001048002400332315e+00 5.733683191224683284e-01 1.195560519537805400e+00 6.759894418426738438e-01 5.653694354660926402e-01 1.251688279918941715e+00 8.724283944567676752e-01 7.006457264002048380e-01 8.481029979719584277e-01 1.001048002400332093e+00 5.733683191224681064e-01 1.195560519537805844e+00 8.230805087397758957e-01
8.131428379030428699e-01 8.396547666008981059e-01 1.027127382594085203e+00 5.563457127456072904e-01 1.215971400616846942e+00 6.642625624696347764e-01 5.469118206753230682e-01 1.234817821823606332e+00 8.573891489740809169e-01 7.163445832161690063e-01 8.396547666008983279e-01 1.027127382594084981e+00 5.563457127456070683e-01 1.215971400616847164e+00 8.221806574012320290e-01
8.186969956742384813e-01 8.318637518996849778e-01 1.052605474288874410e+00 5.402154179382578914e-01 1.236398564892472240e+00 6.526327465456136512e-01 5.291479839861066292e-01 1.216485978605558627e+00 8.393748045737874364e-01 7.321640214677511693e-01 8.318637518996851998e-01 1.052605474288874188e+00 5.402154179382576693e-01 1.236398564892472463e+00 8.208984786924413690e-01
8.237423340402564298e-01 8.244217201930478245e-01 1.077224617528877548e+00 5.250651177412557491e-01 1.256990437147046169e+00 6.410553676923128608e-01 5.116713116718302201e-01 1.197275851523374346e+00 8.187988041056617483e-01 7.476541313183173720e-01 8.244217201930480465e-01 1.077224617528877326e+00 5.250651177412555271e-01 1.256990437147046391e+00 8.192681939151720272e-01
8.281136588124170528e-01 8.169950713858273872e-01 1.100697416582647081e+00 5.110431254029875747e-01 1.277836748670688083e+00 6.295839676101522286e-01 4.941613590299391290e-01 1.177730015626215376e+00 7.961020807192068505e-01 7.625439845437792519e-01 8.169950713858276092e-01 1.100697416582646859e+00 5.110431254029873527e-01 1.277836748670688305e+00 8.173175823271772167e-01
8.317270866329041779e-01 8.092470058954362999e-01 1.122704855675466407e+00 4.983333267665691624e-01 1.298985423493682845e+00 6.183599267461070692e-01 4.763871554897645688e-01 1.158344664642915856e+00 7.717372516410626604e-01 7.767133305901678941e-01 8.092470058954365220e-01 1.122704855675466407e+00 4.983333267665688848e-01 1.298985423493683067e+00 8.150828207758682442e-01
8.345818692761861612e-01 8.008574394362717452e-01 1.142898663706948481e+00 4.871381120744088800e-01 1.320461311905810176e+00 6.076012838949128581e-01 4.582008299453340094e-01 1.139551625186377759e+00 7.461535553316437364e-01 7.901645796774892094e-01 8.008574394362719673e-01 1.142898663706948481e+00 4.871381120744086024e-01 1.320461311905810398e+00 8.126248006382715827e-01
8.367556501350904563e-01 7.915374780188036974e-01 1.160903894413948034e+00 4.776693389359871200e-01 1.342285275763749119e+00 5.975912712372642988e-01 4.395241823935069903e-01 1.121695459169043341e+00 7.197849829238183172e-01 8.029913079350745608e-01 7.915374780188039194e-01 1.160903894413948034e+00 4.776693389359867870e-01 1.342285275763749341e+00 8.100433005627455385e-01
8.383923145322095261e-01 7.810361876365520262e-01 1.176319415590794115e+00 4.701454265110910913e-01 1.364491958763288437e+00 5.886676211707211337e-01 4.203314975554792721e-01 1.105012138092376972e+00 6.930456946096273940e-01 8.153418395269901309e-01 7.810361876365522482e-01 1.176319415590794115e+00 4.701454265110907027e-01 1.364491958763288659e+00 8.074862152066795140e-01
