1.000000000000000000e+00 1.000000000000000000e+00 1.000000000000000000e+00 1.000000000000000000e+00 1.000000000000000000e+00 1.000000000000000000e+00 1.000000000000000000e+00 1.000000000000000000e+00 1.000000000000000000e+00 1.000000000000000000e+00 1.000000000000000000e+00 1.000000000000000000e+00 1.000000000000000000e+00 1.000000000000000000e+00 1.000000000000000000e+00
1.091514131483017902e+00 9.965351846889137777e-01 1.086083813734420422e+00 1.084938736726343889e+00 9.946987943413955202e-01 1.074950985123437786e+00 1.056605343369090955e+00 9.328353674714660038e-01 1.079365057143457429e+00 1.040275329245482494e+00 9.965351846889136667e-01 1.086083813734420644e+00 1.084938736726343889e+00 9.946987943413955202e-01 1.091514131483017902e+00
1.166066135612879640e+00 1.004754833351253929e+00 1.149067918212202333e+00 1.143137779027083134e+00 1.002862096805585246e+00 1.136740273001819013e+00 1.114963805075146031e+00 8.762766847969876149e-01 1.128415866067726814e+00 1.079070601153097053e+00 1.004754833351253929e+00 1.149067918212202555e+00 1.143137779027083134e+00 1.002862096805585246e+00 1.161055021796526754e+00
1.206709746980485498e+00 1.012929488452989357e+00 1.179631198956900606e+00 1.158324350365381061e+00 1.019355331032087975e+00 1.176859370168773289e+00 1.157821832539914553e+00 8.396939433998454883e-01 1.139949956814955589e+00 1.103633940816442394e+00 1.012929488452989579e+00 1.179631198956900828e+00 1.158324350365381061e+00 1.019355331032087975e+00 1.195362275463783819e+00
1.226281450900188030e+00 1.018415287303569228e+00 1.191597741461885906e+00 1.148480468733838356e+00 1.035629471764514919e+00 1.203068293141591694e+00 1.188365264294663159e+00 8.152091677215346222e-01 1.130342019100816220e+00 1.118532130166010274e+00 1.018415287303569450e+00 1.191597741461886129e+00 1.148480468733838356e+00 1.035629471764514919e+00 1.207999234097316688e+00
1.237841465901917237e+00 1.022815878169864190e+00 1.196782933176567587e+00 1.128900451080993683e+00 1.050692508818229065e+00 1.223416221073790444e+00 1.213634010429140320e+00 7.948163267523828956e-01 1.111922639833360371e+00 1.130021977504449993e+00 1.022815878169864412e+00 1.196782933176567809e+00 1.128900451080993683e+00 1.050692508818229065e+00 1.212152107503121190e+00
1.246779047742455404e+00 1.026966571033819164e+00 1.200140269581606800e+00 1.105688826035736039e+00 1.065117027346045964e+00 1.241623286405363347e+00 1.236698713509340353e+00 7.751394631015060543e-01 1.089706546017201294e+00 1.140395351672711222e+00 1.026966571033819164e+00 1.200140269581607022e+00 1.105688826035736039e+00 1.065117027346045964e+00 1.213576694187821881e+00
1.254873459970010652e+00 1.031089850790439577e+00 1.203429432689522516e+00 1.081024186515575192e+00 1.079287564556518975e+00 1.259179881840537529e+00 1.258497969324877008e+00 7.550337002031868305e-01 1.065580466423270201e+00 1.150210769356990737e+00 1.031089850790439577e+00 1.203429432689522738e+00 1.081024186515575192e+00 1.079287564556518975e+00 1.214388093908271848e+00
1.262626899708622741e+00 1.035211001632905248e+00 1.207221208515781408e+00 1.055744677331704517e+00 1.093398835563810456e+00 1.276688967080853665e+00 1.279220770929987205e+00 7.341828597693126346e-01 1.040303935081438480e+00 1.159499770254262874e+00 1.035211001632905248e+00 1.207221208515781630e+00 1.055744677331704517e+00 1.093398835563810456e+00 1.215328943408829909e+00
1.270116418168551142e+00 1.039310492376765538e+00 1.211658783370350934e+00 1.030249436412361108e+00 1.107555537536907941e+00 1.294408047741117063e+00 1.298827634270317555e+00 7.125738257756482064e-01 1.014230772460960051e+00 1.168159517076585496e+00 1.039310492376765538e+00 1.211658783370351156e+00 1.030249436412361108e+00 1.107555537536907941e+00 1.216639421912368180e+00
1.277282056131356924e+00 1.043366596572738114e+00 1.216733218426232499e+00 1.004797087953824830e+00 1.121822185688376106e+00 1.312454034041918183e+00 1.317225764369115204e+00 6.903074374130188096e-01 9.875642383263086854e-01 1.176068367305718398e+00 1.043366596572738114e+00 1.216733218426232721e+00 1.004797087953824830e+00 1.121822185688376106e+00 1.218368719175717763e+00
1.284022683801695930e+00 1.047365141764606156e+00 1.222382465575124977e+00 9.796009685736348782e-01 1.136243212240444000e+00 1.330879574466301341e+00 1.334326530750308493e+00 6.675257704286156057e-01 9.604476678093388786e-01 1.183118019353336825e+00 1.047365141764606156e+00 1.222382465575125199e+00 9.796009685736348782e-01 1.136243212240444000e+00 1.220485073950864807e+00
1.290228305359794936e+00 1.051301035258256356e+00 1.228526938955278425e+00 9.548569416624386186e-01 1.150850457010784700e+00 1.349701624066467209e+00 1.350064163910037918e+00 6.443793326150899503e-01 9.329968894915688926e-01 1.189221915190934675e+00 1.051301035258256356e+00 1.228526938955278647e+00 9.548569416624386186e-01 1.150850457010784700e+00 1.222914984126178828e+00
1.295791658465880403e+00 1.055178260619836772e+00 1.235082516359301552e+00 9.307495973908073150e-01 1.165665857719862641e+00 1.368912775954297611e+00 1.364401037343258904e+00 6.210091867377521835e-01 9.053121794433020009e-01 1.194317134654242052e+00 1.055178260619836772e+00 1.235082516359301774e+00 9.307495973908073150e-01 1.165665857719862641e+00 1.225558100319692256e+00
1.300612955803279291e+00 1.059009829202638864e+00 1.241965838282835133e+00 9.074521837713932504e-01 1.180702546838207079e+00 1.388486716781295094e+00 1.377327509252561866e+00 5.975364174493806857e-01 8.774832157629057772e-01 1.198364425787652010e+00 1.059009829202638864e+00 1.241965838282835355e+00 9.074521837713932504e-01 1.180702546838207079e+00 1.228294175457787185e+00
1.304602109900513618e+00 1.062817884159200199e+00 1.249097295061236235e+00 8.851252710046667582e-01 1.195965580058891309e+00 1.408381830065937645e+00 1.388859081198213996e+00 5.740567626937750356e-01 8.495917627351904367e-01 1.201347570204618798e+00 1.062817884159200199e+00 1.249097295061236457e+00 8.851252710046667582e-01 1.195965580058891309e+00 1.230987680485882585e+00
1.307679788673021148e+00 1.066633943868976919e+00 1.256403544308335674e+00 8.639156129016307695e-01 1.211452682576393380e+00 1.428544162154239183e+00 1.399032213790246670e+00 5.506395341140374322e-01 8.217136398470832326e-01 1.203272463572635953e+00 1.066633943868976919e+00 1.256403544308335896e+00 8.639156129016307695e-01 1.211452682576393380e+00 1.233491863706537073e+00
1.309777771125095969e+00 1.070499289856428948e+00 1.263820035828990385e+00 8.439554707782658260e-01 1.227155060911856888e+00 1.448909937300784101e+00 1.407899748299495490e+00 5.273299994873756891e-01 7.939203916453020371e-01 1.204166122939219763e+00 1.070499289856428948e+00 1.263820035828990607e+00 8.439554707782658260e-01 1.227155060911856888e+00 1.235652709628891177e+00
1.310838836993719170e+00 1.074465518874361480e+00 1.271293505862881368e+00 8.253622995326163059e-01 1.243058218498227729e+00 1.469407499439855158e+00 1.415526671407901338e+00 5.041542205407897326e-01 7.662807042627147736e-01 1.204075762023910867e+00 1.074465518874361480e+00 1.271293505862881590e+00 8.253622995326163059e-01 1.243058218498227729e+00 1.237312856273991679e+00
1.310816352646425376e+00 1.078595242429611467e+00 1.278784238774562043e+00 8.082386349868948550e-01 1.259142707088034996e+00 1.489958531709086431e+00 1.421986732651480345e+00 4.811252660039567197e-01 7.388615418992798833e-01 1.203067984466003937e+00 1.078595242429611467e+00 1.278784238774562487e+00 8.082386349868948550e-01 1.259142707088034996e+00 1.238315465330820153e+00
