1.000000000000000000e+00 1.000000000000000000e+00 1.000000000000000000e+00 1.000000000000000000e+00 1.000000000000000000e+00 1.000000000000000000e+00 1.000000000000000000e+00 1.000000000000000000e+00 1.000000000000000000e+00 1.000000000000000000e+00 1.000000000000000000e+00 1.000000000000000000e+00 1.000000000000000000e+00 1.000000000000000000e+00 1.000000000000000000e+00
1.062098874934904957e+00 9.898048554647345121e-01 1.058743744228194616e+00 1.057598667220118083e+00 9.879684651172163656e-01 1.057992327688602963e+00 1.035805897140003928e+00 9.501807524937124771e-01 1.058565610914370403e+00 1.023316671810647671e+00 9.898048554647345121e-01 1.058743744228194616e+00 1.057598667220118083e+00 9.879684651172163656e-01 1.062098874934904957e+00
1.118666927319522664e+00 9.881690407008193455e-01 1.106819328375960421e+00 1.103937287343226492e+00 9.840073695615209060e-01 1.111863288690456031e+00 1.076235294918656438e+00 9.019860630939016133e-01 1.102050080218699657e+00 1.050654776635945309e+00 9.881690407008193455e-01 1.106819328375960421e+00 1.103937287343226492e+00 9.840073695615209060e-01 1.115196519634221506e+00
1.162348462058570231e+00 9.917389414784371082e-01 1.139582568954669473e+00 1.130065796521484200e+00 9.901218145441229579e-01 1.156767578955861131e+00 1.114225896654207348e+00 8.607331829277838908e-01 1.126262972526606232e+00 1.075959173429246629e+00 9.917389414784369972e-01 1.139582568954669473e+00 1.130065796521484200e+00 9.901218145441229579e-01 1.153581835916260179e+00
1.192723816818855642e+00 9.973001413856263930e-01 1.158991681028923360e+00 1.136859732505531184e+00 1.002151023060940727e+00 1.192145078501258171e+00 1.146345200660407571e+00 8.273329103950907149e-01 1.134025939653123149e+00 1.096083160754868668e+00 9.973001413856262820e-01 1.158991681028923360e+00 1.136859732505531184e+00 1.002151023060940727e+00 1.177902128992732722e+00
1.213566876043393306e+00 1.003342034777541469e+00 1.169568370115673162e+00 1.130177818508949272e+00 1.016212883956578716e+00 1.220279140714448207e+00 1.173052707188652066e+00 7.996653075964067492e-01 1.130407478680803601e+00 1.111791278548867723e+00 1.003342034777541247e+00 1.169568370115673162e+00 1.130177818508949272e+00 1.016212883956578716e+00 1.192219352742674321e+00
1.228719008865917672e+00 1.009428127215995952e+00 1.175134333829194855e+00 1.115349824233677012e+00 1.030603891409540340e+00 1.243767566807272962e+00 1.195932324236371525e+00 7.752811171603659623e-01 1.119559463740246397e+00 1.124780345597918840e+00 1.009428127215995730e+00 1.175134333829194855e+00 1.115349824233677012e+00 1.030603891409540340e+00 1.200509882354751090e+00
1.240758042925768301e+00 1.015453413967779106e+00 1.178164238754106030e+00 1.095837521691513050e+00 1.044823724302542889e+00 1.264533196439377116e+00 1.216256786870171913e+00 7.524545660513530798e-01 1.104174673672224660e+00 1.136254650219109763e+00 1.015453413967778884e+00 1.178164238754106030e+00 1.095837521691513050e+00 1.044823724302542889e+00 1.205530374605213506e+00
1.251166531333911092e+00 1.021370629627929461e+00 1.180109452116468560e+00 1.073678617671371960e+00 1.058789966530418347e+00 1.283807951238396194e+00 1.234784055200730535e+00 7.301717332232489088e-01 1.085882209053836034e+00 1.146852448441009198e+00 1.021370629627929238e+00 1.180109452116468560e+00 1.073678617671371960e+00 1.058789966530418347e+00 1.208962763665343498e+00
1.260730088764969503e+00 1.027135781037961548e+00 1.181779951235391035e+00 1.050058456069305590e+00 1.072533157795834802e+00 1.302337752257752168e+00 1.251901970379746043e+00 7.078989233110717372e-01 1.065665064361036807e+00 1.156852982526106688e+00 1.027135781037961326e+00 1.181779951235391035e+00 1.050058456069305590e+00 1.072533157795834802e+00 1.211777610420494256e+00
1.269832110663549063e+00 1.032707429889915041e+00 1.183606084224211097e+00 1.025685294398942071e+00 1.086105041357908085e+00 1.320561845111246191e+00 1.267782827001631141e+00 6.853929936860115868e-01 1.044131410501752955e+00 1.166342739127919303e+00 1.032707429889914819e+00 1.183606084224211097e+00 1.025685294398942071e+00 1.086105041357908085e+00 1.214513735109688630e+00
1.278632995491665536e+00 1.038051550163967329e+00 1.185798173944071054e+00 1.001004822582050702e+00 1.099555790660006860e+00 1.338733105069748852e+00 1.282487327753238482e+00 6.625789540449197323e-01 1.021672508286075365e+00 1.175313856404817781e+00 1.038051550163967107e+00 1.185798173944071054e+00 1.001004822582050702e+00 1.099555790660006860e+00 1.217454793090414267e+00
1.287172588667391482e+00 1.043143622701985462e+00 1.188440709665773420e+00 9.763180673771066909e-01 1.112930141615765534e+00 1.356992419584382992e+00 1.296025788860015293e+00 6.394752006039404746e-01 9.985524709284873124e-01 1.183717280277673423e+00 1.043143622701985240e+00 1.188440709665773420e+00 9.763180673771066909e-01 1.112930141615765534e+00 1.220734006340226108e+00
1.295427460829924105e+00 1.047968464307584835e+00 1.191547264998709332e+00 9.518452001459103418e-01 1.126267647557995577e+00 1.375413164730170612e+00 1.308391917955551875e+00 6.161478446619690352e-01 9.749592184509320303e-01 1.191490385190056012e+00 1.047968464307584613e+00 1.191547264998709332e+00 9.518452001459103418e-01 1.126267647557995577e+00 1.224394847528627484e+00
1.303342719391716198e+00 1.052519128520116531e+00 1.195092312896344877e+00 9.277596830585160825e-01 1.139603297139612170e+00 1.394027408296638404e+00 1.319580361808536217e+00 5.926823363937320233e-01 9.510335098406813570e-01 1.198570956145153188e+00 1.052519128520116087e+00 1.195092312896344877e+00 9.277596830585160825e-01 1.139603297139612170e+00 1.228425941036889402e+00
1.310849679511359556e+00 1.056795669359178680e+00 1.199029658460490033e+00 9.042063666854243120e-01 1.152967832523981606e+00 1.412841323943326399e+00 1.329594874851463215e+00 5.691656600199185290e-01 9.268856042213259316e-01 1.204904026307758613e+00 1.056795669359178236e+00 1.199029658460490033e+00 9.042063666854243120e-01 1.152967832523981606e+00 1.232781221813183059e+00
1.317875692270517929e+00 1.060804092562852130e+00 1.203303269505015871e+00 8.813110493785072386e-01 1.166387840437951517e+00 1.431844382269116256e+00 1.338451099524378352e+00 5.456754080481968083e-01 9.026049716226335340e-01 1.210444990895433781e+00 1.060804092562851686e+00 1.203303269505015871e+00 8.813110493785072386e-01 1.166387840437951517e+00 1.237391791937980434e+00
1.324349579012947808e+00 1.064555594464708044e+00 1.207853882958880076e+00 8.591855905659780968e-01 1.179885778276501984e+00 1.451014998120021771e+00 1.346176303738806812e+00 5.222736675700122566e-01 8.782661293110610723e-01 1.215160790163771765e+00 1.064555594464707600e+00 1.207853882958880076e+00 8.591855905659780968e-01 1.179885778276501984e+00 1.242173139787343006e+00
1.330204557733792869e+00 1.068066118818536081e+00 1.212623301972131085e+00 8.379307586583552014e-01 1.193480042213350245e+00 1.470324148515595564e+00 1.352807510971611560e+00 4.990044489749767553e-01 8.539323323135997734e-01 1.219030119984362726e+00 1.068066118818535637e+00 1.212623301972131085e+00 8.379307586583552014e-01 1.193480042213350245e+00 1.247029761285350036e+00
1.335379708416476685e+00 1.071356256700442433e+00 1.217557419946241781e+00 8.176379378731669645e-01 1.207185119424326825e+00 1.489737785794987612e+00 1.358388940789510002e+00 4.758937503242509637e-01 8.296580723265752910e-01 1.222043203278379453e+00 1.071356256700441989e+00 1.217557419946241781e+00 8.176379378731669645e-01 1.207185119424326825e+00 1.251858297758818850e+00
