1.000000000000000000e+00 1.000000000000000000e+00 1.000000000000000000e+00 1.000000000000000000e+00 1.000000000000000000e+00 1.000000000000000000e+00 1.000000000000000000e+00 1.000000000000000000e+00 1.000000000000000000e+00 1.000000000000000000e+00 1.000000000000000000e+00 1.000000000000000000e+00 1.000000000000000000e+00 1.000000000000000000e+00 1.000000000000000000e+00
9.901949144839623518e-01 9.733529395834077391e-01 9.919124632129759922e-01 9.907673862048994584e-01 9.715165492358894817e-01 1.016537831736784359e+00 9.849628063577908765e-01 9.925805825480927824e-01 1.007722520132157351e+00 9.818621758588291781e-01 9.733529395834077391e-01 9.919124632129759922e-01 9.907673862048994584e-01 9.715165492358894817e-01 9.901949144839623518e-01
9.807259877855696306e-01 9.455760069471428331e-01 9.829465860219366302e-01 9.814952330249203660e-01 9.422438698999749951e-01 1.028581477315237080e+00 9.647993161182683020e-01 9.836628654570874764e-01 1.015395522898749681e+00 9.610789407646678217e-01 9.455760069471428331e-01 9.829465860219366302e-01 9.814952330249203660e-01 9.422438698999749951e-01 9.812728717174961091e-01
9.717531382327629919e-01 9.177148259671029651e-01 9.739547651966968811e-01 9.729338602681536496e-01 9.133922093849506929e-01 1.034781483681412206e+00 9.408196144643586889e-01 9.742661053794811066e-01 1.021802694397261346e+00 9.386192845675189744e-01 9.177148259671029651e-01 9.739547651966968811e-01 9.729338602681536496e-01 9.133922093849505819e-01 9.734862714806535866e-01
9.634243051808929481e-01 8.910611611036647339e-01 9.660302164180103457e-01 9.657363675613193088e-01 8.862019506916708478e-01 1.034749764334966571e+00 9.147333598569811208e-01 9.655290343242504125e-01 1.025839877070450434e+00 9.157022327968545872e-01 8.910611611036647339e-01 9.660302164180103457e-01 9.657363675613193088e-01 8.862019506916707368e-01 9.670082670979521788e-01
9.558388306136376134e-01 8.667666487618699289e-01 9.601935194557529307e-01 9.602752631090831770e-01 8.616043650722433611e-01 1.029192455114967597e+00 8.881735561797025058e-01 9.583787807676443782e-01 1.026846972775252276e+00 8.934438787679497285e-01 8.667666487618699289e-01 9.601935194557529307e-01 9.602752631090831770e-01 8.616043650722432501e-01 9.618922743933455699e-01
9.490245600837265982e-01 8.455319016146543021e-01 9.571153212457508275e-01 9.565906966838098047e-01 8.400306324999134988e-01 1.019498751363235423e+00 8.623109516600019342e-01 9.533242732042808143e-01 1.024725554056633792e+00 8.725803213646049494e-01 8.455319016146543021e-01 9.571153212457508275e-01 9.565906966838098047e-01 8.400306324999133878e-01 9.580735906206827579e-01
9.429406313095466396e-01 8.275472348617365359e-01 9.570395915954791333e-01 9.544748708354284794e-01 8.214520427235117994e-01 1.007138182469484944e+00 8.377525747512173382e-01 9.504650359576800600e-01 1.019814327113597097e+00 8.534079765278058671e-01 8.275472348617365359e-01 9.570395915954791333e-01 9.544748708354284794e-01 8.214520427235116884e-01 9.554071263184641394e-01
9.374992530961855364e-01 8.126344406853270863e-01 9.598842264448046446e-01 9.536025145257019942e-01 8.055534964245366636e-01 9.932699245150387046e-01 8.146658037269733921e-01 9.496314397728802259e-01 1.012671018530553857e+00 8.358922980958892746e-01 8.126344406853270863e-01 9.598842264448046446e-01 9.536025145257019942e-01 8.055534964245365526e-01 9.537143456934046304e-01
9.325910337126658289e-01 8.004364825595231547e-01 9.653945484661340393e-01 9.536304699595179457e-01 7.919064695702726642e-01 9.786481469856143089e-01 7.929651024029931161e-01 9.505325292061584941e-01 1.003898282485785387e+00 8.198184838909645666e-01 8.004364825595231547e-01 9.653945484661340393e-01 9.536304699595179457e-01 7.919064695702725531e-01 9.528183089744678425e-01
9.281037181480189524e-01 7.905590773122211923e-01 9.732633471631767508e-01 9.542478800338528577e-01 7.800803597169374548e-01 9.636929665247953025e-01 7.724596039027705752e-01 9.528526833784417560e-01 9.940519759152386392e-01 8.049066196630495496e-01 7.905590773122211923e-01 9.732633471631767508e-01 9.542478800338528577e-01 7.800803597169373438e-01 9.525618433439845267e-01
9.239324147776722951e-01 7.826477137707339438e-01 9.831983572209154199e-01 9.551913391024595690e-01 7.696945719882544168e-01 9.485991275818675961e-01 7.529407493974509258e-01 9.562971346666223615e-01 9.836102132920482299e-01 7.908770416517315605e-01 7.826477137707339438e-01 9.831983572209154199e-01 9.551913391024595690e-01 7.696945719882543058e-01 9.528132354234122303e-01
9.199835170605392687e-01 7.764185603183397788e-01 9.949505923990752398e-01 9.562428637665759679e-01 7.604336545362773148e-01 9.334252634941597737e-01 7.342251781243863684e-01 9.606053912434086017e-01 9.729730468671203836e-01 7.774793440371882136e-01 7.764185603183397788e-01 9.949505923990752398e-01 9.562428637665759679e-01 7.604336545362772037e-01 9.534652017956264380e-01
9.161750497962365403e-01 7.716642043324730693e-01 1.008320839822093751e+00 9.572219990968009462e-01 7.520444073538237184e-01 9.181534422330379641e-01 7.161720402735683999e-01 9.655489986390323187e-01 9.624729586032686468e-01 7.645009601068842864e-01 7.716642043324730693e-01 1.008320839822093751e+00 9.572219990968009462e-01 7.520444073538236074e-01 9.544311109866886467e-01
9.124353818062213017e-01 7.682479819781068420e-01 1.023156045564460159e+00 9.579774522294145500e-01 7.443260178413296790e-01 9.027254472023051868e-01 6.986879669707513063e-01 9.709231864793089750e-01 9.523864524390567299e-01 7.517661328686503497e-01 7.682479819781068420e-01 1.023156045564460159e+00 9.579774522294145500e-01 7.443260178413295680e-01 9.556405557326846933e-01
9.087014118171850008e-01 7.660940227958216164e-01 1.039341731470540209e+00 9.583803554113399237e-01 7.371185148683219168e-01 8.870644657498109042e-01 6.817270188856994206e-01 9.765368965225623699e-01 9.429428539740526416e-01 7.391312103852382132e-01 7.660940227958216164e-01 1.039341731470540209e+00 9.583803554113399237e-01 7.371185148683218058e-01 9.570351975822017909e-01
9.049167830612924179e-01 7.651760216103571377e-01 1.056793056795774843e+00 9.583198281980316313e-01 7.302916817323465981e-01 8.710888446954995201e-01 6.652891096104968094e-01 9.822029896877801924e-01 9.343290900295588841e-01 7.264791441891098600e-01 7.651760216103571377e-01 1.056793056795774843e+00 9.583198281980316313e-01 7.302916817323464871e-01 9.585652186615648551e-01
9.010303848347610556e-01 7.655055802177083146e-01 1.075445293993021911e+00 9.577010051861788442e-01 7.237351135699855442e-01 8.547222119589538147e-01 6.494182253515912162e-01 9.877292950425353713e-01 9.266902871173307021e-01 7.137144528053850356e-01 7.655055802177083146e-01 1.075445293993021911e+00 9.577010051861788442e-01 7.237351135699854332e-01 9.601864739201153576e-01
8.969952610801896764e-01 7.671199377457559310e-01 1.095243660423708354e+00 9.564455496687633840e-01 7.173495615847941265e-01 8.379024412210522854e-01 6.342005101665131317e-01 9.929109221373939587e-01 9.201264776453778049e-01 7.007591364524268229e-01 7.671199377457559310e-01 1.095243660423708354e+00 9.564455496687633840e-01 7.173495615847940154e-01 9.618583679199053105e-01
8.927679920996161034e-01 7.700685454785578532e-01 1.116132219608562792e+00 9.544945810404036335e-01 7.110396302675791036e-01 8.205905749204005506e-01 6.197614635725594567e-01 9.975245387652148521e-01 9.146860540355813418e-01 6.875496813495949322e-01 7.700685454785578532e-01 1.116132219608562792e+00 9.544945810404036335e-01 7.110396302675789926e-01 9.635424846999852688e-01
