1.000000000000000000e+00 1.000000000000000000e+00 1.000000000000000000e+00 1.000000000000000000e+00 1.000000000000000000e+00 1.000000000000000000e+00 1.000000000000000000e+00 1.000000000000000000e+00 1.000000000000000000e+00 1.000000000000000000e+00 1.000000000000000000e+00 1.000000000000000000e+00 1.000000000000000000e+00 1.000000000000000000e+00 1.000000000000000000e+00
8.561920790981148999e-01 9.426925508954804300e-01 8.673632576846139752e-01 8.662181806765374414e-01 9.408561605479622836e-01 9.392817256447593133e-01 8.902097735363937447e-01 1.071598447649438013e+00 9.129694873107602193e-01 9.046060697668039108e-01 9.426925508954804300e-01 8.673632576846139752e-01 8.662181806765374414e-01 9.408561605479622836e-01 8.561920790981147888e-01
7.965172914065752341e-01 9.391665153091804941e-01 8.082649193144895161e-01 7.872361980666341408e-01 9.600081147667893777e-01 8.562425488271676599e-01 8.117668091667402663e-01 1.169668104199818925e+00 8.689731772818082289e-01 7.900089433620378632e-01 9.391665153091804941e-01 8.082649193144896271e-01 7.872361980666341408e-01 9.600081147667893777e-01 8.030199232189918490e-01
7.953810953790313443e-01 9.527479860231654607e-01 8.141526963728987765e-01 7.534471801949340630e-01 1.013732271793147843e+00 8.041661559563954009e-01 7.791856093088170843e-01 1.243764260992642479e+00 8.690303090870854508e-01 7.211330767749116744e-01 9.527479860231654607e-01 8.141526963728988875e-01 7.534471801949340630e-01 1.013732271793147843e+00 8.104024436853776159e-01
7.854919153096546758e-01 9.394721953673479398e-01 8.237143674082385569e-01 7.164352663394600862e-01 1.045653960053832154e+00 7.740140571509016576e-01 7.433446248037285375e-01 1.275507112434316248e+00 8.719489342669924925e-01 6.859058523347558722e-01 9.394721953673479398e-01 8.237143674082386680e-01 7.164352663394600862e-01 1.045653960053832154e+00 8.066960015618492852e-01
7.846187692000511360e-01 9.256345514178100364e-01 8.443346991946689695e-01 6.887220748615134891e-01 1.076560569744497764e+00 7.532068714188834280e-01 7.136827670165473148e-01 1.291798664368279059e+00 8.786082463421820421e-01 6.707072859978429058e-01 9.256345514178100364e-01 8.443346991946690805e-01 6.887220748615134891e-01 1.076560569744497764e+00 8.093506467512162628e-01
7.851306312592472025e-01 9.089032519443456248e-01 8.676471048994190971e-01 6.638078654981417470e-01 1.102661867499368453e+00 7.380498858330560852e-01 6.853298169437931353e-01 1.295980171757160626e+00 8.826599486964132879e-01 6.677071414996750276e-01 9.089032519443456248e-01 8.676471048994192081e-01 6.638078654981417470e-01 1.102661867499368453e+00 8.107140961773534604e-01
7.884624046422449295e-01 8.929952452796954265e-01 8.932635238241093401e-01 6.424675187008629385e-01 1.127229482262376070e+00 7.256392628803796097e-01 6.595248263597942584e-01 1.293692743335880024e+00 8.837873880871323085e-01 6.721968520198056130e-01 8.929952452796953155e-01 8.932635238241094511e-01 6.424675187008628274e-01 1.127229482262376070e+00 8.127491503844436194e-01
7.930547558440541600e-01 8.776770243161657881e-01 9.194331324997653265e-01 6.231850597040411444e-01 1.150245469463085035e+00 7.149189284263045563e-01 6.355184999193885798e-01 1.286526967709867852e+00 8.810064832717416916e-01 6.814348600290197622e-01 8.776770243161656770e-01 9.194331324997654376e-01 6.231850597040411444e-01 1.150245469463085035e+00 8.143451703894792892e-01
7.986714246328280309e-01 8.633951576268233952e-01 9.456789534943238484e-01 6.056959608760299485e-01 1.172513009372275983e+00 7.051109194211256925e-01 6.132422146053900791e-01 1.276072003175283687e+00 8.743413673657818297e-01 6.936123903256911083e-01 8.633951576268233952e-01 9.456789534943239595e-01 6.056959608760299485e-01 1.172513009372275983e+00 8.157595938721486917e-01
8.047690234955000577e-01 8.499694233570516122e-01 9.714683548094156240e-01 5.895819223767905237e-01 1.194330727587982866e+00 6.958564000096657542e-01 5.922943571431358301e-01 1.263197038207157119e+00 8.638552660657078386e-01 7.075114343092616664e-01 8.499694233570516122e-01 9.714683548094158461e-01 5.895819223767905237e-01 1.194330727587982866e+00 8.168796183267651445e-01
8.110454302119282088e-01 8.372391729060059129e-01 9.964810116138782536e-01 5.747282346572276657e-01 1.216035636350004889e+00 6.869447002364768018e-01 5.723319514884461778e-01 1.248657939935588823e+00 8.498294743776689808e-01 7.222749368843852658e-01 8.372391729060059129e-01 9.964810116138784757e-01 5.747282346572276657e-01 1.216035636350004889e+00 8.177868092958905377e-01
8.172232664612211206e-01 8.249144314526939414e-01 1.020392576566453879e+00 5.611021617007129203e-01 1.237843419827780567e+00 6.783190738141134934e-01 5.529824360235259251e-01 1.233051993975341931e+00 8.326130697778735268e-01 7.373060445143537756e-01 8.249144314526939414e-01 1.020392576566454101e+00 5.611021617007129203e-01 1.237843419827780567e+00 8.185192501842650792e-01
8.231182383066178998e-01 8.126772206763628326e-01 1.042881822429303940e+00 5.487854848490588688e-01 1.259927193779646348e+00 6.700294634794060622e-01 5.339193617159285754e-01 1.216912907551942924e+00 8.126292952051711316e-01 7.522002674703207603e-01 8.126772206763628326e-01 1.042881822429304162e+00 5.487854848490588688e-01 1.259927193779646348e+00 8.191428714444289882e-01
8.286132587938830341e-01 8.001799579813414498e-01 1.063587790293861968e+00 5.379223128510394192e-01 1.282411321484585143e+00 6.622262913967154052e-01 5.148689899491620814e-01 1.200709934829063963e+00 7.903467998059724442e-01 7.667031070504189971e-01 8.001799579813414498e-01 1.063587790293862190e+00 5.379223128510394192e-01 1.282411321484585143e+00 8.197280133967815852e-01
8.336669858661848176e-01 7.870742152139317271e-01 1.082102702648419568e+00 5.287045881501026834e-01 1.305396870836097234e+00 6.551476159222994200e-01 4.956273444675053930e-01 1.184849798715659208e+00 7.662735391028412391e-01 7.806732676033597551e-01 7.870742152139317271e-01 1.082102702648419790e+00 5.287045881501026834e-01 1.305396870836097012e+00 8.203682886733822954e-01
8.383069094649713282e-01 7.730249744475304885e-01 1.097963954672580345e+00 5.213514974505358834e-01 1.328977994681495023e+00 6.491104422462374846e-01 4.760619471632886457e-01 1.169659573134751884e+00 7.409511782813381631e-01 7.940460640035830187e-01 7.730249744475304885e-01 1.097963954672580567e+00 5.213514974505358834e-01 1.328977994681494801e+00 8.211871918155906336e-01
8.426206821455612950e-01 7.577264029267470891e-01 1.110655872049504334e+00 5.160957202451077475e-01 1.353261480218473478e+00 6.444988713095940458e-01 4.561098767677144727e-01 1.155367030997505706e+00 7.149600185347768644e-01 8.067912226371496409e-01 7.577264029267470891e-01 1.110655872049504556e+00 5.160957202451078585e-01 1.353261480218473256e+00 8.223446814147182815e-01
8.467390068530379343e-01 7.409151162803533364e-01 1.119619876130748759e+00 5.131665768415771822e-01 1.378381789032081084e+00 6.417482297329942798e-01 4.357718570201739583e-01 1.142081562604555289e+00 6.889355020204617208e-01 8.188636903818350410e-01 7.409151162803534474e-01 1.119619876130748981e+00 5.131665768415772932e-01 1.378381789032080862e+00 8.240320721265904647e-01
8.508126215241084145e-01 7.223871355731048549e-01 1.124281742360568659e+00 5.127651210129778869e-01 1.404509079633288415e+00 6.413199701354427296e-01 4.151060496706955871e-01 1.129782799777393709e+00 6.635991885220590136e-01 8.301486433462339498e-01 7.223871355731049659e-01 1.124281742360568881e+00 5.127651210129779979e-01 1.404509079633288193e+00 8.264512663586829344e-01
