1.000000000000000000e+00 1.000000000000000000e+00 1.000000000000000000e+00 1.000000000000000000e+00 1.000000000000000000e+00 1.000000000000000000e+00 1.000000000000000000e+00 1.000000000000000000e+00 1.000000000000000000e+00 1.000000000000000000e+00 1.000000000000000000e+00 1.000000000000000000e+00 1.000000000000000000e+00 1.000000000000000000e+00 1.000000000000000000e+00
9.052175066783030299e-01 9.539097662691123913e-01 9.129300401949903554e-01 9.117849631869137106e-01 9.520733759215941339e-01 9.675461547028172404e-01 9.248755172515390477e-01 1.042689472612360557e+00 9.476352310259055223e-01 9.328704988248619490e-01 9.539097662691123913e-01 9.129300401949902444e-01 9.117849631869137106e-01 9.520733759215941339e-01 9.052175066783029189e-01
8.388696522913463571e-01 9.238384412494331510e-01 8.519855885723619515e-01 8.402966169282847231e-01 9.340271718559471914e-01 9.147912327650087327e-01 8.490381234534624122e-01 1.099257494541399982e+00 9.101276852232009773e-01 8.457967987831370715e-01 9.238384412494331510e-01 8.519855885723618405e-01 8.402966169282848341e-01 9.340271718559471914e-01 8.436554133851781323e-01
8.141740290922183654e-01 9.182993566049726386e-01 8.379600906293152018e-01 7.966557116580211817e-01 9.563258595039619836e-01 8.661876324595423338e-01 8.007424448738463818e-01 1.159489219300312790e+00 8.966255616404973372e-01 7.712352984189992933e-01 9.182993566049726386e-01 8.379600906293150908e-01 7.966557116580212927e-01 9.563258595039620946e-01 8.280120477246216693e-01
8.040570344117810020e-01 9.149909263827369355e-01 8.448313760824177621e-01 7.632141665168148403e-01 9.885795460409351199e-01 8.272813901044178131e-01 7.627674155389159161e-01 1.207869018907079539e+00 8.966574361373225166e-01 7.162694682857387862e-01 9.149909263827369355e-01 8.448313760824176510e-01 7.632141665168148403e-01 9.885795460409352309e-01 8.280827355879222251e-01
7.974641269256741438e-01 9.075839487939073580e-01 8.598772000886018008e-01 7.321961065766966481e-01 1.019722547508891131e+00 7.952226082250630768e-01 7.263781956941760543e-01 1.241517652438881125e+00 9.019084245025708046e-01 6.782947350986623380e-01 9.075839487939073580e-01 8.598772000886016897e-01 7.321961065766966481e-01 1.019722547508891353e+00 8.307956461453265273e-01
7.931658540315935646e-01 8.979425103675766628e-01 8.795404565162342481e-01 7.029229735493509601e-01 1.048501948407962292e+00 7.677681353815204446e-01 6.911921605374231614e-01 1.263024622912995554e+00 9.084693286960791037e-01 6.545243552419028887e-01 8.979425103675766628e-01 8.795404565162341370e-01 7.029229735493509601e-01 1.048501948407962514e+00 8.336733296031190177e-01
7.911193773689988440e-01 8.879498420038164364e-01 9.021083214775307280e-01 6.755121655627217558e-01 1.074964453642589746e+00 7.436328444528249593e-01 6.582558412116270574e-01 1.274919340776768495e+00 9.140400472832482803e-01 6.423010833019423549e-01 8.879498420038164364e-01 9.021083214775306169e-01 6.755121655627217558e-01 1.074964453642589968e+00 8.359707540632234091e-01
7.911567355919392197e-01 8.786819745703983164e-01 9.265053810655177191e-01 6.498455610563226292e-01 1.099288490272201324e+00 7.220717004284306073e-01 6.284402442554377632e-01 1.279012812453339309e+00 9.171910194576933240e-01 6.392085534618711096e-01 8.786819745703982054e-01 9.265053810655176081e-01 6.498455610563226292e-01 1.099288490272201546e+00 8.372961080852450166e-01
7.929590642063338857e-01 8.706896462160131911e-01 9.520736779131080407e-01 6.256071824712126084e-01 1.121749708139094359e+00 7.025422004822927668e-01 6.021143529441517206e-01 1.276634328772010107e+00 9.171314894247840632e-01 6.430808364104887431e-01 8.706896462160130801e-01 9.520736779131079297e-01 6.256071824712126084e-01 1.121749708139094581e+00 8.374916380586394649e-01
7.961244178397771654e-01 8.642288789825525175e-01 9.784367373913881449e-01 6.024213472587579554e-01 1.142707211681139645e+00 6.845511812774447424e-01 5.791732106470915964e-01 1.268829959260211915e+00 9.135373133299109494e-01 6.520122308360135621e-01 8.642288789825524065e-01 9.784367373913880339e-01 6.024213472587580664e-01 1.142707211681139867e+00 8.365726526698948895e-01
8.002154480695593541e-01 8.593802748127418178e-01 1.005380647411855177e+00 5.799569758054209379e-01 1.162551949646191130e+00 6.676240154473040977e-01 5.591899832171483009e-01 1.256466822400163608e+00 9.063951891139063743e-01 6.643704551214384413e-01 8.593802748127417068e-01 1.005380647411854955e+00 5.799569758054210489e-01 1.162551949646191352e+00 8.346471343232992890e-01
8.047883573013407954e-01 8.561021753798508938e-01 1.032760552595267445e+00 5.579854756909382596e-01 1.181654727395514248e+00 6.513241898059288770e-01 5.415782499007733009e-01 1.240293985268090537e+00 8.958816911433461483e-01 6.787955162469888615e-01 8.561021753798508938e-01 1.032760552595267223e+00 5.579854756909383706e-01 1.181654727395514470e+00 8.318470510171491750e-01
8.094112876205831197e-01 8.542525494646805440e-01 1.060436527038568721e+00 5.364005528221887920e-01 1.200331827319174760e+00 6.352810627496090490e-01 5.257163143196719179e-01 1.220990875800348485e+00 8.822851129311993779e-01 6.941831643409283048e-01 8.542525494646804329e-01 1.060436527038568499e+00 5.364005528221890140e-01 1.200331827319174982e+00 8.282857631137244825e-01
8.136793705427971535e-01 8.536004258628878683e-01 1.088236809959879592e+00 5.152113222330911846e-01 1.218828316273212531e+00 6.192101604716268026e-01 5.110271693637360446e-01 1.199209489244741578e+00 8.659622413241625516e-01 7.096623348563945166e-01 8.536004258628877572e-01 1.088236809959879370e+00 5.152113222330914066e-01 1.218828316273212753e+00 8.240394770447385664e-01
8.172314901812377519e-01 8.538391396653915999e-01 1.115944356248270708e+00 4.945183414709312664e-01 1.237313431879396131e+00 6.029234763928097429e-01 4.970241844993534830e-01 1.175604764084074993e+00 8.473157258722502361e-01 7.245753062764892505e-01 8.538391396653914889e-01 1.115944356248270264e+00 4.945183414709314329e-01 1.237313431879396353e+00 8.191455742602221646e-01
8.197703026571998564e-01 8.546080237570893301e-01 1.143302219408429021e+00 4.744804074780573089e-01 1.255883691884048137e+00 5.863307969297816280e-01 4.833335743887752778e-01 1.150845656348089996e+00 8.267787559244667017e-01 7.384635756142363672e-01 8.546080237570892191e-01 1.143302219408428577e+00 4.744804074780574754e-01 1.255883691884048359e+00 8.136114565764325235e-01
8.210829837582032109e-01 8.555238065612507103e-01 1.170032350671150079e+00 4.552794593009782953e-01 1.274572031865048416e+00 5.694331168330312165e-01 4.697005078007608359e-01 1.125603512935890560e+00 8.047982015066602601e-01 7.510567436364468108e-01 8.555238065612505993e-01 1.170032350671149635e+00 4.552794593009784618e-01 1.274572031865048860e+00 8.074293442057550729e-01
8.210571516702258599e-01 8.562175006165688718e-01 1.195860801509810445e+00 4.370906919391028822e-01 1.293362407447222084e+00 5.523092762001552414e-01 4.559821119575444559e-01 1.100521358269105354e+00 7.818129330342183936e-01 7.622586432318761984e-01 8.562175006165687607e-01 1.195860801509810001e+00 4.370906919391030487e-01 1.293362407447222528e+00 8.005932758804218397e-01
8.196860628710009866e-01 8.563686787943403100e-01 1.220541381182187246e+00 4.200632970060116378e-01 1.312208369697292598e+00 5.350979154514096114e-01 4.421295379212535348e-01 1.076174464468169889e+00 7.582292873355528373e-01 7.721255267063443783e-01 8.563686787943401990e-01 1.220541381182186802e+00 4.200632970060118043e-01 1.312208369697293042e+00 7.931145722566858014e-01
