1.000000000000000000e+00 1.000000000000000000e+00 1.000000000000000000e+00 1.000000000000000000e+00 1.000000000000000000e+00 1.000000000000000000e+00 1.000000000000000000e+00 1.000000000000000000e+00 1.000000000000000000e+00 1.000000000000000000e+00 1.000000000000000000e+00 1.000000000000000000e+00 1.000000000000000000e+00 1.000000000000000000e+00 1.000000000000000000e+00
1.032683618386792013e+00 9.830745262405553575e-01 1.031403674721968811e+00 1.030258597713892277e+00 9.812381358930372111e-01 1.041033670253768140e+00 1.015006450910916680e+00 9.675261375159589505e-01 1.037766164685283155e+00 1.006358014375812848e+00 9.830745262405553575e-01 1.031403674721968811e+00 1.030258597713892277e+00 9.812381358930372111e-01 1.032683618386792013e+00
1.064232614430822732e+00 9.701387755899796295e-01 1.058125796781161476e+00 1.056978496765992981e+00 9.650766305108143817e-01 1.080996179012732927e+00 1.032168110224490842e+00 9.326714872454903160e-01 1.069422987573910078e+00 1.016759510491120677e+00 9.701387755899796295e-01 1.058125796781161476e+00 1.056978496765992981e+00 9.650766305108143817e-01 1.062391304959201088e+00
1.093500372641777574e+00 9.614225146954813450e-01 1.078723068679152242e+00 1.078404040002014286e+00 9.538393592125744558e-01 1.118209935330602089e+00 1.050110139680781263e+00 8.970227716434573395e-01 1.094337336398893967e+00 1.030424284725285133e+00 9.614225146954813450e-01 1.078723068679152242e+00 1.078404040002014286e+00 9.538393592125744558e-01 1.088297569043192414e+00
1.119798284476742012e+00 9.566595817396855717e-01 1.092967906288769830e+00 1.093634036643394980e+00 9.482543099813283138e-01 1.151751379993416924e+00 1.067516697608657417e+00 8.618293319626639803e-01 1.113018620291801986e+00 1.045935150953841486e+00 9.566595817396854606e-01 1.092967906288769830e+00 1.093634036643394980e+00 9.482543099813283138e-01 1.110196721432596956e+00
1.142948983373176519e+00 9.552370084435014563e-01 1.101486133602747275e+00 1.102597662756283903e+00 9.477662732047671401e-01 1.181460513295158554e+00 1.083487948453819572e+00 8.278544856704694865e-01 1.126396188221328698e+00 1.061934548656830568e+00 9.552370084435013453e-01 1.101486133602747275e+00 1.102597662756283903e+00 9.477662732047671401e-01 1.128336819016248604e+00
1.163167710848515446e+00 9.564033186106666307e-01 1.105237056286941133e+00 1.105791920457759536e+00 9.512339175190830387e-01 1.207652169132050313e+00 1.097562096275435994e+00 7.954403731500626629e-01 1.135357283504854875e+00 1.077523568230951856e+00 9.564033186106665196e-01 1.105237056286941133e+00 1.105791920457759536e+00 9.512339175190830387e-01 1.143212132438359507e+00
1.180889309712740864e+00 9.594228947495189175e-01 1.105185448984105534e+00 1.104007174143438075e+00 9.574636451548570459e-01 1.230838725908907971e+00 1.109592250329961782e+00 7.646324151006601566e-01 1.140633810491404887e+00 1.092286432791518047e+00 9.594228947495188065e-01 1.105185448984105534e+00 1.104007174143438075e+00 9.574636451548570459e-01 1.155411171760016620e+00
1.196623298966724258e+00 9.636531211022894006e-01 1.102172664733610086e+00 1.098125852408887271e+00 9.654543371659429774e-01 1.251563472311492342e+00 1.119615772399173981e+00 7.352959166968604521e-01 1.142835480914602853e+00 1.106143029429553115e+00 9.636531211022892895e-01 1.102172664733610086e+00 1.098125852408887271e+00 9.654543371659429774e-01 1.165524363006376962e+00
1.210861354154217251e+00 9.685667473000921790e-01 1.096889688916531158e+00 1.088999207402832514e+00 9.744483941036082841e-01 1.270320560805245469e+00 1.127758463017783930e+00 7.072072423327165902e-01 1.142495918728920312e+00 1.119190905576746387e+00 9.685667473000920680e-01 1.096889688916530936e+00 1.088999207402832514e+00 9.744483941036082841e-01 1.174092409325389053e+00
1.224030377681771808e+00 9.737464816792105182e-01 1.089886032771185898e+00 1.077384743221015073e+00 9.838987340024831774e-01 1.287523048303697903e+00 1.134175099755431404e+00 6.801162355772175649e-01 1.140099125970402749e+00 1.131594666639542224e+00 9.737464816792105182e-01 1.089886032771185675e+00 1.077384743221015073e+00 9.838987340024831774e-01 1.181581267119595990e+00
1.236476033061407520e+00 9.788695742364917907e-01 1.081587109590652851e+00 1.063923731066715561e+00 9.934159599410653518e-01 1.303495137735469322e+00 1.139017490121730702e+00 6.537831530657840506e-01 1.136090917123002919e+00 1.143524189087406384e+00 9.788695742364917907e-01 1.081587109590652629e+00 1.063923731066715561e+00 9.934159599410654629e-01 1.188374474074171072e+00
1.248463429175968864e+00 9.836910639408026347e-01 1.072311796517671834e+00 1.049141522634395418e+00 1.002721907575584215e+00 1.318476397344225282e+00 1.142420480176271846e+00 6.279969702497263384e-01 1.130883154648463229e+00 1.155126761687117032e+00 9.836910639408026347e-01 1.072311796517671612e+00 1.049141522634395196e+00 1.002721907575584437e+00 1.194775978966746921e+00
1.260185957756727593e+00 9.880288763848191769e-01 1.062288627823431142e+00 1.033458877046553814e+00 1.011615741937954560e+00 1.332631791991302883e+00 1.144498410778515884e+00 6.025821022455337683e-01 1.124855034015186606e+00 1.166518857962081768e+00 9.880288763848191769e-01 1.062288627823430920e+00 1.033458877046553592e+00 1.011615741937954782e+00 1.201018506345691073e+00
1.271777029582257912e+00 9.917514755471311672e-01 1.051670858101833250e+00 1.017207455700143148e+00 1.019951031016808507e+00 1.346064281717194611e+00 1.145347013317025375e+00 5.773988355620551793e-01 1.118353307603966895e+00 1.177787772782572739e+00 9.917514755471311672e-01 1.051670858101833028e+00 1.017207455700142926e+00 1.019951031016808729e+00 1.207274180634314353e+00
1.283321944580682494e+00 9.947679568608427392e-01 1.040550785278065327e+00 1.000645945320329799e+00 1.027620492142481634e+00 1.358828191783279848e+00 1.145047752733198143e+00 5.523407517196945449e-01 1.111692408448976543e+00 1.188997351459726737e+00 9.947679568608427392e-01 1.040550785278065105e+00 1.000645945320329577e+00 1.027620492142481856e+00 1.213665433069756938e+00
1.294868591687493797e+00 9.970203258183889528e-01 1.028973466032056416e+00 9.839751163919212562e-01 1.034545603360229160e+00 1.370942330987813706e+00 1.143672954141112141e+00 5.273309175920684044e-01 1.105155011752148475e+00 1.200194707473408284e+00 9.970203258183889528e-01 1.028973466032056194e+00 9.839751163919210342e-01 1.034545603360229382e+00 1.220275079013200203e+00
1.306436482503343877e+00 9.984777247773208853e-01 1.016949723289509500e+00 9.673510583470983359e-01 1.040669242683116114e+00 1.382402293653589354e+00 1.141290825757467431e+00 5.023177108357516074e-01 1.098993215994770400e+00 1.211416425554950216e+00 9.984777247773208853e-01 1.016949723289509278e+00 9.673510583470981139e-01 1.040669242683116336e+00 1.227154988413444947e+00
1.318024059740912968e+00 9.991323633680897487e-01 1.004468248881757342e+00 9.508962999730705690e-01 1.045950327711558048e+00 1.393191673563960231e+00 1.137969920069828111e+00 4.772706761395645314e-01 1.093430194027685820e+00 1.222693649122272630e+00 9.991323633680897487e-01 1.004468248881757120e+00 9.508962999730703469e-01 1.045950327711558270e+00 1.234333101945378486e+00
1.329614450819371907e+00 9.989968493614487244e-01 9.915066204121084636e-01 9.347087722491419504e-01 1.050359944298082659e+00 1.403292089953982025e+00 1.133782815441560787e+00 4.521765888538072931e-01 1.088661928000324908e+00 1.234055921060135175e+00 9.989968493614487244e-01 9.915066204121082416e-01 9.347087722491417283e-01 1.050359944298082882e+00 1.241818755001018459e+00
