3.861433190264843329e+00 1.977320906373247408e-02 2.819219144927553877e+00 3.390845372625236109e+00 2.783503561529788950e+00 1.799599814829088595e+00 5.000319043403496977e+00 4.720737800452862842e+00 4.224236033496255871e+00 8.990368469198998236e-01 5.572691355037709293e+00 2.100849006565966182e+00 4.413287719276133281e+00 6.092182598987962550e+00 6.493757085129815698e-02
3.806158608859454784e+00 7.455399824778441431e-02 2.779028253540789084e+00 3.375020240926498882e+00 2.733333787497358447e+00 1.761569905815123294e+00 4.999035767980893219e+00 4.788025431409471899e+00 4.267599240743523481e+00 8.853039824329645979e-01 5.627472144221761674e+00 2.060658115179200944e+00 4.397462587577395610e+00 6.042012824955532047e+00 8.117876870449837468e-02
3.747213419916974875e+00 1.324183775351467085e-01 2.736599850846322290e+00 3.358327961315083598e+00 2.679045270375647547e+00 1.724317039242777128e+00 4.994722325414476138e+00 4.859720735091866750e+00 4.314583921552690882e+00 8.747147973118736264e-01 5.685336523509123552e+00 2.018229712484733707e+00 4.380770307965979882e+00 5.987724307833822479e+00 9.615976565171441282e-02
3.695440926253221292e+00 1.842535146826115300e-01 2.699698640836553754e+00 3.342699555746804219e+00 2.629912072164001025e+00 1.693545294911840582e+00 4.987136402866632956e+00 4.924017027104590660e+00 4.356709635016528637e+00 8.699707831269901659e-01 5.737171660656588124e+00 1.981328502474964948e+00 4.365141902397700058e+00 5.938591109622175956e+00 1.078300144188218124e-01
3.655408976884832128e+00 2.254551146768549175e-01 2.671437720490849266e+00 3.329839596053796758e+00 2.590641740756165490e+00 1.670926700025097134e+00 4.978458364988847862e+00 4.975037383099286892e+00 4.390003480603737351e+00 8.695378413526219097e-01 5.778373260650831789e+00 1.953067582129260238e+00 4.352281942704692597e+00 5.899320778214341310e+00 1.159058023988714936e-01
3.625401420721915180e+00 2.568225384899598951e-01 2.650358033076321451e+00 3.319893954513138290e+00 2.560628997138041818e+00 1.654835903512227757e+00 4.970438273291083675e+00 5.013849978930896789e+00 4.415513148717566949e+00 8.708870467712592767e-01 5.809740684463945648e+00 1.931987894714730647e+00 4.342336301164025691e+00 5.869308034596212309e+00 1.215300297441097577e-01
3.602535502822246549e+00 2.807989088247666021e-01 2.634298168015492880e+00 3.312224392317880017e+00 2.537640818506578189e+00 1.643204754113183341e+00 4.963576873692001179e+00 5.043530735696450940e+00 4.435338674847187690e+00 8.727137762779785257e-01 5.833717054798752244e+00 1.915928029653901854e+00 4.334666738968767419e+00 5.846319855964748236e+00 1.257112459833102380e-01
3.584682694521077906e+00 2.994843790941880690e-01 2.621736496209286393e+00 3.306201561029110003e+00 2.519715267908278378e+00 1.634543835260420686e+00 4.957816174933205033e+00 5.066679719475659205e+00 4.451071515201322271e+00 8.745613138991666924e-01 5.852402525068172601e+00 1.903366357847694923e+00 4.328643907679997405e+00 5.828394305366448869e+00 1.289876678620092698e-01
3.570458416313963657e+00 3.143439800780186144e-01 2.611709377532640097e+00 3.301379999234976381e+00 2.505463539985758104e+00 1.627908594246870511e+00 4.952979913735560125e+00 5.085098608435033363e+00 4.463770137966505125e+00 8.762882780927766513e-01 5.867262126052002813e+00 1.893339239171048849e+00 4.323822345885863783e+00 5.814142577443928595e+00 1.316283324111495179e-01
3.558952516056895554e+00 3.263595292420861105e-01 2.603588764416318480e+00 3.297461659684094659e+00 2.493946016035633484e+00 1.622706322902282228e+00 4.948903452234410416e+00 5.099994354848433886e+00 4.474148289100813969e+00 8.778536368728068195e-01 5.879277675216069809e+00 1.885218626054727675e+00 4.319904006334981617e+00 5.802625053493804863e+00 1.337857084813920683e-01
3.549542231642656809e+00 3.361980411461995000e-01 2.596943745817111626e+00 3.294242841761970908e+00 2.484521132070440785e+00 1.618554742788616663e+00 4.945454749859017340e+00 5.112189124018186703e+00 4.482706901049588133e+00 8.792496810393293227e-01 5.889116187120182921e+00 1.878573607455520822e+00 4.316685188412857421e+00 5.793200169528612165e+00 1.355609654807145292e-01
3.541783724307661529e+00 3.443273416201923509e-01 2.591465069976866875e+00 3.291578596278198710e+00 2.476738045753185347e+00 1.615197549141873523e+00 4.942529958667901013e+00 5.122261571706653527e+00 4.489811207754454969e+00 8.804815044000299240e-01 5.897245487594174662e+00 1.873094931615277847e+00 4.314020942929082558e+00 5.785417083211357614e+00 1.370285410541179638e-01
3.535349376568972080e+00 3.510875697188993727e-01 2.586922867861130904e+00 3.289361657922661220e+00 2.470268919068501656e+00 1.612455959478970913e+00 4.940046183177901007e+00 5.130633685736183836e+00 4.495736139386911745e+00 8.815598354581487550e-01 5.904005715692881573e+00 1.868552729499541654e+00 4.311804004573544624e+00 5.778947956526673480e+00 1.382459874595054483e-01
3.529990239618389758e+00 3.567345073463837335e-01 2.583141535713878056e+00 3.287510033448321156e+00 2.464867394487585628e+00 1.610200691484647173e+00 4.937935853334212588e+00 5.137623447320576631e+00 4.500694146032514276e+00 8.824979162297288404e-01 5.909652653320366156e+00 1.864771397352288584e+00 4.309952380099204561e+00 5.773546431945757895e+00 1.392587930578925437e-01
3.525512623294751791e+00 3.614661135616951126e-01 2.579983980693822510e+00 3.285959444277846142e+00 2.460343000794356971e+00 1.608335327358926259e+00 4.936142889510204412e+00 5.143477214919665919e+00 4.504852937336218943e+00 8.833098568576560616e-01 5.914384259535677479e+00 1.861613842332233038e+00 4.308401790928729547e+00 5.769022038252529683e+00 1.401033287779075986e-01
3.521762951003204911e+00 3.654391792835803288e-01 2.577341304261116850e+00 3.284658522516980206e+00 2.456545037939021903e+00 1.606786104008627980e+00 4.934620136104723720e+00 5.148390165892386072e+00 4.508347183441693495e+00 8.840096818432928716e-01 5.918357325257562529e+00 1.858971165899527156e+00 4.307100869167864055e+00 5.765224075397194170e+00 1.408089124234487566e-01
3.518617622499400355e+00 3.687801210498624638e-01 2.575125805960197134e+00 3.283565622677958817e+00 2.453352120976917572e+00 1.605495419782069222e+00 4.933327601979145882e+00 5.152519622351393380e+00 4.511286475217037406e+00 8.846107699455215689e-01 5.921698267023844053e+00 1.856755667598607884e+00 4.306007969328843110e+00 5.762031158435089395e+00 1.413993395929687980e-01
3.515976007318925678e+00 3.715922314127231840e-01 2.573266091528668031e+00 3.282646619039127245e+00 2.450665156396882871e+00 1.604417555308029764e+00 4.932231201145371280e+00 5.155994049496595011e+00 4.513760905135903556e+00 8.851255409794600570e-01 5.924510377386704718e+00 1.854895953167078781e+00 4.305088965690011094e+00 5.759344193855055138e+00 1.418940424058289518e-01
3.513755451311114886e+00 3.739607330237321170e-01 2.571703554441600925e+00 3.281873327450102185e+00 2.448402449084425836e+00 1.603515755519461905e+00 4.931301806567251589e+00 5.158919354390413936e+00 4.515845098524025047e+00 8.855653027623545670e-01 5.926878878997714040e+00 1.853333416080011897e+00 4.304315674100986477e+00 5.757081486542598547e+00 1.423089751740143072e-01
3.511887613606970771e+00 3.759564311490720678e-01 2.570389777754201077e+00 3.281222337252202248e+00 2.446496169616800387e+00 1.602760175551969590e+00 4.930514506167101629e+00 5.161383451265395550e+00 4.517601210729691452e+00 8.859402021078870426e-01 5.928874577123053768e+00 1.852019639392611605e+00 4.303664683903086541e+00 5.755175207074972654e+00 1.426572972609682910e-01
3.510315707671897822e+00 3.776384424004367579e-01 2.569284568741159624e+00 3.280674122057950726e+00 2.444889718112133181e+00 1.602126392376352904e+00 4.929847995779718772e+00 5.163459677866781838e+00 4.519081215693416809e+00 8.862592421739172721e-01 5.930556588374417792e+00 1.850914430379569930e+00 4.303116468708835463e+00 5.753568755570305449e+00 1.429499046553558972e-01
3.508992374454349861e+00 3.790562932102750637e-01 2.568354440167433417e+00 3.280212346617167096e+00 2.443535699494783664e+00 1.601594298369111158e+00 4.929284070390230532e+00 5.165209424247190206e+00 4.520328694787589363e+00 8.865303404502075102e-01 5.931974439184256376e+00 1.849984301805843501e+00 4.302654693268051389e+00 5.752214736952955931e+00 1.431958480342703233e-01
3.507878010205859098e+00 3.802515728668095507e-01 2.567571415117615441e+00 3.279823316043561476e+00 2.442394330569478189e+00 1.601147260337169698e+00 4.928807190242618930e+00 5.166684203011808307e+00 4.521380262580257714e+00 8.867604098042678462e-01 5.933169718840790807e+00 1.849201276756025747e+00 4.302265662694445325e+00 5.751073368027650901e+00 1.434026648881375765e-01
3.506939430397649993e+00 3.812592607518611731e-01 2.566912072174074133e+00 3.279495531479462933e+00 2.441432162607759970e+00 1.600771468129569497e+00 4.928404107053159677e+00 5.167927310137399921e+00 4.522266721033329162e+00 8.869554506560490825e-01 5.934177406725842374e+00 1.848541933812484439e+00 4.301937878130347670e+00 5.750111200065933126e+00 1.435766458468324958e-01
3.506148788387875914e+00 3.821088076694832969e-01 2.566356773302804761e+00 3.279219327430998643e+00 2.440621041794036383e+00 1.600455422077539769e+00 4.928063540430422940e+00 5.168975176459028376e+00 4.523014005098165313e+00 8.871206463335826742e-01 5.935026953643464331e+00 1.847986634941215289e+00 4.301661674081883824e+00 5.749300079252209095e+00 1.437230500123395927e-01
3.505482691481593971e+00 3.828250264212012532e-01 2.565889033489373361e+00 3.278986573157682827e+00 2.439937253935170247e+00 1.600189524400887242e+00 4.927775897345827438e+00 5.169858479223648828e+00 4.523643964340816837e+00 8.872604564776932490e-01 5.935743172395183898e+00 1.847518895127784111e+00 4.301428919808567564e+00 5.748616291393342514e+00 1.438462802982586330e-01
3.504921472810403671e+00 3.834288310408281442e-01 2.565495002270828273e+00 3.278790425202990910e+00 2.439360815160570795e+00 1.599965750023932154e+00 4.927533029072217019e+00 5.170603063449481951e+00 4.524175013221462649e+00 8.873787053479872400e-01 5.936346977014810733e+00 1.847124863909239245e+00 4.301232771853875647e+00 5.748039852618743062e+00 1.439500270561041850e-01
3.504448588094891459e+00 3.839378538089597281e-01 2.565163034866514202e+00 3.278625121331938175e+00 2.438874880363634645e+00 1.599777379084390105e+00 4.927328020955259014e+00 5.171230709900009437e+00 4.524622674589939386e+00 8.874786632646897155e-01 5.936855999782942206e+00 1.846792896504926063e+00 4.301067467982822912e+00 5.747553917821806913e+00 1.440373863072115235e-01
3.504050113707856795e+00 3.843669622285637577e-01 2.564883335880687731e+00 3.278485808356119247e+00 2.438465247894667787e+00 1.599618778066683733e+00 4.927155011004162866e+00 5.171759777719669771e+00 4.525000035387339636e+00 8.875631203664802182e-01 5.937285108202546624e+00 1.846513197519099814e+00 4.300928155007003539e+00 5.747144285352840498e+00 1.441109574678560712e-01
3.503714327681739071e+00 3.847286933064194558e-01 2.564647662318767729e+00 3.278368397916412658e+00 2.438119943726205996e+00 1.599485219723676188e+00 4.927009033745265221e+00 5.172205743646283160e+00 4.525318129570560899e+00 8.876344524940822378e-01 5.937646839280402489e+00 1.846277523957179589e+00 4.300810744567296950e+00 5.746798981184379151e+00 1.441729243956626494e-01
