1.000000000000000000e+00 1.000000000000000000e+00 1.000000000000000000e+00 1.000000000000000000e+00 1.000000000000000000e+00 1.000000000000000000e+00 1.000000000000000000e+00 1.000000000000000000e+00 1.000000000000000000e+00 1.000000000000000000e+00 1.000000000000000000e+00 1.000000000000000000e+00 1.000000000000000000e+00 1.000000000000000000e+00 1.000000000000000000e+00
1.134002835385847563e+00 1.006256771346061507e+00 1.125575025243413352e+00 1.124429948235336818e+00 1.004420380998543250e+00 1.099446823640421345e+00 1.086648987922216980e+00 9.077809224393320608e-01 1.109408701696583455e+00 1.064771167762466053e+00 1.006256771346061285e+00 1.125575025243413352e+00 1.124429948235336818e+00 1.004420380998543250e+00 1.134002835385847563e+00
1.215732932944078915e+00 1.022819157772961951e+00 1.193296578415356635e+00 1.181481000980692642e+00 1.025559419906066472e+00 1.160399165712704850e+00 1.156736579593897751e+00 8.499179592809619210e-01 1.152539297792174233e+00 1.108541539080050820e+00 1.022819157772961729e+00 1.193296578415356635e+00 1.181481000980692642e+00 1.025559419906066472e+00 1.208764972939343485e+00
1.231008557543798565e+00 1.026531633781318842e+00 1.202576560799092364e+00 1.167166715906600372e+00 1.042158523929935354e+00 1.183180392683839566e+00 1.187263070489795957e+00 8.296047397953048019e-01 1.137237667807881047e+00 1.121424967323030986e+00 1.026531633781318620e+00 1.202576560799092364e+00 1.167166715906600372e+00 1.042158523929935354e+00 1.216918948570057557e+00
1.238328308376361653e+00 1.028809202785738508e+00 1.205042874899439065e+00 1.143835462230282651e+00 1.056529050996210639e+00 1.200262747004829045e+00 1.212619614185070471e+00 8.130197854613285813e-01 1.113412760735748241e+00 1.131482001078035982e+00 1.028809202785738286e+00 1.205042874899439065e+00 1.143835462230282651e+00 1.056529050996210639e+00 1.216362678970407618e+00
1.245587684619995583e+00 1.031358030369128542e+00 1.208135173952260777e+00 1.119563118939266966e+00 1.070653494762563440e+00 1.216927275394113606e+00 1.237452284223355514e+00 7.954150644731622366e-01 1.088004446688008775e+00 1.141522115426729211e+00 1.031358030369128320e+00 1.208135173952260777e+00 1.119563118939266966e+00 1.070653494762563440e+00 1.215763087501928741e+00
1.252838122755940642e+00 1.034070921263976039e+00 1.212169396900449003e+00 1.094712851884625193e+00 1.084802131611090736e+00 1.233730648276912145e+00 1.261580439959340216e+00 7.766357332979444417e-01 1.061593840338324712e+00 1.151197054253672913e+00 1.034070921263975817e+00 1.212169396900449003e+00 1.094712851884625193e+00 1.084802131611090736e+00 1.215592230316411282e+00
1.259910813298625420e+00 1.036869589687796633e+00 1.217082181703757593e+00 1.069438660981686384e+00 1.099071222470169085e+00 1.250851078490581747e+00 1.284763751025084222e+00 7.567592242356725452e-01 1.034392863336580426e+00 1.160249192792408568e+00 1.036869589687796411e+00 1.217082181703757371e+00 1.069438660981686384e+00 1.099071222470169085e+00 1.215887604508818498e+00
1.266661621793829795e+00 1.039715713454708590e+00 1.222768873063193817e+00 1.043931676053301505e+00 1.113515352321238439e+00 1.268382497436810086e+00 1.306816122542532321e+00 7.359102672233232001e-01 1.006558844404050301e+00 1.168505915479987278e+00 1.039715713454708368e+00 1.222768873063193373e+00 1.043931676053301505e+00 1.113515352321238439e+00 1.216626306909780464e+00
1.272958110856122094e+00 1.042590482854396816e+00 1.229116737616538613e+00 1.018405104481466150e+00 1.128172421573183204e+00 1.286380208766957356e+00 1.327586978294752473e+00 7.142445243794681708e-01 9.782285133852758330e-01 1.175837293291066787e+00 1.042590482854396594e+00 1.229116737616538169e+00 1.018405104481466150e+00 1.128172421573183204e+00 1.217754384494084796e+00
1.278673357082983131e+00 1.045486839860938710e+00 1.236013357524567757e+00 9.930805883255374722e-01 1.143069802285517689e+00 1.304872137597068438e+00 1.346957149784058672e+00 6.919353730444024464e-01 9.495255981846344451e-01 1.182142931433518562e+00 1.045486839860938488e+00 1.236013357524567535e+00 9.930805883255374722e-01 1.143069802285517689e+00 1.219192091526976496e+00
1.283686353321066731e+00 1.048407249086016346e+00 1.243349437940068247e+00 9.681789903558293275e-01 1.158225169937783239e+00 1.323861550953286947e+00 1.364840847863560302e+00 6.691592499868449506e-01 9.205627222095340567e-01 1.187349898489718836e+00 1.048407249086016124e+00 1.243349437940068025e+00 9.681789903558293275e-01 1.158225169937783239e+00 1.220835870258177858e+00
1.287884634481851087e+00 1.051363442215118349e+00 1.251020095085558559e+00 9.439135831445475411e-01 1.173646241770098353e+00 1.343328449470561736e+00 1.381187633992195574e+00 6.460818857237224933e-01 8.914422295830819465e-01 1.191413408820902742e+00 1.051363442215118349e+00 1.251020095085558559e+00 9.439135831445475411e-01 1.173646241770098353e+00 1.222560611511093409e+00
1.291167044426837052e+00 1.054376721593967892e+00 1.258926173641642166e+00 9.204849951037646916e-01 1.189330842820389034e+00 1.363231770327230530e+00 1.395982112626092286e+00 6.228476587801843323e-01 8.622573050030465369e-01 1.194317277442795033e+00 1.054376721593967892e+00 1.258926173641642166e+00 9.204849951037646916e-01 1.189330842820389034e+00 1.224223029708913169e+00
1.293445771735996397e+00 1.057478300364715240e+00 1.266976125382595075e+00 8.980776885905636941e-01 1.205267603842627766e+00 1.383512580612227483e+00 1.409241074482741940e+00 5.995733838469189392e-01 8.330935733352597961e-01 1.196073399684419281e+00 1.057478300364715240e+00 1.266976125382595075e+00 8.980776885905636941e-01 1.205267603842627766e+00 1.225666077626286432e+00
1.294647411154064010e+00 1.060709535213303134e+00 1.275088445569213080e+00 8.768577521123013252e-01 1.221437154224537025e+00 1.404097715905658905e+00 1.421008814720219338e+00 5.763467633172498772e-01 8.040309287878318889e-01 1.196720381207071027e+00 1.060709535213303134e+00 1.275088445569213080e+00 8.768577521123013252e-01 1.221437154224537025e+00 1.226724019059459936e+00
1.294713131323556254e+00 1.064122050700216260e+00 1.283194395605494753e+00 8.569717258794122827e-01 1.237813553062487859e+00 1.424903186770096752e+00 1.431351695985778827e+00 5.532288280459709551e-01 7.751452628727153460e-01 1.196321678476767625e+00 1.064122050700216260e+00 1.283194395605494753e+00 8.569717258794122827e-01 1.237813553062487859e+00 1.227227755907239093e+00
1.293598157990973441e+00 1.067777768089620327e+00 1.291240651689219421e+00 8.385461666010599613e-01 1.254365737641716994e+00 1.445836819718424815e+00 1.440352947656297733e+00 5.302591626233883471e-01 7.465098572492303575e-01 1.194963538368319700e+00 1.067777768089620327e+00 1.291240651689219421e+00 8.385461666010598503e-01 1.254365737641716994e+00 1.227010114720636924e+00
1.291270786703311746e+00 1.071748791110503252e+00 1.299191538484343544e+00 8.216877034676345337e-01 1.271058863388163429e+00 1.466799828064724531e+00 1.448108390040230731e+00 5.074625757299584539e-01 7.181963727182610890e-01 1.192752838108532831e+00 1.071748791110503252e+00 1.299191538484343544e+00 8.216877034676344227e-01 1.271058863388163429e+00 1.225910934403564134e+00
1.287711084214047785e+00 1.076117002046934612e+00 1.307030572948826075e+00 8.064834103634386242e-01 1.287855504931829875e+00 1.487687211884094474e+00 1.454723414556946537e+00 4.848560387762791968e-01 6.902755263261131091e-01 1.189814738079773448e+00 1.076117002046934390e+00 1.307030572948826075e+00 8.064834103634385132e-01 1.287855504931829875e+00 1.223781897418379172e+00
