1.000000000000000000e+00 1.000000000000000000e+00 1.000000000000000000e+00 1.000000000000000000e+00 1.000000000000000000e+00 1.000000000000000000e+00 1.000000000000000000e+00 1.000000000000000000e+00 1.000000000000000000e+00 1.000000000000000000e+00 1.000000000000000000e+00 1.000000000000000000e+00 1.000000000000000000e+00 1.000000000000000000e+00 1.000000000000000000e+00
1.130734473547168273e+00 1.005508956987819280e+00 1.122537239742721571e+00 1.121392162734645037e+00 1.003672566640301023e+00 1.097562528369883994e+00 1.084337938341207286e+00 9.097081874418039282e-01 1.107097652115573760e+00 1.062886872491928925e+00 1.005508956987819280e+00 1.122537239742721571e+00 1.121392162734645037e+00 1.003672566640301023e+00 1.130734473547168495e+00
1.212849087394817671e+00 1.021751845417427917e+00 1.190720743439177554e+00 1.179391449155011706e+00 1.024114639565007812e+00 1.159117533660532384e+00 1.154225068200165127e+00 8.514440264992492180e-01 1.151322745380722878e+00 1.106789171015253315e+00 1.021751845417427917e+00 1.190720743439177554e+00 1.179391449155011706e+00 1.024114639565007812e+00 1.206017447863273029e+00
1.230378474128594135e+00 1.026029250048609009e+00 1.201913503153601903e+00 1.167382487898937171e+00 1.041109375178480345e+00 1.183271001508929832e+00 1.186044874465822074e+00 8.298067727199563981e-01 1.138017326765560888e+00 1.120642950932895232e+00 1.026029250048609009e+00 1.201913503153601903e+00 1.167382487898937171e+00 1.041109375178480345e+00 1.216477330736929652e+00
1.238031050044196002e+00 1.028424425248671614e+00 1.204620430345516136e+00 1.144392707067018788e+00 1.055588017556004177e+00 1.200634535297356864e+00 1.211495502404536406e+00 8.130143599989567704e-01 1.114652120936856949e+00 1.130791197792201608e+00 1.028424425248671614e+00 1.204620430345516136e+00 1.144392707067018788e+00 1.055588017556004177e+00 1.216306805362276977e+00
1.245318993622196224e+00 1.031029798152231391e+00 1.207644322747287058e+00 1.120145639013510497e+00 1.069729256589522004e+00 1.217350021410452010e+00 1.236243774249676353e+00 7.953968920683665011e-01 1.089417093970342254e+00 1.140834043768800043e+00 1.031029798152231391e+00 1.207644322747287058e+00 1.120145639013510275e+00 1.069729256589522004e+00 1.215738809010896704e+00
1.252594218976744056e+00 1.033802392679771698e+00 1.211579558666717737e+00 1.095300312212952765e+00 1.083871772518928855e+00 1.234161438906088870e+00 1.260293965187443854e+00 7.766233325167321011e-01 1.063137123988810773e+00 1.150538413253098025e+00 1.033802392679771476e+00 1.211579558666717737e+00 1.095300312212952543e+00 1.083871772518928855e+00 1.215564702278504994e+00
1.259708729548406847e+00 1.036663983424665147e+00 1.216392785536780208e+00 1.070030857711726568e+00 1.098123370342674043e+00 1.251272582492210850e+00 1.283415191920976861e+00 7.567543205207896140e-01 1.036050587398773093e+00 1.159644763779786425e+00 1.036663983424664925e+00 1.216392785536780208e+00 1.070030857711726346e+00 1.098123370342674043e+00 1.215855614813614149e+00
1.266517312455793354e+00 1.039573420180322616e+00 1.221984487281611909e+00 1.044526257440580252e+00 1.112542414126708401e+00 1.268783808716804407e+00 1.305418769081684527e+00 7.359120287421465623e-01 1.008319088087819448e+00 1.167974102976964579e+00 1.039573420180322394e+00 1.221984487281611909e+00 1.044526257440580030e+00 1.112542414126708401e+00 1.216594434405337877e+00
1.272886380539803630e+00 1.042510050593117743e+00 1.228244029383097624e+00 1.018997182544910896e+00 1.127168797336323136e+00 1.286753421262764929e+00 1.326152299537462165e+00 7.142507173101892981e-01 9.800806897714031685e-01 1.175392487856423918e+00 1.042510050593117521e+00 1.228244029383097624e+00 1.018997182544910673e+00 1.127168797336323136e+00 1.217730081778441997e+00
1.278688509379097171e+00 1.045465555521554402e+00 1.235060306932535212e+00 9.936634628110333489e-01 1.142031299711705028e+00 1.305211368987519993e+00 1.345495440880725146e+00 6.919426829232682152e-01 9.514597186161111164e-01 1.181796744409628452e+00 1.045465555521554180e+00 1.235060306932535212e+00 9.936634628110331269e-01 1.142031299711704806e+00 1.219185183156508367e+00
1.283802359700812357e+00 1.048441347419450498e+00 1.242324981362217473e+00 9.687446936229315853e-01 1.157148858173451256e+00 1.324162710866978676e+00 1.363361307093942987e+00 6.691636824028125430e-01 9.225691799972504104e-01 1.187111487532646947e+00 1.048441347419450276e+00 1.242324981362217473e+00 9.687446936229313632e-01 1.157148858173451256e+00 1.220858388049425036e+00
1.288115004586421808e+00 1.051448139226957013e+00 1.249933876329663018e+00 9.444532960074599748e-01 1.172530456004644783e+00 1.343589236139087317e+00 1.379698188156774696e+00 6.460792178452737788e-01 8.935117511458602335e-01 1.191289395510228832e+00 1.051448139226956791e+00 1.249933876329662796e+00 9.444532960074597527e-01 1.172530456004644783e+00 1.222626634498799048e+00
1.291524574730717578e+00 1.054506188291900903e+00 1.257788286007720524e+00 9.209893985419074225e-01 1.188175203054560924e+00 1.363451671377763574e+00 1.394489208634871469e+00 6.228338343991124404e-01 8.643809308803882541e-01 1.194311549120009364e+00 1.054506188291900681e+00 1.257788286007720302e+00 9.209893985419073115e-01 1.188175203054560924e+00 1.224348431905415202e+00
1.293942277449829037e+00 1.057645632845312544e+00 1.265796805806661540e+00 8.985372787885246293e-01 1.204072993611180031e+00 1.383692802066545990e+00 1.407749534345682507e+00 5.995447714026759245e-01 8.352626220685922531e-01 1.196186931943189924e+00 1.057645632845312322e+00 1.265796805806661318e+00 8.985372787885246293e-01 1.204072993611180031e+00 1.225868164866599663e+00
1.295293494237748755e+00 1.060906745140419272e+00 1.273877724908936360e+00 8.772631276618049201e-01 1.220205648608064797e+00 1.404241041501754550e+00 1.419521771730947401e+00 5.763002469268552197e-01 8.062369432006335490e-01 1.196951130874303271e+00 1.060906745140419050e+00 1.273877724908935916e+00 8.772631276618049201e-01 1.220205648608064797e+00 1.227021070046866003e+00
1.295518005816185036e+00 1.064340087187791495e+00 1.281961729918402515e+00 8.573138480470666734e-01 1.236548303849626107e+00 1.425013802278572328e+00 1.429870589541111014e+00 5.531617488723121756e-01 7.773799561310797968e-01 1.196664558352102281e+00 1.064340087187791273e+00 1.281961729918402071e+00 8.573138480470666734e-01 1.236548303849626107e+00 1.227638493109697970e+00
1.294569537781827595e+00 1.068006580428462193e+00 1.289994565503095769e+00 8.388165895419893436e-01 1.253070827261560716e+00 1.445920142402781661e+00 1.438877543136814596e+00 5.301691580637791779e-01 7.487650751761383283e-01 1.195410475511904602e+00 1.068006580428461971e+00 1.289994565503095325e+00 8.388165895419893436e-01 1.253070827261560494e+00 1.227553129801162379e+00
1.292414835256404659e+00 1.071977446172097892e+00 1.297939309097313920e+00 8.218787689173142619e-01 1.269739135907596461e+00 1.466862374073651054e+00 1.446636797031741750e+00 5.073473733769321425e-01 7.204640778078059693e-01 1.193292922385178256e+00 1.071977446172097892e+00 1.297939309097313476e+00 8.218787689173142619e-01 1.269739135907596239e+00 1.226604088880610233e+00
1.289032425456922537e+00 1.076333876682256552e+00 1.305777979773516728e+00 8.065884007816278567e-01 1.286516377233245301e+00 1.487736523728073079e+00 1.453252091060891482e+00 4.847132548004198793e-01 6.925477948783649307e-01 1.190434476282977494e+00 1.076333876682256552e+00 1.305777979773516284e+00 8.065884007816277457e-01 1.286516377233245079e+00 1.224641717482918724e+00
