5.408707833950129995e+00 9.386989209685023816e-01 2.050425784205519797e+00 2.376253990616830070e+00 5.321713510880663023e+00 3.922670249131523512e+00 4.281857064655064882e+00 1.275237471350148200e+00 2.854537204434138609e+00 5.679593906035943718e+00 4.267319044870442113e+00 4.787991208400373400e-01 8.070088824675069050e-01 2.613793738913755771e+00 4.139465781200390104e+00
5.408707833950129995e+00 9.359289550447865702e-01 2.049270030200504689e+00 2.376734114408877829e+00 5.323060424848296890e+00 3.900501340680967655e+00 4.279014072834043780e+00 1.274232116707693985e+00 2.857241527397945013e+00 5.679364907847168631e+00 4.264549078946726191e+00 4.776433668350222872e-01 8.074890062595546647e-01 2.615140652881389638e+00 4.139465781200390104e+00
5.408707833950129995e+00 9.332934190493878956e-01 2.048011928044289220e+00 2.376993710531136283e+00 5.324071731511527794e+00 3.878670923953845495e+00 4.276555038747095416e+00 1.272654215749200013e+00 2.860505974097174775e+00 5.679120064709985094e+00 4.261913542951327294e+00 4.763852646788065970e-01 8.077486023818132299e-01 2.616151959544620542e+00 4.139465781200390104e+00
5.408707833950129995e+00 9.308424326800792681e-01 2.046631852273429697e+00 2.377044870420117473e+00 5.324740039465496899e+00 3.857095989032509831e+00 4.274536486223270870e+00 1.270488935345539305e+00 2.864324936025001822e+00 5.678847488555486045e+00 4.259462556582018777e+00 4.750051889079469625e-01 8.077997622707946412e-01 2.616820267498589647e+00 4.139465781200390104e+00
5.408707833950129995e+00 9.286297445555576902e-01 2.045109998078175728e+00 2.376901570867743452e+00 5.325056824118841625e+00 3.835686221853621181e+00 4.273010168274430143e+00 1.267723279026208738e+00 2.868693177841405095e+00 5.678536225001556303e+00 4.257249868457496866e+00 4.734833347126928826e-01 8.076564627184203982e-01 2.617137052151934373e+00 4.139465781200390104e+00
5.408707833950129995e+00 9.267120101977982527e-01 2.043426840142154255e+00 2.376580203095215449e+00 5.325012031380892630e+00 3.814345453638075867e+00 4.272022105078607801e+00 1.264346339423944476e+00 2.873605653171514174e+00 5.678176595166534391e+00 4.255332134099737651e+00 4.718001767766714649e-01 8.073350949458921733e-01 2.617092259413984934e+00 4.139465781200390104e+00
5.408707833950129995e+00 9.251478912186102965e-01 2.041563763641085050e+00 2.376100267493724605e+00 5.324593791752460170e+00 3.792973488010594973e+00 4.271611466712935012e+00 1.260349729486203163e+00 2.879057197901421450e+00 5.677760552127320004e+00 4.253768015120550139e+00 4.699371002756023152e-01 8.068551593444014403e-01 2.616674019785552030e+00 4.139465781200390104e+00
5.408707833950129995e+00 9.239969072463234401e-01 2.039503889105304779e+00 2.375485227283359535e+00 5.323788259847716198e+00 3.771468357492409051e+00 4.271809280222051086e+00 1.255728197443716887e+00 2.885042096899044228e+00 5.677282064001711426e+00 4.252617031148263393e+00 4.678772257398222112e-01 8.062401191340364814e-01 2.615868487880807614e+00 4.139465781200390104e+00
5.408707833950129995e+00 9.233179692232122981e-01 2.037233101780160816e+00 2.374763493416959470e+00 5.322579593518329766e+00 3.749729049832253747e+00 4.272636962091692858e+00 1.250480410598929559e+00 2.891553528346110902e+00 5.676737530162921708e+00 4.251938093125152029e+00 4.656064384146783031e-01 8.055183852676364165e-01 2.614659821551421626e+00 4.139465781200390104e+00
5.408707833950129995e+00 9.231675306922958457e-01 2.034741276048194436e+00 2.373969483591331642e+00 5.320950087301754117e+00 3.727658715463799233e+00 4.274104709861059170e+00 1.244609866338359350e+00 2.898582902881784662e+00 5.676126226480558756e+00 4.251787654594235910e+00 4.631146126827118681e-01 8.047243754420086992e-01 2.613030315334845977e+00 4.139465781200390104e+00
5.408707833950129995e+00 9.235973172832131484e-01 2.032023654232730348e+00 2.373144660282414886e+00 5.318880476498858201e+00 3.705168314666912543e+00 4.276209831657467930e+00 1.238125856383798018e+00 2.906119133001244581e+00 5.675450759023376257e+00 4.252217441185153213e+00 4.603969908672478906e-01 8.038995521330919436e-01 2.610960704531950061e+00 4.139465781200390104e+00
5.408707833950129995e+00 9.246516381848618460e-01 2.029082296074508740e+00 2.372338408988751368e+00 5.316350429849184600e+00 3.682180583713694944e+00 4.278935148668484345e+00 1.231044375748049591e+00 2.914147890958961096e+00 5.674717483595230760e+00 4.253271762086801466e+00 4.574556327090261165e-01 8.030933008394286476e-01 2.608430657882276460e+00 4.139465781200390104e+00
5.408707833950129995e+00 9.263643491337143487e-01 2.025927462966623516e+00 2.371608575137917896e+00 5.313339248729409547e+00 3.658634096099791844e+00 4.282247667494350374e+00 1.223388838256330935e+00 2.922650938238364748e+00 5.673936822860063955e+00 4.254984473035653636e+00 4.543007996011409477e-01 8.023634669885951753e-01 2.605419476762501851e+00 4.139465781200390104e+00
5.408707833950129995e+00 9.287556216215860916e-01 2.022578747233375829e+00 2.371021448246810603e+00 5.309826786309482571e+00 3.634487080137757342e+00 4.286097775433951540e+00 1.215190446613909181e+00 2.931605631411529966e+00 5.673123388379270438e+00 4.257375745523525268e+00 4.509520838678933163e-01 8.017763400974878829e-01 2.601907014342575319e+00 4.139465781200390104e+00
5.408707833950129995e+00 9.318287671825681295e-01 2.019065714894174857e+00 2.370650981250464362e+00 5.305794587773065452e+00 3.609720552252245085e+00 4.290419244037302349e+00 1.206488079608167174e+00 2.940984720452785695e+00 5.672295799374594161e+00 4.260448891084507750e+00 4.474390515286924552e-01 8.014058731011415304e-01 2.597874815806158200e+00 4.139465781200390104e+00
5.408707833950129995e+00 9.355674491841844409e-01 2.015427818812610461e+00 2.370577078687458705e+00 5.301227229598058699e+00 3.584340272114296511e+00 4.295130312594515942e+00 1.197327612526317253e+00 2.950756547806590913e+00 5.671476093191452961e+00 4.264187573086124061e+00 4.438011554471282261e-01 8.013319705381358737e-01 2.593307457631151447e+00 4.139465781200390104e+00
5.408707833950129995e+00 9.399336609630378758e-01 2.011713376472204828e+00 2.370882890835631418e+00 5.296113801440325730e+00 3.558377060875040243e+00 4.300136043979572165e+00 1.187760680560230764e+00 2.960885723299720773e+00 5.670688653116824796e+00 4.268553784864977274e+00 4.400867131067224824e-01 8.016377826863084755e-01 2.588194029473418478e+00 4.139465781200390104e+00
5.408707833950129995e+00 9.448668320528552655e-01 2.007977503712919720e+00 2.371651207939629469e+00 5.290449432416747477e+00 3.531885175500085960e+00 4.305331993513675570e+00 1.177843014466115168e+00 2.971334290990275573e+00 5.669958640774188652e+00 4.273486955954794553e+00 4.363508403474374853e-01 8.024060997903063042e-01 2.582529660449839781e+00 4.139465781200390104e+00
5.408707833950129995e+00 9.502843288685295375e-01 2.004279047011195303e+00 2.372960233333304636e+00 5.284236724262669327e+00 3.504938698937684283e+00 4.310609023436271947e+00 1.167632591118168861e+00 2.982063328146697945e+00 5.669310006207835428e+00 4.278904452770468936e+00 4.326523836457132899e-01 8.037151251839815824e-01 2.576316952295761631e+00 4.139465781200390104e+00
5.408707833950129995e+00 9.560834503128700090e-01 2.000676735706485854e+00 2.374879179831692610e+00 5.277486930556507971e+00 3.477626243299718478e+00 4.315858874366652387e+00 1.157187906980494896e+00 2.993034841385985967e+00 5.668763241092417360e+00 4.284703574214809407e+00 4.290500723410040074e-01 8.056340716823695569e-01 2.569567158589600719e+00 4.139465781200390104e+00
5.408707833950129995e+00 9.621448162932043635e-01 1.997224939085075590e+00 2.377464226227926858e+00 5.270220726317665694e+00 3.450044588787780864e+00 4.320979932328411266e+00 1.146566665539565655e+00 3.004213771398362542e+00 5.668333114234603620e+00 4.290764940195143318e+00 4.255982757195936883e-01 8.082191180786036933e-01 2.562300954350757998e+00 4.139465781200390104e+00
5.408707833950129995e+00 9.683368592715095868e-01 1.993969516796594954e+00 2.380755350913057011e+00 5.262468450369837569e+00 3.422292099689742351e+00 4.325882563616485044e+00 1.135825063468555385e+00 3.015569900722508301e+00 5.668026660779704962e+00 4.296956983173448208e+00 4.223428534311131077e-01 8.115102427637337357e-01 2.554548678402930317e+00 4.139465781200390104e+00
5.408707833950129995e+00 9.745210047827663757e-01 1.990944266477049807e+00 2.384774423241126762e+00 5.254269766877922798e+00 3.394462801207531299e+00 4.330493458635499948e+00 1.125017695209221902e+00 3.027079480644887965e+00 5.667841676529661754e+00 4.303141128684704775e+00 4.193176031115679048e-01 8.155293150918037082e-01 2.546349994911015990e+00 4.139465781200390104e+00
5.408707833950129995e+00 9.805570930207603286e-01 1.988168399288165356e+00 2.389524716042127572e+00 5.245672765875700527e+00 3.366641854411283497e+00 4.334758612900439623e+00 1.114197930142725390e+00 3.038726441443234005e+00 5.667765902652244669e+00 4.309177216922698506e+00 4.165417359226834537e-01 8.202796078928044077e-01 2.537752993908793719e+00 4.139465781200390104e+00
5.408707833950129995e+00 9.863086448813931373e-01 1.985645337467332627e+00 2.394991766140637246e+00 5.236732586801450040e+00 3.338902879632764886e+00 4.338644820863049034e+00 1.103418510607403924e+00 3.050503105578985963e+00 5.667776993352568127e+00 4.314928768783331314e+00 4.140186741018506700e-01 8.257466579913141924e-01 2.528812814834543232e+00 4.139465781200390104e+00
5.408707833950129995e+00 9.916476812541870078e-01 1.983362964558969876e+00 2.401145315240176714e+00 5.227509691424133464e+00 3.311307237041009266e+00 4.342139791411367078e+00 1.092732106088738941e+00 3.062410369465637938e+00 5.667843263381001861e+00 4.320267805156125185e+00 4.117363011934878636e-01 8.319002070908538826e-01 2.519589919457227101e+00 4.139465781200390104e+00
5.408707833950129995e+00 9.964589237026737489e-01 1.981295300822485173e+00 2.407941949829321526e+00 5.218067930021311085e+00 3.283905063787302403e+00 4.345251151451717142e+00 1.082191631964734890e+00 3.074457349209331447e+00 5.667925131945102279e+00 4.325079047604612370e+00 4.096686374570032707e-01 8.386968416799989168e-01 2.510148158054404721e+00 4.139465781200390104e+00
5.408707833950129995e+00 1.000643305302193697e+00 1.979405441837004398e+00 2.415328033756102943e+00 5.208472541607375383e+00 3.256737648464779866e+00 4.348004659048675613e+00 1.071850260264117782e+00 3.086660502712311516e+00 5.667977123424791763e+00 4.329263429204131874e+00 4.077787784715223851e-01 8.460829256067803339e-01 2.500552769640469020e+00 4.139465781200390104e+00
5.408707833950129995e+00 1.004120785730755472e+00 1.977649493074234988e+00 2.423242574252900905e+00 5.198788212149782595e+00 3.229840615873150078e+00 4.350441911533931005e+00 1.061761163744814551e+00 3.099042254083287595e+00 5.667950253445964925e+00 4.332740909632693871e+00 4.060228297087530303e-01 8.539974661035781844e-01 2.490868440182876231e+00 4.139465781200390104e+00
5.408707833950129995e+00 1.006832493618254221e+00 1.975981156115335757e+00 2.431619753777952475e+00 5.189077289476059285e+00 3.203247387196487939e+00 4.352617744899411889e+00 1.051977103453471729e+00 3.111629165649618223e+00 5.667794616854307854e+00 4.335452617520192398e+00 4.043544927498538555e-01 8.623746456286297546e-01 2.481157517509152921e+00 4.139465781200390104e+00
5.408707833950129995e+00 1.008742220124039690e+00 1.974356571728036025e+00 2.440390968950018724e+00 5.179398223536605173e+00 3.176992445057961856e+00 4.354597424918605242e+00 1.042549978683505962e+00 3.124449732887425224e+00 5.667461996404081326e+00 4.337362344025978089e+00 4.027299083625541787e-01 8.711458608006958926e-01 2.471478451569698809e+00 4.139465781200390104e+00
5.408707833950129995e+00 1.009837272549501064e+00 1.972739001986751894e+00 2.449486323575125635e+00 5.169804269131234697e+00 3.151114038379044580e+00 4.356453665089478733e+00 1.033530417063854845e+00 3.137531917244092305e+00 5.666908322905748641e+00 4.338457396451439685e+00 4.011123386212701591e-01 8.802412154258029142e-01 2.461884497164328778e+00 4.139465781200390104e+00
5.408707833950129995e+00 1.010128676747426235e+00 1.971102940687994964e+00 2.458835612289199890e+00 5.160342459459902109e+00 3.125656081862298041e+00 4.358263489722001616e+00 1.024967417943409176e+00 3.150900574845105329e+00 5.666095836006666886e+00 4.338748800649364412e+00 3.994762773225132291e-01 8.895905041398772806e-01 2.452422687492995745e+00 4.139465781200390104e+00
5.408707833950129995e+00 1.009650701401214379e+00 1.969437281294830644e+00 2.468368897549517271e+00 5.151052837919435134e+00 3.100669120313400917e+00 4.360104989225039418e+00 1.016908004703264590e+00 3.164574975836752735e+00 5.664994818009846611e+00 4.338270825303152556e+00 3.978106179293489642e-01 8.991237894001946618e-01 2.443133065952528327e+00 4.139465781200390104e+00
5.408707833950129995e+00 1.008459672990339895e+00 1.967747245783056043e+00 2.478016822480885839e+00 5.141967926246854503e+00 3.076210328282594997e+00 4.362054069739364159e+00 1.009396814266927622e+00 3.178566629101522434e+00 5.663584800770339100e+00 4.337079796892278516e+00 3.961205824175743628e-01 9.087717143315632295e-01 2.434048154279948140e+00 4.139465781200390104e+00
5.408707833950129995e+00 1.006632062267027061e+00 1.966054884360902921e+00 2.487710815074434034e+00 5.133112410018805249e+00 3.052342597244492417e+00 4.364181354467111085e+00 1.002475564100339334e+00 3.192877621447527847e+00 5.661855178298202063e+00 4.335252186168966126e+00 3.944282209954211305e-01 9.184657069251112027e-01 2.425192638051898442e+00 4.139465781200390104e+00
5.408707833950129995e+00 1.004261853365662649e+00 1.964398089112078027e+00 2.497383327328125180e+00 5.124503034262496648e+00 3.029132827334396705e+00 4.366549425394959272e+00 9.961823824905844393e-01 3.207499644322949095e+00 5.659805195952948509e+00 4.332881977267601492e+00 3.927714257465961811e-01 9.281382191788023484e-01 2.416583262295589396e+00 4.139465781200390104e+00
5.408707833950129995e+00 1.001457253558287075e+00 1.962828212703409125e+00 2.506968220030310501e+00 5.116148716040330946e+00 3.006649591890873552e+00 4.369210587001789214e+00 9.905510494267348864e-01 3.222413815698616624e+00 5.657443330748596289e+00 4.330077377460225918e+00 3.912015493379273345e-01 9.377231118809876698e-01 2.408228944073423694e+00 4.139465781200390104e+00
5.408707833950129995e+00 9.983368591212146148e-01 1.961406529220595329e+00 2.516401355899970049e+00 5.108050890043291048e+00 2.984960382630877262e+00 4.372205286127462287e+00 9.856102507207435970e-01 3.237591317615092112e+00 5.654786123935974906e+00 4.326956983023153569e+00 3.897798658551134277e-01 9.471562477506472177e-01 2.400131118076384240e+00 4.139465781200390104e+00
5.408707833950129995e+00 9.950254507937691395e-01 1.960199896846290368e+00 2.525621408348325936e+00 5.100204101982265037e+00 2.964128669703648633e+00 4.375561244811418504e+00 9.813829776400460059e-01 3.252994774344238227e+00 5.651856571882439617e+00 4.323645574695707872e+00 3.885732334808085775e-01 9.563763001990029933e-01 2.392284330015358229e+00 4.139465781200390104e+00
