1.000000000000000000e+00 1.000000000000000000e+00 1.000000000000000000e+00 1.000000000000000000e+00 1.000000000000000000e+00 1.000000000000000000e+00 1.000000000000000000e+00 1.000000000000000000e+00 1.000000000000000000e+00 1.000000000000000000e+00 1.000000000000000000e+00 1.000000000000000000e+00 1.000000000000000000e+00 1.000000000000000000e+00 1.000000000000000000e+00
8.529237172594357208e-01 9.419447365372383141e-01 8.643254721839221943e-01 8.631803951758456606e-01 9.401083461897201676e-01 9.373974303742220737e-01 8.878987239553841615e-01 1.073525712651909769e+00 9.106584377297505251e-01 9.027217744962667823e-01 9.419447365372383141e-01 8.643254721839221943e-01 8.631803951758456606e-01 9.401083461897201676e-01 8.529237172594354988e-01
7.950513144397117760e-01 9.410229254868934801e-01 8.064279906900584383e-01 7.847655597965477181e-01 9.625503712508646226e-01 8.527297979202370648e-01 8.102869009367622555e-01 1.174411491283186004e+00 8.670270717221316703e-01 7.867785201375695481e-01 9.410229254868935911e-01 8.064279906900584383e-01 7.847655597965476071e-01 9.625503712508646226e-01 8.016428383124071244e-01
7.947434409324086735e-01 9.547045452722283665e-01 8.131065230244504116e-01 7.513677718483843249e-01 1.016994700695318832e+00 8.010705640061357435e-01 7.784171779449806650e-01 1.248074295526457878e+00 8.678114004005260673e-01 7.189236918393270281e-01 9.547045452722284775e-01 8.131065230244504116e-01 7.513677718483842138e-01 1.016994700695318832e+00 8.097010799649921875e-01
7.844958731736361157e-01 9.402811378503314055e-01 8.226247499676484498e-01 7.141349518855982792e-01 1.048120316713374578e+00 7.719033526640860510e-01 7.426423990300534683e-01 1.278041666780000307e+00 8.705984555328857288e-01 6.853150290092488994e-01 9.402811378503315165e-01 8.226247499676484498e-01 7.141349518855980572e-01 1.048120316713374578e+00 8.053134123324714455e-01
7.842893686536284159e-01 9.263315286471601739e-01 8.438265068431181071e-01 6.870962715709296731e-01 1.079093717167865396e+00 7.518701503523800289e-01 7.137059425013672076e-01 1.293423351639542140e+00 8.773891799927808766e-01 6.714103705261159627e-01 9.263315286471602850e-01 8.438265068431179960e-01 6.870962715709294510e-01 1.079093717167865396e+00 8.083241670433950476e-01
7.849010270845113713e-01 9.090906465675513415e-01 8.672367766035442571e-01 6.624397769951823056e-01 1.104867520816807280e+00 7.374626587992650917e-01 6.856854500185348700e-01 1.296637474652949429e+00 8.811763861185066826e-01 6.693380099468309030e-01 9.090906465675514525e-01 8.672367766035441461e-01 6.624397769951820836e-01 1.104867520816807280e+00 8.095255433240243770e-01
7.885215016359650164e-01 8.929498326461730029e-01 8.930171873675989413e-01 6.415324363161647447e-01 1.129423155551949387e+00 7.256133164781600753e-01 6.602659402492828677e-01 1.293838954618690806e+00 8.820949943859287545e-01 6.743902405514057286e-01 8.929498326461731139e-01 8.930171873675988303e-01 6.415324363161645227e-01 1.129423155551949387e+00 8.116962335038120369e-01
7.932211801401475304e-01 8.772872019835359358e-01 9.191753991765750920e-01 6.225536072282430444e-01 1.152406324448129959e+00 7.153813760821662315e-01 6.364495420086559996e-01 1.286306426109641521e+00 8.790210161854126181e-01 6.839275675630096529e-01 8.772872019835360469e-01 9.191753991765749809e-01 6.225536072282428224e-01 1.152406324448129959e+00 8.133386497259855741e-01
7.989470162699832123e-01 8.626869161187477042e-01 9.453603874719385125e-01 6.054075570929239314e-01 1.174756282878548719e+00 7.059794984018875619e-01 6.142842592730426432e-01 1.275705724411840158e+00 8.720857501321648275e-01 6.962105932829104615e-01 8.626869161187478152e-01 9.453603874719384015e-01 6.054075570929238204e-01 1.174756282878548941e+00 8.148893762940803143e-01
8.050954454617333944e-01 8.488789372264485822e-01 9.709890818935754675e-01 5.896316851263490033e-01 1.196691045351461202e+00 6.971026607505080852e-01 5.933407255357283638e-01 1.262822103540806706e+00 8.613288398376047761e-01 7.100884683561571320e-01 8.488789372264485822e-01 9.709890818935753565e-01 5.896316851263488923e-01 1.196691045351461424e+00 8.161540970194148814e-01
8.114114495580009301e-01 8.357206717682940100e-01 9.957582583421803468e-01 5.751580013973547345e-01 1.218563517881724900e+00 6.885616125400557674e-01 5.733170240347341684e-01 1.248410224266331747e+00 8.470554098352471861e-01 7.247506947991323445e-01 8.357206717682940100e-01 9.957582583421802358e-01 5.751580013973545125e-01 1.218563517881725122e+00 8.172471923515026715e-01
8.176188300825493194e-01 8.228998184836432417e-01 1.019324682628720780e+00 5.619542603532705627e-01 1.240569766307540567e+00 6.803311436054648720e-01 5.538532248040347605e-01 1.233041932434288279e+00 8.296155950615433650e-01 7.396363068130766827e-01 8.228998184836432417e-01 1.019324682628720558e+00 5.619542603532702296e-01 1.240569766307540567e+00 8.181933858089205369e-01
8.235528973679249187e-01 8.100976349936972465e-01 1.041357911859721375e+00 5.501160700536656956e-01 1.262884126792206629e+00 6.724846667749038165e-01 5.346448061254970296e-01 1.217240119719915636e+00 8.094435147974088363e-01 7.543646493527239594e-01 8.100976349936972465e-01 1.041357911859721153e+00 5.501160700536653625e-01 1.262884126792206629e+00 8.190683666047071654e-01
8.291076452507899486e-01 7.969611354216740162e-01 1.061479286270737177e+00 5.397912136967322194e-01 1.285630085925973720e+00 6.651964840130475398e-01 5.154333485157336359e-01 1.201458054970536704e+00 7.870172678115301412e-01 7.686956396516545498e-01 7.969611354216739052e-01 1.061479286270736955e+00 5.397912136967318864e-01 1.285630085925973720e+00 8.199468908421020386e-01
8.342543234104599081e-01 7.831422526745054347e-01 1.079262773366731709e+00 5.311760866411880944e-01 1.308915027485249460e+00 6.587259258956068564e-01 4.960301998606709284e-01 1.186085848684962585e+00 7.628594462731675963e-01 7.824919269835872715e-01 7.831422526745053236e-01 1.079262773366731709e+00 5.311760866411877613e-01 1.308915027485249460e+00 8.209325007636617544e-01
8.390288800201505248e-01 7.683079005775916848e-01 1.094224619318909353e+00 5.244908940615206072e-01 1.332842583912688061e+00 6.534096655033098111e-01 4.763163027888579482e-01 1.171430064633036006e+00 7.375320605537966090e-01 7.956811986060932096e-01 7.683079005775916848e-01 1.094224619318909131e+00 5.244908940615202741e-01 1.332842583912688061e+00 8.221577372998728483e-01
8.435234492051483235e-01 7.521583502122168863e-01 1.105828660505975947e+00 5.199659733300765474e-01 1.357532787628032755e+00 6.496480383843671325e-01 4.562420062641373009e-01 1.157695389830744048e+00 7.116458401356420271e-01 8.082116230279947633e-01 7.521583502122168863e-01 1.105828660505975725e+00 5.199659733300763254e-01 1.357532787628032755e+00 8.237894781155133961e-01
8.478668886463833765e-01 7.344423708585791077e-01 1.113501285367516136e+00 5.178205248888885226e-01 1.383134445508690247e+00 6.478862442823460910e-01 4.358215917029516495e-01 1.144967087038251119e+00 6.858807729269785769e-01 8.200005168609694195e-01 7.344423708585791077e-01 1.113501285367515914e+00 5.178205248888884116e-01 1.383134445508690247e+00 8.260180447033278472e-01
8.522005903122379378e-01 7.149795378098086074e-01 1.116668947069677342e+00 5.182313656740150654e-01 1.409829151924908652e+00 6.485830781938081158e-01 4.151274919294232757e-01 1.133203862876715373e+00 6.610209567940549258e-01 8.308784125294619294e-01 7.149795378098087184e-01 1.116668947069677342e+00 5.182313656740148433e-01 1.409829151924908652e+00 8.290291970674030786e-01
