1.000000000000000000e+00 1.000000000000000000e+00 1.000000000000000000e+00 1.000000000000000000e+00 1.000000000000000000e+00 1.000000000000000000e+00 1.000000000000000000e+00 1.000000000000000000e+00 1.000000000000000000e+00 1.000000000000000000e+00 1.000000000000000000e+00 1.000000000000000000e+00 1.000000000000000000e+00 1.000000000000000000e+00 1.000000000000000000e+00
9.346327632264158636e-01 9.606400954932915459e-01 9.402701097012161613e-01 9.391250326931396275e-01 9.588037051457732884e-01 9.845048121376520633e-01 9.456749634806261851e-01 1.025344087590113862e+00 9.684346772549926596e-01 9.498291562596967719e-01 9.606400954932915459e-01 9.402701097012161613e-01 9.391250326931395165e-01 9.588037051457733995e-01 9.346327632264157526e-01
8.804309671662563508e-01 9.253706775347713132e-01 8.912198499263532803e-01 8.842977153040922911e-01 9.296869871682975628e-01 9.537006018378091365e-01 8.834335687193077824e-01 1.057953590746534056e+00 9.435203080584501079e-01 8.843671343561805287e-01 9.253706775347713132e-01 8.912198499263532803e-01 8.842977153040921801e-01 9.296869871682975628e-01 8.838900314110472722e-01
8.467421307933055141e-01 9.036475344869548953e-01 8.680848587790301885e-01 8.420028757845967604e-01 9.253329635343238158e-01 9.172928411990719511e-01 8.311868895313279104e-01 1.096826587100149908e+00 9.282762934371109331e-01 8.183345577196085019e-01 9.036475344869548953e-01 8.680848587790300774e-01 8.420028757845966494e-01 9.253329635343238158e-01 8.576032585569066669e-01
8.284357095969633322e-01 8.925094959607116074e-01 8.665875966829251764e-01 8.095369669134581114e-01 9.389506204715591942e-01 8.825040004038845476e-01 7.894986409227064961e-01 1.136716178958862900e+00 9.224973241296655635e-01 7.610097318293544966e-01 8.925094959607116074e-01 8.665875966829250654e-01 8.095369669134580004e-01 9.389506204715593052e-01 8.493974074729834234e-01
8.174192232632885302e-01 8.851995677923765182e-01 8.770918099676278112e-01 7.814210893654530699e-01 9.604298925328018655e-01 8.499497043409269814e-01 7.519843028599478840e-01 1.172666954009230045e+00 9.233515410324957262e-01 7.135805878353556064e-01 8.851995677923765182e-01 8.770918099676277002e-01 7.814210893654529588e-01 9.604298925328019765e-01 8.497229048031540444e-01
8.095425142176434496e-01 8.788548639651596606e-01 8.939876875993980621e-01 7.545669275638636764e-01 9.845660730425046525e-01 8.188215607661457618e-01 7.155113833602766427e-01 1.202420621060592998e+00 9.281644289815005333e-01 6.756956705597659818e-01 8.788548639651596606e-01 8.939876875993979510e-01 7.545669275638635654e-01 9.845660730425047635e-01 8.531864820784753611e-01
8.033692669225728222e-01 8.731376009655765769e-01 9.145221964519542057e-01 7.278153964957519984e-01 1.009123250777578695e+00 7.886755124400497419e-01 6.798398199832175193e-01 1.225337624519512669e+00 9.348626035749393326e-01 6.470147874276028777e-01 8.731376009655765769e-01 9.145221964519540947e-01 7.278153964957518873e-01 1.009123250777578695e+00 8.572324776929608481e-01
7.985585708903237823e-01 8.684770068965560474e-01 9.372434544079237817e-01 7.008455630202470310e-01 1.033056834776447719e+00 7.595056648430249524e-01 6.459780794722205233e-01 1.241393162748238410e+00 9.418189690372464895e-01 6.270750637338431410e-01 8.684770068965560474e-01 9.372434544079236707e-01 7.008455630202468090e-01 1.033056834776447719e+00 8.605713948357499588e-01
7.950819484353682798e-01 8.653337706557264752e-01 9.613274872529341541e-01 6.736013109103552443e-01 1.055819396874829952e+00 7.315406974479674584e-01 6.151432797076741288e-01 1.250747036049926653e+00 9.477706939050679624e-01 6.151430903628211100e-01 8.653337706557264752e-01 9.613274872529340431e-01 6.736013109103550223e-01 1.055819396874829952e+00 8.625070242219485817e-01
7.929221497019446341e-01 8.640194817779629499e-01 9.863178461176749234e-01 6.460726035417313495e-01 1.077155167516969714e+00 7.050243085578364877e-01 5.882270073075430705e-01 1.253636062912488081e+00 9.518196860028071971e-01 6.101917173428569319e-01 8.640194817779629499e-01 9.863178461176748124e-01 6.460726035417311275e-01 1.077155167516969714e+00 8.627087621164084563e-01
7.919789088008482025e-01 8.647090170473241688e-01 1.011995370949868134e+00 6.182376343253577211e-01 1.097034156881279587e+00 6.800670564327276901e-01 5.656145462977129057e-01 1.250369675158952809e+00 9.534307867278177806e-01 6.109706177299045748e-01 8.647090170473241688e-01 1.011995370949868134e+00 6.182376343253576101e-01 1.097034156881279587e+00 8.611132759981376950e-01
7.920536274707443702e-01 8.674788561463592229e-01 1.038275496730449055e+00 5.900681261225527718e-01 1.115597179993202515e+00 6.565998461216498994e-01 5.472252263428601937e-01 1.241328463343230659e+00 9.523841651223070581e-01 6.161212713456228895e-01 8.674788561463592229e-01 1.038275496730449055e+00 5.900681261225526608e-01 1.115597179993202515e+00 8.578409189557205661e-01
7.928615495643729361e-01 8.723209442509521905e-01 1.065114702901001298e+00 5.615585518565781031e-01 1.133092103950524399e+00 6.344048273880540378e-01 5.326499538003925949e-01 1.226952523213828528e+00 9.486943909642928663e-01 6.242882399860850695e-01 8.723209442509521905e-01 1.065114702901001298e+00 5.615585518565779921e-01 1.133092103950524399e+00 8.531155263225840280e-01
7.940528870674667949e-01 8.791338252333285030e-01 1.092435784338464888e+00 5.327611601354378390e-01 1.149813532727294918e+00 6.131782477124605446e-01 5.212971618448276612e-01 1.207736768108316205e+00 9.425284967068201514e-01 6.342013243151334301e-01 8.791338252333285030e-01 1.092435784338464888e+00 5.327611601354377280e-01 1.149813532727294918e+00 8.472015000201418289e-01
7.952381125989961275e-01 8.877073011734838426e-01 1.120083189877222773e+00 5.038133647767168988e-01 1.166054424948466117e+00 5.925911901293655637e-01 5.125068899626622487e-01 1.184242946658185858e+00 9.341441021968347469e-01 6.447284363336692747e-01 8.877073011734838426e-01 1.120083189877222773e+00 5.038133647767167878e-01 1.166054424948466117e+00 8.403634902794555606e-01
7.960179060423429043e-01 8.977162081412231043e-01 1.147813349813374462e+00 4.749458791368255106e-01 1.182069340041185912e+00 5.723344382973060140e-01 5.056286955064944744e-01 1.157120961833549622e+00 9.238512164209503608e-01 6.549108309947501150e-01 8.977162081412231043e-01 1.147813349813374462e+00 4.749458791368254551e-01 1.182069340041185912e+00 8.328431051725146972e-01
7.960182387429842743e-01 9.087337427928904310e-01 1.175317557183168438e+00 4.464643723691910648e-01 1.198046844158278113e+00 5.521471809131074382e-01 5.000740668096551600e-01 1.127121256319692844e+00 9.119910388450196415e-01 6.639901583093120729e-01 9.087337427928904310e-01 1.175317557183168438e+00 4.464643723691910093e-01 1.198046844158278113e+00 8.248444564753081298e-01
7.949275571501678295e-01 9.202672550509565230e-01 1.202267301429235991e+00 4.187060817651074296e-01 1.214091919525714935e+00 5.318336147209599130e-01 4.953533672011029565e-01 1.095080547951977845e+00 8.989224239748039302e-01 6.714282115595329170e-01 9.202672550509565230e-01 1.202267301429235991e+00 4.187060817651073741e-01 1.214091919525714935e+00 8.165242622705387587e-01
7.925289104710143695e-01 9.318104335498655910e-01 1.228365840788219865e+00 3.919837989279943424e-01 1.230222473438947306e+00 5.112703847695166948e-01 4.911002156366848781e-01 1.061874615833040991e+00 8.850084184748452376e-01 6.769132823994222781e-01 9.318104335498655910e-01 1.228365840788219865e+00 3.919837989279942869e-01 1.230222473438947306e+00 8.079874876972540365e-01
