1.000000000000000000e+00 1.000000000000000000e+00 1.000000000000000000e+00 1.000000000000000000e+00 1.000000000000000000e+00 1.000000000000000000e+00 1.000000000000000000e+00 1.000000000000000000e+00 1.000000000000000000e+00 1.000000000000000000e+00 1.000000000000000000e+00 1.000000000000000000e+00 1.000000000000000000e+00 1.000000000000000000e+00 1.000000000000000000e+00
1.120929388031130625e+00 1.003265513913092821e+00 1.113423883240646228e+00 1.112278806232569695e+00 1.001429123565574786e+00 1.091909642558272386e+00 1.077404789598178203e+00 9.154899824492194194e-01 1.100164503372544678e+00 1.057233986680317095e+00 1.003265513913092821e+00 1.113423883240646228e+00 1.112278806232569695e+00 1.001429123565574564e+00 1.120929388031130847e+00
1.203207616903140931e+00 1.018201514756731374e+00 1.182124610091075390e+00 1.172233796268036699e+00 1.019436770591087393e+00 1.154731374069849048e+00 1.145951033994590862e+00 8.565422463985365997e-01 1.147019191974776087e+00 1.101011965532363801e+00 1.018201514756731374e+00 1.182124610091075390e+00 1.172233796268036699e+00 1.019436770591087171e+00 1.196800319644275579e+00
1.227478755001788713e+00 1.024071880292930281e+00 1.199020813803158614e+00 1.167337765580481967e+00 1.037349757500823477e+00 1.183120712998061652e+00 1.181529764655482762e+00 8.308606458955285490e-01 1.139942127360368263e+00 1.117847958025684152e+00 1.024071880292930281e+00 1.199020813803158614e+00 1.167337765580481967e+00 1.037349757500823255e+00 1.214159717364102109e+00
1.236805561112441110e+00 1.026992186015506459e+00 1.203014239995352508e+00 1.146073726535990822e+00 1.052273183929784306e+00 1.201761401321711942e+00 1.207636204159411752e+00 8.130342301163999696e-01 1.118579762128182331e+00 1.128551091347811397e+00 1.026992186015506459e+00 1.203014239995352508e+00 1.146073726535990822e+00 1.052273183929784084e+00 1.215846718034355955e+00
1.244356130186510700e+00 1.029830290754058852e+00 1.205965498473235753e+00 1.122088562159016645e+00 1.066513955147531334e+00 1.218772244615932365e+00 1.232189465858116728e+00 7.952620188835266557e-01 1.094091923389427956e+00 1.138651757923544228e+00 1.029830290754058852e+00 1.205965498473235753e+00 1.122088562159016645e+00 1.066513955147531112e+00 1.215576736464396568e+00
1.251731644522813935e+00 1.032814155595108474e+00 1.209591104869227385e+00 1.097287574994590509e+00 1.080651784755457978e+00 1.235647587522002766e+00 1.255971188409864103e+00 7.764833431919740958e-01 1.068300144431404197e+00 1.148440416878266257e+00 1.032814155595108696e+00 1.209591104869227163e+00 1.097287574994590509e+00 1.080651784755457756e+00 1.215430321160124949e+00
1.258977409652184631e+00 1.035892518893373415e+00 1.214065047277398168e+00 1.072035449888579572e+00 1.094852923243972320e+00 1.252745627743536483e+00 1.278860814551699310e+00 7.566328950815720544e-01 1.041624645011545169e+00 1.157707119994603850e+00 1.035892518893373637e+00 1.214065047277397946e+00 1.072035449888579572e+00 1.094852923243972098e+00 1.215713690008127568e+00
1.265968578242917086e+00 1.039019347274498184e+00 1.219327063960936153e+00 1.046537585654346847e+00 1.109192740890030171e+00 1.270202455115464701e+00 1.300676149552582261e+00 7.358103881310580352e-01 1.014260057166292306e+00 1.166261449941319750e+00 1.039019347274498406e+00 1.219327063960935931e+00 1.046537585654346847e+00 1.109192740890029949e+00 1.216454005120103155e+00
1.272571077301082099e+00 1.042168249157339854e+00 1.225277426267239678e+00 1.020999239525097746e+00 1.123718704610881414e+00 1.288088944148907178e+00 1.321260819807942299e+00 7.141630381682656514e-01 9.863520580520113157e-01 1.173956958477859303e+00 1.042168249157340076e+00 1.225277426267239456e+00 1.020999239525097746e+00 1.123718704610881192e+00 1.217613941710312231e+00
1.278656022772098000e+00 1.045326603474201033e+00 1.231810257648167317e+00 9.956340374259524673e-01 1.138464569950752736e+00 1.306442332754805591e+00 1.340490701679955432e+00 6.918590281192213975e-01 9.580275740123536110e-01 1.180680906542900255e+00 1.045326603474201255e+00 1.231810257648167095e+00 9.956340374259524673e-01 1.138464569950752514e+00 1.219124802247606221e+00
1.284100924970715374e+00 1.048492266951506657e+00 1.238820728671358617e+00 9.706568206360064455e-01 1.153453581314955567e+00 1.325273769628412923e+00 1.358275263405380962e+00 6.690715914190468183e-01 9.294010147562288271e-01 1.186349517493773931e+00 1.048492266951506879e+00 1.238820728671358395e+00 9.706568206360064455e-01 1.153453581314955345e+00 1.220892868750687921e+00
1.288791398500581664e+00 1.051672590935274876e+00 1.246207237339792551e+00 9.462766780825567769e-01 1.168698983566896610e+00 1.344571010009398382e+00 1.374558661490518308e+00 6.459652422688898499e-01 9.005761527132920552e-01 1.190906981000503295e+00 1.051672590935275098e+00 1.246207237339792329e+00 9.462766780825567769e-01 1.168698983566896388e+00 1.222802169680415441e+00
1.292623385691657578e+00 1.054884420821620594e+00 1.253872788573609398e+00 9.226916531277344902e-01 1.184204217247942559e+00 1.364300758735715879e+00 1.389319240861654592e+00 6.226848837747499532e-01 8.716474526068894724e-01 1.194325305314457353e+00 1.054884420821620816e+00 1.253872788573609176e+00 9.226916531277344902e-01 1.184204217247942337e+00 1.224717557531277201e+00
1.295505057032185992e+00 1.058154374875700743e+00 1.261726696552311511e+00 9.000850567324429896e-01 1.199963482537033777e+00 1.384411613021944820e+00 1.402566892441725166e+00 5.993490237964466116e-01 8.427016277844316949e-01 1.196603788239892330e+00 1.058154374875700965e+00 1.261726696552311289e+00 9.000850567324429896e-01 1.199963482537033554e+00 1.226488661923284207e+00
1.297357978878106000e+00 1.061519132843361746e+00 1.269686831056204390e+00 8.786231345606703158e-01 1.215962728143713534e+00 1.404837417802244026e+00 1.414338690488256001e+00 5.760475053312156257e-01 8.138194014764454920e-01 1.197767889473575931e+00 1.061519132843361968e+00 1.269686831056204168e+00 8.786231345606703158e-01 1.215962728143713312e+00 1.227954533527833014e+00
1.298117497616008365e+00 1.065025675189539056e+00 1.277682240589083085e+00 8.584537777188852026e-01 1.232180897046542212e+00 1.425500513430587368e+00 1.424693701288398229e+00 5.528432779769542060e-01 7.850772313274049230e-01 1.197867690975928934e+00 1.065025675189539278e+00 1.277682240589082863e+00 8.584537777188852026e-01 1.232180897046541990e+00 1.228948637596834370e+00
1.297732474500754574e+00 1.068731475293708266e+00 1.285655829117082316e+00 8.397059641230060212e-01 1.248591233234621400e+00 1.446314381048280362e+00 1.433707893455062443e+00 5.297771461445807128e-01 7.565487699830538704e-01 1.196976180122534705e+00 1.068731475293708488e+00 1.285655829117082316e+00 8.397059641230060212e-01 1.248591233234621178e+00 1.229303906800206514e+00
1.296164554826777060e+00 1.072704613882004887e+00 1.293566744206541719e+00 8.224896696234239579e-01 1.265162514747680822e+00 1.467185359132591627e+00 1.441469856833549334e+00 5.068742093112899028e-01 7.283059526163345732e-01 1.195187469090217780e+00 1.072704613882005109e+00 1.293566744206541719e+00 8.224896696234239579e-01 1.265162514747680600e+00 1.228857681644552891e+00
1.293387125809604132e+00 1.077023697358899579e+00 1.301392183938576252e+00 8.068960684336691225e-01 1.281860162306911022e+00 1.488013288803750056e+00 1.448077717249104834e+00 4.841507973302514034e-01 7.004197453514192651e-01 1.192614897605631663e+00 1.077023697358899801e+00 1.301392183938576252e+00 8.068960684336691225e-01 1.281860162306910800e+00 1.227456473744589660e+00
