1.000000000000000000e+00 1.000000000000000000e+00 1.000000000000000000e+00 1.000000000000000000e+00 1.000000000000000000e+00 1.000000000000000000e+00 1.000000000000000000e+00 1.000000000000000000e+00 1.000000000000000000e+00 1.000000000000000000e+00 1.000000000000000000e+00 1.000000000000000000e+00 1.000000000000000000e+00 1.000000000000000000e+00 1.000000000000000000e+00
1.150344644579243569e+00 1.009995843137271976e+00 1.140763952746872034e+00 1.139618875738795500e+00 1.008159452789753940e+00 1.108868299993107209e+00 1.098204235827265451e+00 8.981445974269729460e-01 1.120963949601631926e+00 1.074192644115151918e+00 1.009995843137271976e+00 1.140763952746872256e+00 1.139618875738795500e+00 1.008159452789753718e+00 1.150344644579243569e+00
1.227572826964077546e+00 1.027235887603294762e+00 1.203926285406557328e+00 1.189662654707556833e+00 1.031834495414791109e+00 1.165465014327786486e+00 1.167374042646910581e+00 8.436254201099142591e-01 1.156971095339970113e+00 1.116007542926376495e+00 1.027235887603294762e+00 1.203926285406557550e+00 1.189662654707556833e+00 1.031834495414790887e+00 1.219964408969895997e+00
1.232240893772760693e+00 1.028153568690526098e+00 1.204162550335107662e+00 1.164859589857309308e+00 1.046136734036502647e+00 1.182012196349054411e+00 1.191669473773017573e+00 8.294049458300977173e-01 1.132669668119399731e+00 1.124504484239972291e+00 1.028153568690526098e+00 1.204162550335107884e+00 1.164859589857309308e+00 1.046136734036502425e+00 1.217243617602744576e+00
1.239461071704263118e+00 1.030260932868820145e+00 1.206760616260202257e+00 1.141382084756961346e+00 1.060312857644429840e+00 1.198657879689027483e+00 1.217440056918409175e+00 8.129330961342908779e-01 1.107930067407950858e+00 1.134714647906000407e+00 1.030260932868820145e+00 1.206760616260202257e+00 1.141382084756961346e+00 1.060312857644429618e+00 1.216392801881177377e+00
1.246678178384690971e+00 1.032602931266998869e+00 1.210234775937879093e+00 1.117095307743160681e+00 1.074406436505506157e+00 1.215202103332290395e+00 1.242653416031202829e+00 7.953052925404898721e-01 1.081908615039012256e+00 1.144733753176794488e+00 1.032602931266998869e+00 1.210234775937878871e+00 1.117095307743160681e+00 1.074406436505505935e+00 1.215780872057045547e+00
1.253804863505169287e+00 1.035073389693595747e+00 1.214688951468409828e+00 1.092221385560384173e+00 1.088599659879892378e+00 1.232009342736300805e+00 1.267071453716490659e+00 7.764840624749025366e-01 1.054990187340819618e+00 1.154237663277290382e+00 1.035073389693595747e+00 1.214688951468409606e+00 1.092221385560384173e+00 1.088599659879892378e+00 1.215641460167097954e+00
1.260676829764864282e+00 1.037615139119353991e+00 1.220011676439795023e+00 1.066919368158890657e+00 1.102954951986871324e+00 1.249197029536431636e+00 1.290474441497476699e+00 7.565663480891516857e-01 1.027340831883101213e+00 1.163019436613610402e+00 1.037615139119353991e+00 1.220011676439794801e+00 1.066919368158890657e+00 1.102954951986871324e+00 1.215960181806767793e+00
1.267162547753351021e+00 1.040203149693403661e+00 1.226085344543002664e+00 1.041397144868050795e+00 1.117513104498942811e+00 1.266837551680403129e+00 1.312692453206552923e+00 7.356824070746740274e-01 9.991068030954541879e-01 1.170935857682210646e+00 1.040203149693403661e+00 1.226085344543002442e+00 1.041397144868050795e+00 1.117513104498942811e+00 1.216699207296655816e+00
1.273133759398789699e+00 1.042825821967690025e+00 1.232789702248702879e+00 1.015877813103808203e+00 1.132304396000002988e+00 1.284974847222982941e+00 1.333581957021687137e+00 7.139935116292119854e-01 9.704203034276556172e-01 1.177872387423702927e+00 1.042825821967690025e+00 1.232789702248702657e+00 1.015877813103808203e+00 1.132304396000002988e+00 1.217793417506501941e+00
1.278464989963949083e+00 1.045481078035563671e+00 1.240007421454228931e+00 9.905895904994141965e-01 1.147350623639516565e+00 1.303628827373260135e+00 1.353028269403521389e+00 6.916775220651978362e-01 9.414030010730313203e-01 1.183739373441196729e+00 1.045481078035563671e+00 1.240007421454228709e+00 9.905895904994141965e-01 1.147350623639516565e+00 1.219153327426496736e+00
1.283036487141023807e+00 1.048175799991614809e+00 1.247625534716704232e+00 9.657578176264813852e-01 1.162664195697761915e+00 1.322795220902760027e+00 1.370950302509476693e+00 6.689135258695797503e-01 9.121659910559654083e-01 1.188474018992392578e+00 1.048175799991614809e+00 1.247625534716704010e+00 9.657578176264813852e-01 1.162664195697761915e+00 1.220666222153220293e+00
1.286737972604441671e+00 1.050926184045466893e+00 1.255536455452552769e+00 9.415986602068238120e-01 1.178247422196037508e+00 1.342446311183887575e+00 1.387303385736344152e+00 6.458678734951556200e-01 8.828100797875524375e-01 1.192042452810113007e+00 1.050926184045466893e+00 1.255536455452552547e+00 9.415986602068238120e-01 1.178247422196037508e+00 1.222198606301876822e+00
1.289471734799151337e+00 1.053758168268874806e+00 1.263639443446362698e+00 9.183142709521974201e-01 1.194092663379735519e+00 1.362533349906496216e+00 1.402078867679990459e+00 6.226838617713393864e-01 8.534269012588403536e-01 1.194440359647090055e+00 1.053758168268874806e+00 1.263639443446362476e+00 9.183142709521974201e-01 1.194092663379735519e+00 1.223600062051841242e+00
1.291154596234143082e+00 1.056707701984193948e+00 1.271842730084913331e+00 8.960893957859903391e-01 1.210183270486077323e+00 1.382990166415984490e+00 1.415300847451086197e+00 5.994761735620415255e-01 8.241006503405901018e-01 1.195692176626406589e+00 1.056707701984194170e+00 1.271842730084913109e+00 8.960893957859903391e-01 1.210183270486077545e+00 1.224708151029404446e+00
1.291718735997167578e+00 1.059820841391917678e+00 1.280066135592536902e+00 8.750892785553734399e-01 1.226495015593015658e+00 1.403737125776529648e+00 1.427021089675330145e+00 5.763300607466699255e-01 7.949100005472035102e-01 1.195849325927335727e+00 1.059820841391917901e+00 1.280066135592536680e+00 8.750892785553734399e-01 1.226495015593016102e+00 1.225353863111686037e+00
1.291111566910265740e+00 1.063153712478021262e+00 1.288243840805273877e+00 8.554586080933301862e-01 1.242997699159407166e+00 1.424684660845784157e+00 1.437313331152844098e+00 5.533043999018015802e-01 7.659298256670998839e-01 1.194987966759580855e+00 1.063153712478021484e+00 1.288243840805273654e+00 8.554586080933301862e-01 1.242997699159407832e+00 1.225367187912227651e+00
1.289294927990334072e+00 1.066772351015451203e+00 1.296326944920767721e+00 8.373212240859099209e-01 1.259656716344673244e+00 1.445735852543800215e+00 1.446267985256284305e+00 5.304373082803455208e-01 7.372325170366430536e-01 1.193206563555760269e+00 1.066772351015451425e+00 1.296326944920767499e+00 8.373212240859099209e-01 1.259656716344673910e+00 1.224582532416465197e+00
1.286243818242424064e+00 1.070752349026115269e+00 1.304285487639215813e+00 8.207803385496266202e-01 1.276434479678721923e+00 1.466787801986979112e+00 1.453987882522270514e+00 5.077529634464899022e-01 7.088888872988075018e-01 1.190623333742905743e+00 1.070752349026115491e+00 1.304285487639215813e+00 8.207803385496266202e-01 1.276434479678722589e+00 1.222843848959181523e+00
1.281944826978119290e+00 1.075178133652741730e+00 1.312109687492189369e+00 8.059190956688877527e-01 1.293291692232642287e+00 1.487731744846664927e+00 1.460585308128599547e+00 4.852684980360472689e-01 6.809688156354422039e-01 1.187373447507572566e+00 1.075178133652741952e+00 1.312109687492189591e+00 8.059190956688877527e-01 1.293291692232642953e+00 1.220009423893138489e+00
