1.000000000000000000e+00 1.000000000000000000e+00 1.000000000000000000e+00 1.000000000000000000e+00 1.000000000000000000e+00 1.000000000000000000e+00 1.000000000000000000e+00 1.000000000000000000e+00 1.000000000000000000e+00 1.000000000000000000e+00 1.000000000000000000e+00 1.000000000000000000e+00 1.000000000000000000e+00 1.000000000000000000e+00 1.000000000000000000e+00
1.147076282740564279e+00 1.009248028779029971e+00 1.137726167246180253e+00 1.136581090238103720e+00 1.007411638431511713e+00 1.106984004722570081e+00 1.095893186246255757e+00 9.000718624294448134e-01 1.118652900020622232e+00 1.072308348844614789e+00 1.009248028779029971e+00 1.137726167246180475e+00 1.136581090238103720e+00 1.007411638431511713e+00 1.147076282740564501e+00
1.225555498661416109e+00 1.026478239302019535e+00 1.202105076517482329e+00 1.188330712565165204e+00 1.030712079363406364e+00 1.164629405616384838e+00 1.165507055096604905e+00 8.447030727219205781e-01 1.156305380146009698e+00 1.114686191498351686e+00 1.026478239302019535e+00 1.202105076517482773e+00 1.188330712565165204e+00 1.030712079363406364e+00 1.218069495675272451e+00
1.232205350315508596e+00 1.027930909404726645e+00 1.204036546787889295e+00 1.165448024935315408e+00 1.045490841198070786e+00 1.182317472479573084e+00 1.190979061148357498e+00 8.293593137314231312e-01 1.133646109867836094e+00 1.123979293007614899e+00 1.027930909404726645e+00 1.204036546787889739e+00 1.165448024935315408e+00 1.045490841198070786e+00 1.217385274805025119e+00
1.239254479194102476e+00 1.030020522628605217e+00 1.206443791089944373e+00 1.141812184624358961e+00 1.059660276724332828e+00 1.198933592132644721e+00 1.216558501932277325e+00 8.129764304014972520e-01 1.108922519372084858e+00 1.134086935451802614e+00 1.030020522628605217e+00 1.206443791089944817e+00 1.141812184624359183e+00 1.059660276724332828e+00 1.216392775778906588e+00
1.246489547131319098e+00 1.032399441219152614e+00 1.209856228180670401e+00 1.117536399530351554e+00 1.073758308089625135e+00 1.215498490222943095e+00 1.241713925243790984e+00 7.953514373110945890e-01 1.083010431836046505e+00 1.144119549993726226e+00 1.032399441219152614e+00 1.209856228180670845e+00 1.117536399530351998e+00 1.073758308089625135e+00 1.215788401666958007e+00
1.253641253750983564e+00 1.034911734514029735e+00 1.214235718726930369e+00 1.092667774640100120e+00 1.087941263903823286e+00 1.232300200916499611e+00 1.266085935355606873e+00 7.765398012395210436e-01 1.056177014055893260e+00 1.153660274413942144e+00 1.034911734514029957e+00 1.214235718726930813e+00 1.092667774640100564e+00 1.087941263903823286e+00 1.215641593162185563e+00
1.260552047101849649e+00 1.037497827020441798e+00 1.219486851034231600e+00 1.067371951207263026e+00 1.102279740412544617e+00 1.249472309625808686e+00 1.289455370522174293e+00 7.566308128530998545e-01 1.028603086172283465e+00 1.162495437874450088e+00 1.037497827020442021e+00 1.219486851034232044e+00 1.067371951207263470e+00 1.102279740412544617e+00 1.215955697878304376e+00
1.267087530347587920e+00 1.040130294401333977e+00 1.225493378148718282e+00 1.041853214892038970e+00 1.116816645560606336e+00 1.267090312240406691e+00 1.311649100862248174e+00 7.357542170597538567e-01 1.000436088257644407e+00 1.170476627065607955e+00 1.040130294401334199e+00 1.225493378148718726e+00 1.041853214892039414e+00 1.116816645560606558e+00 1.216694541291423404e+00
1.273118942602826875e+00 1.042796376176853279e+00 1.232136297216822829e+00 1.016333141820827013e+00 1.131583505430579839e+00 1.285200014508481869e+00 1.332522547673964830e+00 7.140702369106839420e-01 9.718089377470641166e-01 1.177486877783364472e+00 1.042796376176853501e+00 1.232136297216823273e+00 1.016333141820827457e+00 1.131583505430580061e+00 1.217794971948495730e+00
1.278520641856740747e+00 1.045493156977968630e+00 1.239299071461598789e+00 9.910389195000911533e-01 1.146603059688803272e+00 1.303822678125961421e+00 1.351960294789595896e+00 6.917559315453596369e-01 9.428436064328178379e-01 1.183434761127181378e+00 1.045493156977968852e+00 1.239299071461599455e+00 9.910389195000914864e-01 1.146603059688803494e+00 1.219169204485899938e+00
1.283172662847954948e+00 1.048226732420029395e+00 1.246869343615303105e+00 9.661951979500084109e-01 1.161888652230684382e+00 1.322955376957585250e+00 1.369880394957858627e+00 6.689899420598804936e-01 9.136514581261475643e-01 1.188255693601294238e+00 1.048226732420029617e+00 1.246869343615303993e+00 9.661951979500087440e-01 1.161888652230684604e+00 1.220706137085282972e+00
1.286964298989677458e+00 1.051012479668612665e+00 1.254739974266266822e+00 9.420177115208171470e-01 1.177443568243423222e+00 1.342571795257575751e+00 1.386237085205172193e+00 6.459385547423365237e-01 8.843335971964243480e-01 1.191913824374836617e+00 1.051012479668612887e+00 1.254739974266267710e+00 9.420177115208174801e-01 1.177443568243423222e+00 1.222273736787302001e+00
1.289797165394726219e+00 1.053875481341580045e+00 1.262810466688842004e+00 9.187084112188157459e-01 1.193261148239629810e+00 1.362624571741128721e+00 1.401020440047378912e+00 6.227453112575408456e-01 8.549819671604567128e-01 1.194402679716683569e+00 1.053875481341580267e+00 1.262810466688842892e+00 9.187084112188160789e-01 1.193261148239629810e+00 1.223722800367107677e+00
1.291587196158929807e+00 1.056850818171538586e+00 1.270989043179772571e+00 8.964520513216709396e-01 1.209325676859472010e+00 1.383048821428142894e+00 1.414253194594197849e+00 5.995253220861653798e-01 8.256810523784720024e-01 1.195744433886041680e+00 1.056850818171538808e+00 1.270989043179773459e+00 8.964520513216713837e-01 1.209325676859472010e+00 1.224891768264093184e+00
1.292265519398648754e+00 1.059983694716054803e+00 1.279195231310497061e+00 8.754140742574855194e-01 1.225613768653912583e+00 1.403766035260293199e+00 1.425985737745789406e+00 5.763643157156588259e-01 7.965097789311595955e-01 1.195988223028287445e+00 1.059983694716054803e+00 1.279195231310497949e+00 8.754140742574859635e-01 1.225613768653912583e+00 1.225612110965244694e+00
1.291778391278588289e+00 1.063329433878525743e+00 1.287362631180746453e+00 8.557395347688466769e-01 1.242095945503593590e+00 1.424687593840793909e+00 1.436290464452802507e+00 5.533215867849671232e-01 7.675432388249147087e-01 1.195207969872560394e+00 1.063329433878525965e+00 1.287362631180747341e+00 8.557395347688470100e-01 1.242095945503593590e+00 1.225713864030121947e+00
1.290086442911843934e+00 1.066953351932943939e+00 1.295441494371280200e+00 8.375527788339819368e-01 1.258738184131169779e+00 1.445717364083516587e+00 1.445256494860694962e+00 5.304355471859916182e-01 7.388540218190172704e-01 1.193500019025691472e+00 1.066953351932944161e+00 1.295441494371281088e+00 8.375527788339822699e-01 1.258738184131169779e+00 1.225031030225797624e+00
1.287163465475922308e+00 1.070930448048893480e+00 1.303400788295178137e+00 8.209576338929190920e-01 1.275503326018259109e+00 1.466753111860333858e+00 1.452985410356615992e+00 5.077305236984188674e-01 7.105131335905257028e-01 1.190980654973360142e+00 1.070930448048893702e+00 1.303400788295179025e+00 8.209576338929194250e-01 1.275503326018259109e+00 1.223406708361827189e+00
1.282994890010768607e+00 1.075344739115546400e+00 1.311229492435995070e+00 8.060379340553153193e-01 1.292352339305310460e+00 1.487686671326803767e+00 1.459588280750625522e+00 4.852236630216653634e-01 6.825906436989209736e-01 1.187783382604661098e+00 1.075344739115546622e+00 1.311229492435995958e+00 8.060379340553156524e-01 1.292352339305310238e+00 1.220697897738165727e+00
