1.000000000000000000e+00 1.000000000000000000e+00 1.000000000000000000e+00 1.000000000000000000e+00 1.000000000000000000e+00 1.000000000000000000e+00 1.000000000000000000e+00 1.000000000000000000e+00 1.000000000000000000e+00 1.000000000000000000e+00 1.000000000000000000e+00 1.000000000000000000e+00 1.000000000000000000e+00 1.000000000000000000e+00 1.000000000000000000e+00
8.986807830009445608e-01 9.524141375526281594e-01 9.068544691936067936e-01 9.057093921855302598e-01 9.505777472051099020e-01 9.637775641617428724e-01 9.202534180895196592e-01 1.046544002617304070e+00 9.430131318638861337e-01 9.291019082837875809e-01 9.524141375526281594e-01 9.068544691936067936e-01 9.057093921855302598e-01 9.505777472051099020e-01 8.986807830009444498e-01
8.311399622483995886e-01 9.245458877104245632e-01 8.444870859870644564e-01 8.316189587747651046e-01 9.361361969229768931e-01 9.064422592863956574e-01 8.425212088677918043e-01 1.108550801490982174e+00 9.034705469739416905e-01 8.376556409187346786e-01 9.245458877104245632e-01 8.444870859870644564e-01 8.316189587747651046e-01 9.361361969229768931e-01 8.361931353065004124e-01
8.097375399609836322e-01 9.227343534328540375e-01 8.333073737405299886e-01 7.889488922739484877e-01 9.641851777681613722e-01 8.562344547583544685e-01 7.961901477937612936e-01 1.172481438740344384e+00 8.914249453986194949e-01 7.625985777518403674e-01 9.227343534328540375e-01 8.333073737405299886e-01 7.889488922739485988e-01 9.641851777681612612e-01 8.239960363011669120e-01
8.008020371367380319e-01 9.196343586382370594e-01 8.413466435720291514e-01 7.553291622108238013e-01 9.984887498682075702e-01 8.175259385233774045e-01 7.589002602692109800e-01 1.220555641845839867e+00 8.925632154936423701e-01 7.094103481026763358e-01 9.196343586382369484e-01 8.413466435720291514e-01 7.553291622108240233e-01 9.984887498682075702e-01 8.249190828926713515e-01
7.947535912299388272e-01 9.112458858771581571e-01 8.569542472733248095e-01 7.240176194953883426e-01 1.030046953077661920e+00 7.865757207861668876e-01 7.229529227588286089e-01 1.252081948856566873e+00 8.982053073690711154e-01 6.744454009756474244e-01 9.112458858771581571e-01 8.569542472733248095e-01 7.240176194953885647e-01 1.030046953077661920e+00 8.274056190018973522e-01
7.911894731191226882e-01 9.005707534262324954e-01 8.771310530478185763e-01 6.949473720351818651e-01 1.058764177419378782e+00 7.606807401357700282e-01 6.885472240630217122e-01 1.271043389569622484e+00 9.046072515471181852e-01 6.540624243293288176e-01 9.005707534262324954e-01 8.771310530478185763e-01 6.949473720351820871e-01 1.058764177419378782e+00 8.299559038255435173e-01
7.900349809547909663e-01 8.896083162677229650e-01 9.001671486711330106e-01 6.681594404423255584e-01 1.084989768633104479e+00 7.383144984823500900e-01 6.566345277160563487e-01 1.280441575641541929e+00 9.095536681981565286e-01 6.450507873095084888e-01 8.896083162677229650e-01 9.001671486711330106e-01 6.681594404423257805e-01 1.084989768633104479e+00 8.319861875468237411e-01
7.909942964884968397e-01 8.793891642477271731e-01 9.249543683621642698e-01 6.433796817901741294e-01 1.109053577709788074e+00 7.185633078848778776e-01 6.278643852815963822e-01 1.282292324741658440e+00 9.117317203941481818e-01 6.447050399433620349e-01 8.793891642477271731e-01 9.249543683621642698e-01 6.433796817901743514e-01 1.109053577709788296e+00 8.331564317667697894e-01
7.936557207791367086e-01 8.704135064554351375e-01 9.508151470863608345e-01 6.201840882712322811e-01 1.131334594938636195e+00 7.007645594202027706e-01 6.024108899474373002e-01 1.278036479753413612e+00 9.104739485322946857e-01 6.507478782766480396e-01 8.704135064554351375e-01 9.508151470863608345e-01 6.201840882712325032e-01 1.131334594938636418e+00 8.333445659869594957e-01
7.975635309506500237e-01 8.628920214557191937e-01 9.773523321092322247e-01 5.981448265599039749e-01 1.152250171787470023e+00 6.843581983268184343e-01 5.800430284761122213e-01 1.268780472228125733e+00 9.055542441456850833e-01 6.612752698980086663e-01 8.628920214557191937e-01 9.773523321092322247e-01 5.981448265599041969e-01 1.152250171787470245e+00 8.325792875015000094e-01
8.022575481305871392e-01 8.568622939892471813e-01 1.004325431699232052e+00 5.769203008841342628e-01 1.172210930942908513e+00 6.688519638590970651e-01 5.602768764700760684e-01 1.255421338819481925e+00 8.970251279125185384e-01 6.747221411274458847e-01 8.568622939892471813e-01 1.004325431699232052e+00 5.769203008841344849e-01 1.172210930942908735e+00 8.309607272150260071e-01
8.072948440472106357e-01 8.522421954107084474e-01 1.031560131501416455e+00 5.562950389487933966e-01 1.191580655016547530e+00 6.538286571306080042e-01 5.425200306286290797e-01 1.238722015822114386e+00 8.851041905335229609e-01 6.898289843750263772e-01 8.522421954107084474e-01 1.031560131501416455e+00 5.562950389487936187e-01 1.191580655016547752e+00 8.285999618180501791e-01
8.122631116224557912e-01 8.488551111814016670e-01 1.058889458886400847e+00 5.361837208579645075e-01 1.210653228792207603e+00 6.389602044040474382e-01 5.261758607841275914e-01 1.219367255442409981e+00 8.701057326184450380e-01 7.056061891070382064e-01 8.488551111814016670e-01 1.058889458886401069e+00 5.361837208579647296e-01 1.210653228792207825e+00 8.255848093947751876e-01
8.167924250665496988e-01 8.464461790923225593e-01 1.086121520783230210e+00 5.166131078051213743e-01 1.229644596495245157e+00 6.240167965737204447e-01 5.107078868314738340e-01 1.198006373723209617e+00 8.524039457259720010e-01 7.213012656054154093e-01 8.464461790923225593e-01 1.086121520783230432e+00 5.166131078051215963e-01 1.229644596495245379e+00 8.219673795766020419e-01
8.205691510899663088e-01 8.447000458773149534e-01 1.113028351646426328e+00 4.976923489925160760e-01 1.248694610112386583e+00 6.088692273204332484e-01 4.956748689384968820e-01 1.175279432311779226e+00 8.324123810495249742e-01 7.363730834390913582e-01 8.447000458773149534e-01 1.113028351646426550e+00 4.976923489925162425e-01 1.248694610112386805e+00 8.177664631761742964e-01
8.233521733414430610e-01 8.432648786654587392e-01 1.139350631204491648e+00 4.795795373333800460e-01 1.267875276895825465e+00 5.934848806121515441e-01 4.807460172102025475e-01 1.151822967846467982e+00 8.105678686837828328e-01 7.504727774163683085e-01 8.432648786654587392e-01 1.139350631204491870e+00 4.795795373333802125e-01 1.267875276895825687e+00 8.129791065726830190e-01
8.249882130446904993e-01 8.417822883578814919e-01 1.164812603596558915e+00 4.624509545449920211e-01 1.287203838516318255e+00 5.779179586549088032e-01 4.657017425748529171e-01 1.128255556951345939e+00 7.873122812062903764e-01 7.634271980113946920e-01 8.417822883578814919e-01 1.164812603596559137e+00 4.624509545449921322e-01 1.287203838516318477e+00 8.075970080643557480e-01
8.254212154349764852e-01 8.399185087475382616e-01 1.189140738912429773e+00 4.464780902080022762e-01 1.306659550717983898e+00 5.622949798118821452e-01 4.504227411875822984e-01 1.105149222165718426e+00 7.630708929723690748e-01 7.752195662588552416e-01 8.399185087475382616e-01 1.189140738912429995e+00 4.464780902080024427e-01 1.306659550717984120e+00 8.016238034100247045e-01
8.246915077504282099e-01 8.373900228466611972e-01 1.212079669229505274e+00 4.318151918062215211e-01 1.326202170367417832e+00 5.467975790657240154e-01 4.348698358827589039e-01 1.082996981537397874e+00 7.382303356585777632e-01 7.859636515265304713e-01 8.373900228466610862e-01 1.212079669229505496e+00 4.318151918062216876e-01 1.326202170367418054e+00 7.950895235912249781e-01
