1.000000000000000000e+00 1.000000000000000000e+00 1.000000000000000000e+00 1.000000000000000000e+00 1.000000000000000000e+00 1.000000000000000000e+00 1.000000000000000000e+00 1.000000000000000000e+00 1.000000000000000000e+00 1.000000000000000000e+00 1.000000000000000000e+00 1.000000000000000000e+00 1.000000000000000000e+00 1.000000000000000000e+00 1.000000000000000000e+00
1.071903960450942606e+00 9.920482985394609710e-01 1.067857100730269959e+00 1.066712023722193425e+00 9.902119081919427135e-01 1.063645213500214570e+00 1.042739045883033011e+00 9.443989574862969860e-01 1.065498759657399486e+00 1.028969557622259279e+00 9.920482985394609710e-01 1.067857100730269959e+00 1.066712023722193425e+00 9.902119081919427135e-01 1.071903960450942606e+00
1.135419559017087021e+00 9.939491104932931531e-01 1.121765645437697856e+00 1.117996250638252365e+00 9.904136847290636592e-01 1.120875273826932084e+00 1.089866669546991185e+00 8.928120078769302692e-01 1.111620166027910361e+00 1.060794568574368713e+00 9.939491104932932641e-01 1.121765645437697856e+00 1.117996250638252365e+00 9.904136847290636592e-01 1.131422897718421305e+00
1.180007260473051378e+00 9.999858779465904401e-01 1.155417715345562701e+00 1.142010253177217161e+00 1.001027170200566196e+00 1.165377292694941280e+00 1.131184472549432884e+00 8.521146779019858064e-01 1.132715983729522646e+00 1.087035130864086874e+00 9.999858779465905512e-01 1.155417715345562701e+00 1.142010253177217161e+00 1.001027170200566196e+00 1.170287587075673263e+00
1.207626874326762412e+00 1.006294499802117937e+00 1.173185210042950732e+00 1.143317640765112664e+00 1.015701590001990340e+00 1.198142196561527761e+00 1.163911391991072852e+00 8.214823360584948553e-01 1.134595572624129689e+00 1.105786369528463098e+00 1.006294499802117937e+00 1.173185210042950732e+00 1.143317640765112664e+00 1.015701590001990340e+00 1.191526235448001625e+00
1.225153141563217973e+00 1.012112153248333701e+00 1.182022289085479239e+00 1.131371685602666766e+00 1.030814746259449910e+00 1.223417921694585964e+00 1.190516705396917896e+00 7.966955172215618441e-01 1.125046609407587939e+00 1.119851306217721998e+00 1.012112153248333701e+00 1.182022289085479239e+00 1.131371685602666766e+00 1.030814746259449910e+00 1.202187797392493707e+00
1.237650537629301661e+00 1.017612659090974869e+00 1.186655630933223238e+00 1.112591616893187307e+00 1.045526922574945727e+00 1.244642865873377913e+00 1.213555195167973721e+00 7.744931840690715275e-01 1.109155979319434993e+00 1.131624748393483815e+00 1.017612659090974869e+00 1.186655630933223238e+00 1.112591616893187307e+00 1.045526922574945727e+00 1.207519177753138662e+00
1.247813231468669404e+00 1.022955312880648782e+00 1.189627174511247221e+00 1.090365920972437452e+00 1.059841574378794782e+00 1.263860326298206438e+00 1.234466216419223494e+00 7.530962554934537145e-01 1.089660936305419048e+00 1.142284379666323346e+00 1.022955312880648782e+00 1.189627174511247221e+00 1.090365920972437230e+00 1.059841574378794782e+00 1.210466214504158700e+00
1.256911047633190837e+00 1.028190856972798439e+00 1.192198013143776159e+00 1.066407535617097668e+00 1.073892087841073595e+00 1.282182177623474528e+00 1.253902014278849730e+00 7.316604673211928311e-01 1.067994071697105696e+00 1.152284585657898708e+00 1.028190856972798439e+00 1.192198013143776159e+00 1.066407535617097446e+00 1.073892087841073595e+00 1.212539404936868959e+00
1.265489786404587536e+00 1.033314634826868472e+00 1.194960050746810332e+00 1.041611276220119064e+00 1.087793509046569351e+00 1.300198990802041932e+00 1.272106772582987322e+00 7.098388370550289261e-01 1.044927321840215306e+00 1.161744062243542430e+00 1.033314634826868472e+00 1.194960050746810332e+00 1.041611276220118842e+00 1.087793509046569351e+00 1.214481348394858662e+00
1.273745959640219638e+00 1.038305440333391338e+00 1.198166319768404486e+00 1.016483624387226614e+00 1.101630052026838946e+00 1.318222102748277447e+00 1.289138642321574046e+00 6.875375672326012877e-01 1.020900925877714860e+00 1.170641808880539925e+00 1.038305440333391338e+00 1.198166319768404486e+00 1.016483624387226392e+00 1.101630052026838946e+00 1.216638467897715570e+00
1.281711855668767885e+00 1.043142646495994308e+00 1.201900639229450451e+00 9.913473522688096562e-01 1.115463917078978184e+00 1.336413611353186370e+00 1.304982060840501168e+00 6.647884426208594544e-01 9.961863953553432571e-01 1.178906492846462095e+00 1.043142646495994308e+00 1.201900639229450451e+00 9.913473522688094342e-01 1.115463917078978184e+00 1.219152181540355651e+00
1.289344813570309833e+00 1.047812054287972083e+00 1.206163444047168021e+00 9.664370374812794040e-01 1.129343018553554678e+00 1.354853975798046450e+00 1.319601540715572785e+00 6.416812943003145087e-01 9.709671714397953846e-01 1.186455739939770382e+00 1.047812054287972083e+00 1.206163444047168021e+00 9.664370374812791820e-01 1.129343018553554678e+00 1.222054824398967066e+00
1.296570158328518074e+00 1.052307269839805048e+00 1.210914884796179924e+00 9.419427485585391002e-01 1.143305387554605757e+00 1.373576781108934108e+00 1.332966321018906219e+00 6.183266495549530894e-01 9.453786609718628497e-01 1.193213052095470461e+00 1.052307269839805048e+00 1.210914884796179702e+00 9.419427485585388782e-01 1.143305387554605757e+00 1.225317526666597434e+00
1.303302038022077447e+00 1.056629658167947960e+00 1.216096495816535228e+00 9.180294841685863183e-01 1.157381346470376826e+00 1.392586764036553237e+00 1.345060599377912114e+00 5.948341424133992694e-01 9.195282632687797886e-01 1.199114866168970783e+00 1.056629658167947960e+00 1.216096495816535006e+00 9.180294841685860963e-01 1.157381346470376826e+00 1.228874415740974113e+00
1.309453701025368177e+00 1.060788007118199872e+00 1.221642369063122624e+00 8.948455579610710142e-01 1.171594552585647708e+00 1.411869527269483671e+00 1.355886459562948065e+00 5.713000075812606493e-01 8.935056316285060474e-01 1.204113243567054958e+00 1.060788007118199872e+00 1.221642369063122402e+00 8.948455579610707922e-01 1.171594552585647708e+00 1.232635374784739835e+00
1.314942625200713033e+00 1.064798270873489550e+00 1.227485369870553011e+00 8.725261492083004056e-01 1.185962575618886072e+00 1.431397192105375860e+00 1.365463032050381331e+00 5.478005433307103766e-01 8.673882422526253411e-01 1.208176602751056095e+00 1.064798270873489550e+00 1.227485369870552789e+00 8.725261492083002945e-01 1.185962575618886072e+00 1.236493361118701229e+00
1.319693036736026226e+00 1.068683520527442532e+00 1.233561104680330534e+00 8.511948584112075666e-01 1.200497334663071847e+00 1.451132027189459439e+00 1.373823805174857693e+00 5.243899065255476222e-01 8.412447364883416379e-01 1.211289599695832608e+00 1.068683520527442532e+00 1.233561104680330311e+00 8.511948584112074556e-01 1.200497334663071847e+00 1.240329151337240976e+00
1.323637037796356219e+00 1.072474175713476585e+00 1.239810880270362459e+00 8.309644861740849153e-01 1.215205516682077214e+00 1.471028961728304107e+00 1.381013244863188660e+00 5.011011333711380411e-01 8.151371926915746968e-01 1.213452705936375997e+00 1.072474175713476585e+00 1.239810880270362459e+00 8.309644861740848043e-01 1.215205516682077214e+00 1.244014841680654682e+00
1.326714964856128720e+00 1.076208578945005545e+00 1.246184149572415079e+00 8.119375045293216742e-01 1.230088994672725144e+00 1.491037349785529598e+00 1.387083468278121456e+00 4.779494481694274155e-01 7.891228428751283497e-01 1.214681779088185198e+00 1.076208578945005545e+00 1.246184149572415079e+00 8.119375045293215631e-01 1.230088994672725144e+00 1.247416712620212920e+00
