1.000000000000000000e+00 1.000000000000000000e+00 1.000000000000000000e+00 1.000000000000000000e+00 1.000000000000000000e+00 1.000000000000000000e+00 1.000000000000000000e+00 1.000000000000000000e+00 1.000000000000000000e+00 1.000000000000000000e+00 1.000000000000000000e+00 1.000000000000000000e+00 1.000000000000000000e+00 1.000000000000000000e+00 1.000000000000000000e+00
8.627288027754732580e-01 9.441881796119646619e-01 8.734388286859975370e-01 8.722937516779208922e-01 9.423517892644465155e-01 9.430503161858336814e-01 8.948318726984131333e-01 1.067743917644494278e+00 9.175915864727796079e-01 9.083746603078783899e-01 9.441881796119646619e-01 8.734388286859974260e-01 8.722937516779208922e-01 9.423517892644465155e-01 8.627288027754731470e-01
7.999793533213773733e-01 9.357672465516301274e-01 8.123556381166285867e-01 7.926007566045298880e-01 9.552154842708874272e-01 8.634322358426609334e-01 8.151177669685096827e-01 1.160197435001764310e+00 8.731883429660737272e-01 7.966704053640542016e-01 9.357672465516301274e-01 8.123556381166285867e-01 7.926007566045298880e-01 9.552154842708874272e-01 8.062940125161029981e-01
7.966833738106141594e-01 9.485568398510314525e-01 8.163158963595336104e-01 7.577620710065939846e-01 1.006846140003944123e+00 8.107503880707046529e-01 7.808453591625084123e-01 1.234575281540866154e+00 8.715839369328066688e-01 7.259557603552131422e-01 9.485568398510314525e-01 8.163158963595336104e-01 7.577620710065939846e-01 1.006846140003944123e+00 8.117859714661482817e-01
7.875585553331833077e-01 9.376100534735638536e-01 8.260190586021027848e-01 7.213174716960104593e-01 1.040305018451898045e+00 7.786976508664663621e-01 7.449422781883313638e-01 1.269834866792699746e+00 8.747317460310901627e-01 6.875225294641025275e-01 9.376100534735638536e-01 8.260190586021027848e-01 7.213174716960104593e-01 1.040305018451898045e+00 8.094919811262085707e-01
7.854477475571454148e-01 9.241290285531553739e-01 8.455395107994534420e-01 6.923785160839976971e-01 1.071159370108547559e+00 7.562996621126210073e-01 7.138962299729859629e-01 1.288098339971681439e+00 8.811655003483488402e-01 6.695927635172895798e-01 9.241290285531553739e-01 8.455395107994534420e-01 6.923785160839976971e-01 1.071159370108547559e+00 8.115737667752099815e-01
7.856239963347795285e-01 9.083661616795178917e-01 8.685588271109593306e-01 6.668573505105948040e-01 1.097853807198575060e+00 7.395917287807732832e-01 6.847740616832855842e-01 1.294280703472607819e+00 8.857029075090346870e-01 6.645628582401806872e-01 9.083661616795178917e-01 8.685588271109593306e-01 6.668573505105949151e-01 1.097853807198575060e+00 8.131846299680337564e-01
7.883859993913155950e-01 8.930129341122088338e-01 8.938471927255025040e-01 6.446612770299167128e-01 1.122529764115651973e+00 7.259561192367431914e-01 6.581721496447302533e-01 1.293194764601933056e+00 8.873029125729985367e-01 6.677502165432176451e-01 8.930129341122088338e-01 8.938471927255025040e-01 6.446612770299168238e-01 1.122529764115651973e+00 8.150246847418076701e-01
7.926834043586350464e-01 8.783851460870630845e-01 9.199787238107975940e-01 6.246981583445019304e-01 1.145614565178800337e+00 7.141815171660536032e-01 6.337055140926189933e-01 1.286866731680341047e+00 8.851326966544279529e-01 6.762490091848168960e-01 8.783851460870630845e-01 9.199787238107975940e-01 6.246981583445019304e-01 1.145614565178800337e+00 8.165016338811387220e-01
7.980579932696875156e-01 8.647869427442012036e-01 9.463221472610098273e-01 6.064924752872181690e-01 1.167753857829893827e+00 7.034837798739772552e-01 6.111711948052612753e-01 1.276817871802538695e+00 8.790638232067413682e-01 6.881099247163915411e-01 8.647869427442012036e-01 9.463221472610098273e-01 6.064924752872181690e-01 1.167753857829893827e+00 8.176600867685827057e-01
8.040174536004474071e-01 8.521518557718612552e-01 9.723983693228754888e-01 5.896529201643168072e-01 1.189343553327855352e+00 6.934181459941586301e-01 5.901841310888469305e-01 1.264033923134860737e+00 8.691682036478731721e-01 7.019813550053902729e-01 8.521518557718612552e-01 9.723983693228754888e-01 5.896529201643168072e-01 1.189343553327855352e+00 8.184759810107911093e-01
8.101992718275872196e-01 8.403184825023800597e-01 9.978766821099508411e-01 5.740005443984633748e-01 1.210719690666893777e+00 6.837204706821413680e-01 5.703407563969427052e-01 1.249295830555564590e+00 8.556942500537947360e-01 7.169037745350645974e-01 8.403184825023800597e-01 9.978766821099508411e-01 5.740005443984633748e-01 1.210719690666893777e+00 8.190031912337679687e-01
8.163061610252373423e-01 8.290285992722394859e-01 1.022459384006280558e+00 5.594847986729143408e-01 1.232126040170216763e+00 6.742725710933776817e-01 5.512323303453551260e-01 1.233242908536705817e+00 8.389812499179323257e-01 7.322005021583081197e-01 8.290285992722394859e-01 1.022459384006280558e+00 5.594847986729143408e-01 1.232126040170216763e+00 8.192913905157925836e-01
8.221187249912236261e-01 8.179745171131846959e-01 1.045847896728020476e+00 5.461639020524576837e-01 1.253742109538537930e+00 6.650718064238188010e-01 5.324904397428620317e-01 1.216436301291881961e+00 8.194348040149410650e-01 7.474095124480694130e-01 8.179745171131846959e-01 1.045847896728020476e+00 5.461639020524576837e-01 1.253742109538537930e+00 8.193954982360267536e-01
8.274911064197009170e-01 8.068182817785708449e-01 1.067713853497587406e+00 5.341696665653230536e-01 1.275694225165271423e+00 6.562179127782332699e-01 5.138070355981586568e-01 1.199377357302568559e+00 7.975053450482061379e-01 7.622381377509858114e-01 8.068182817785708449e-01 1.067713853497587184e+00 5.341696665653230536e-01 1.275694225165271423e+00 8.193739797086997401e-01
8.323536413660105326e-01 7.952137200820283969e-01 1.087686715262982551e+00 5.236838690086635939e-01 1.298074165569164551e+00 6.479019418829503607e-01 4.949469258826302287e-01 1.182509179188467430e+00 7.736757260600574115e-01 7.765272180299480631e-01 7.952137200820283969e-01 1.087686715262982329e+00 5.236838690086635939e-01 1.298074165569164551e+00 8.193005435926338231e-01
8.367112140189624236e-01 7.828239754526218341e-01 1.105347379853413692e+00 5.149194043361324802e-01 1.320957962171321665e+00 6.403967642192921472e-01 4.757500916158519666e-01 1.166203229328067525e+00 7.484523561209134312e-01 7.902170205193042030e-01 7.828239754526218341e-01 1.105347379853413470e+00 5.149194043361324802e-01 1.320957962171321665e+00 8.192762553232826317e-01
8.406368036050199111e-01 7.693359441535765342e-01 1.120226816591015417e+00 5.081072578620867697e-01 1.344425568621724576e+00 6.340468799277221290e-01 4.561275446662027000e-01 1.150739135126601864e+00 7.223628239283093055e-01 8.033095365029085944e-01 7.693359441535765342e-01 1.120226816591015195e+00 5.081072578620867697e-01 1.344425568621724576e+00 8.194400029728110546e-01
8.442581012116022743e-01 7.544708585099756393e-01 1.131809354805750623e+00 5.034854686231039489e-01 1.368578832936992340e+00 6.292565186609262451e-01 4.360533507838043610e-01 1.136283452843475095e+00 6.959634976489689207e-01 8.158244395722598075e-01 7.544708585099756393e-01 1.131809354805750401e+00 5.034854686231039489e-01 1.368578832936992340e+00 8.199719960104423500e-01
8.477375646793239294e-01 7.379934860260541907e-01 1.139544551126408400e+00 5.012849750750623112e-01 1.393555254517830688e+00 6.264736022141875749e-01 4.155562666322241694e-01 1.122872577135499927e+00 6.698607922797075176e-01 8.277483542011426776e-01 7.379934860260541907e-01 1.139544551126408178e+00 5.012849750750623112e-01 1.393555254517830688e+00 8.210857666372239905e-01
