1.000000000000000000e+00 1.000000000000000000e+00 1.000000000000000000e+00 1.000000000000000000e+00 1.000000000000000000e+00 1.000000000000000000e+00 1.000000000000000000e+00 1.000000000000000000e+00 1.000000000000000000e+00 1.000000000000000000e+00 1.000000000000000000e+00 1.000000000000000000e+00 1.000000000000000000e+00 1.000000000000000000e+00 1.000000000000000000e+00
1.114392664353772266e+00 1.001769885196608589e+00 1.107348312239262889e+00 1.106203235231186133e+00 9.999334948490904429e-01 1.088141052017198129e+00 1.072782690436158815e+00 9.193445124541631541e-01 1.095542404210525289e+00 1.053465396139242838e+00 1.001769885196608589e+00 1.107348312239262889e+00 1.106203235231186133e+00 9.999334948490904429e-01 1.114392664353772266e+00
1.195982242770302850e+00 1.015557439706444409e+00 1.175691174472925260e+00 1.166734898379194973e+00 1.016054177689827531e+00 1.151356308949508689e+00 1.139837802604563688e+00 8.603648060469680781e-01 1.143611680289555066e+00 1.096728570049203988e+00 1.015557439706444409e+00 1.175691174472925260e+00 1.166734898379194973e+00 1.016054177689827531e+00 1.189870025031811718e+00
1.224571838581958172e+00 1.022338348805317265e+00 1.196224269793663586e+00 1.166618008743425916e+00 1.034276505352252906e+00 1.182586534968888659e+00 1.177697128259935111e+00 8.320065125175784004e-01 1.140795388403993638e+00 1.115538421731675500e+00 1.022338348805317265e+00 1.196224269793663586e+00 1.166618008743425916e+00 1.034276505352252906e+00 1.211657378056755663e+00
1.235568453049926019e+00 1.025740743012354406e+00 1.201528775807819915e+00 1.147104855795774370e+00 1.049567391405284766e+00 1.202447892522508388e+00 1.204535670821861304e+00 8.131413763966094388e-01 1.121307795413696518e+00 1.126855818660946085e+00 1.025740743012354406e+00 1.201528775807819915e+00 1.147104855795774370e+00 1.049567391405284544e+00 1.215154137132517853e+00
1.243519690507955078e+00 1.028803848416334654e+00 1.204606076275966497e+00 1.123534845472951460e+00 1.063926862984749366e+00 1.219827427678701337e+00 1.229048347544180020e+00 7.951196876527150126e-01 1.097584551683149279e+00 1.137069410139182279e+00 1.028803848416334654e+00 1.204606076275966497e+00 1.123534845472951460e+00 1.063926862984749144e+00 1.215334224762873339e+00
1.251017583631400587e+00 1.031964668276625918e+00 1.208040754367166292e+00 1.098825545627553080e+00 1.078080854074873862e+00 1.236804283201968335e+00 1.252635281085583641e+00 7.762972551246872799e-01 1.072239131334074003e+00 1.146921552974107694e+00 1.031964668276625918e+00 1.208040754367166292e+00 1.098825545627553080e+00 1.078080854074873640e+00 1.215276017870696279e+00
1.258364100133902097e+00 1.035215428031556861e+00 1.212256695860566724e+00 1.073598399319895869e+00 1.092253164781031405e+00 1.253914787219601257e+00 1.275330020838025602e+00 7.564500703963802364e-01 1.045913203981599260e+00 1.156293832479448724e+00 1.035215428031557083e+00 1.212256695860566724e+00 1.073598399319895869e+00 1.092253164781031183e+00 1.215570488794713855e+00
1.265486093866012407e+00 1.038513141415665419e+00 1.217256096354182748e+00 1.048107588320835282e+00 1.106537838495827097e+00 1.271343778887983778e+00 1.296978083495319067e+00 7.356397761581662254e-01 1.018854996552107872e+00 1.165002909279428733e+00 1.038513141415665642e+00 1.217256096354182748e+00 1.048107588320835282e+00 1.106537838495826875e+00 1.216315422865060114e+00
1.272257733842037775e+00 1.041828381049485275e+00 1.222956040540875255e+00 1.022562593104862971e+00 1.120989723822000572e+00 1.289177291430526395e+00 1.317425455033483850e+00 7.140028847808608248e-01 9.912231951530457996e-01 1.172896107739183957e+00 1.041828381049485719e+00 1.222956040540875255e+00 1.022562593104862971e+00 1.120989723822000350e+00 1.217493362530710277e+00
1.278550715428771412e+00 1.045145421165950772e+00 1.229256721304460731e+00 9.971735981255873682e-01 1.135646791319731452e+00 1.307459385883912528e+00 1.336546227713175661e+00 6.917030833341308860e-01 9.631483582124267251e-01 1.179853849377039410e+00 1.045145421165950994e+00 1.229256721304460731e+00 9.971735981255873682e-01 1.135646791319731230e+00 1.219044386300816019e+00
1.284241979231939723e+00 1.048459431739778847e+00 1.236056571032838391e+00 9.721516161239788234e-01 1.150535677559190617e+00 1.326206084469685020e+00 1.354247342833305723e+00 6.689111980934075996e-01 9.347463213302600327e-01 1.185785966433136496e+00 1.048459431739779069e+00 1.236056571032838391e+00 9.721516161239788234e-01 1.150535677559190395e+00 1.220881165285267134e+00
1.289216173383580522e+00 1.051775252318663867e+00 1.243256211440591841e+00 9.477027497183049265e-01 1.165672906608110848e+00 1.345409692317670158e+00 1.370469950347857679e+00 6.457907032614461640e-01 9.061217307886807459e-01 1.190630204904606693e+00 1.051775252318664089e+00 1.243256211440591841e+00 9.477027497183049265e-01 1.165672906608110626e+00 1.222893444213396741e+00
1.293367764079132121e+00 1.055107202664469890e+00 1.250760165545810487e+00 9.240230157822754142e-01 1.181065256333471813e+00 1.365041464623312661e+00 1.385188894939593851e+00 6.224865675923693109e-01 8.773697304321850243e-01 1.194351726452921314e+00 1.055107202664470112e+00 1.250760165545810487e+00 9.240230157822754142e-01 1.181065256333471369e+00 1.224951267606273930e+00
1.296602841379065785e+00 1.058479285035829331e+00 1.258478531551060708e+00 9.012946038307686480e-01 1.196710289766944157e+00 1.385054487830663650e+00 1.398410173668523271e+00 5.991181303973137640e-01 8.485775514862970992e-01 1.196942497520296689e+00 1.058479285035829554e+00 1.258478531551060708e+00 9.012946038307685370e-01 1.196710289766943713e+00 1.226908730636638412e+00
1.298840304163138892e+00 1.061925469556380008e+00 1.266329127034869551e+00 8.796834748864713616e-01 1.212597243381411838e+00 1.405386894151272381e+00 1.410166734321402826e+00 5.757764036111083783e-01 8.198262457432664574e-01 1.198420237996093096e+00 1.061925469556380230e+00 1.266329127034869551e+00 8.796834748864712505e-01 1.212597243381411394e+00 1.228608368597469358e+00
1.300012334934409486e+00 1.065489973984686145e+00 1.274240036320690717e+00 8.593380088618846058e-01 1.228708166569114413e+00 1.425965010842328073e+00 1.420513419797443389e+00 5.525254225539286690e-01 7.911924044793284816e-01 1.198827026148114427e+00 1.065489973984686367e+00 1.274240036320690717e+00 8.593380088618844947e-01 1.228708166569113969e+00 1.229885925498940047e+00
1.300064257757127306e+00 1.069227532003399261e+00 1.282152275730257251e+00 8.403883820614321820e-01 1.245019139809240505e+00 1.446705989630087119e+00 1.429521945182441467e+00 5.294066698266952642e-01 7.627496543260930961e-01 1.198227755520172133e+00 1.069227532003399483e+00 1.282152275730257251e+00 8.403883820614320710e-01 1.245019139809240061e+00 1.230575229409037519e+00
1.298953940906315996e+00 1.073203627382214087e+00 1.290022243226843113e+00 8.229464052987601752e-01 1.261501437810331971e+00 1.467519588240219441e+00 1.437276614258725660e+00 5.064453345876028800e-01 7.345698062554416596e-01 1.196708556374932675e+00 1.073203627382214309e+00 1.290022243226843113e+00 8.229464052987600642e-01 1.261501437810331527e+00 1.230513000534747992e+00
1.296650892207133365e+00 1.077494592627357362e+00 1.297823654796439907e+00 8.071056357537379489e-01 1.278122577639409618e+00 1.488308942739890117e+00 1.443871188752373635e+00 4.836572124618996327e-01 7.067236615569032487e-01 1.194375146262678156e+00 1.077494592627357584e+00 1.297823654796439685e+00 8.071056357537379489e-01 1.278122577639409174e+00 1.229543524087161055e+00
