1.000000000000000000e+00 1.000000000000000000e+00 1.000000000000000000e+00 1.000000000000000000e+00 1.000000000000000000e+00 1.000000000000000000e+00 1.000000000000000000e+00 1.000000000000000000e+00 1.000000000000000000e+00 1.000000000000000000e+00 1.000000000000000000e+00 1.000000000000000000e+00 1.000000000000000000e+00 1.000000000000000000e+00 1.000000000000000000e+00
1.009805085516037648e+00 9.778398257328605458e-01 1.010139176217126566e+00 1.008994099209050033e+00 9.760034353853422884e-01 1.027843603360007574e+00 9.988291038438489311e-01 9.810169925332618002e-01 1.021588817618215295e+00 9.931679474820523934e-01 9.778398257328605458e-01 1.010139176217126566e+00 1.008994099209050033e+00 9.760034353853422884e-01 1.009805085516037648e+00
1.019385557522625607e+00 9.563752406678798224e-01 1.017836025908088304e+00 1.016957270396435797e+00 9.517766053133267512e-01 1.053680658548856508e+00 9.959833882923430082e-01 9.593058399192007091e-01 1.040988748218408144e+00 9.875068074918829097e-01 9.563752406678798224e-01 1.017836025908088304e+00 1.016957270396435797e+00 9.517766053133267512e-01 1.018834380859638289e+00
1.028694231081495714e+00 9.361282415801941426e-01 1.022529367214209728e+00 1.024334933583629592e+00 9.281369965570429592e-01 1.076197292453598520e+00 9.914128017044505636e-01 9.355476844580861151e-01 1.057828216205897398e+00 9.835378168066425397e-01 9.361282415801941426e-01 1.022529367214209728e+00 1.024334933583629592e+00 9.281369965570429592e-01 1.027020148645811926e+00
1.037684887176728799e+00 9.174172528657601466e-01 1.023962404630371248e+00 1.031577059106171479e+00 9.057512721531494337e-01 1.094451382173138310e+00 9.851270944956693754e-01 9.104559111084776779e-01 1.071951493916461828e+00 9.815680526465627720e-01 9.174172528657601466e-01 1.023962404630371248e+00 1.031577059106171479e+00 9.057512721531494337e-01 1.034359157683728991e+00
1.046314525923883965e+00 9.003141770871158078e-01 1.022198353602589815e+00 1.039043084179042786e+00 8.850398330410012004e-01 1.107991316080169319e+00 9.771812821146762529e-01 8.846428222995342816e-01 1.083418566832150320e+00 9.816594927872344112e-01 9.003141770871158078e-01 1.022198353602589815e+00 1.039043084179042786e+00 8.850398330410012004e-01 1.040904894438647421e+00
1.054545745237476906e+00 8.846914899337114946e-01 1.017548603309312849e+00 1.046964551597413973e+00 8.661691014772426866e-01 1.116812997539582852e+00 9.676560595017118516e-01 8.585493349825780163e-01 1.092448248620217166e+00 9.836778503304015597e-01 8.846914899337114946e-01 1.017548603309312849e+00 1.046964551597413973e+00 8.661691014772426866e-01 1.046747294713694210e+00
1.062348464843520857e+00 8.703117544004662642e-01 1.010466779398457415e+00 1.055459930225379983e+00 8.491091882134294000e-01 1.121224302090532365e+00 9.566413486749816286e-01 8.324452070428924877e-01 1.099337359937764713e+00 9.873790021308421760e-01 8.703117544004662642e-01 1.010466779398457415e+00 1.055459930225379983e+00 8.491091882134294000e-01 1.051989864835176425e+00
1.069700776415598575e+00 8.569099281535249579e-01 1.001457041168718698e+00 1.064571773040351443e+00 8.337126802948118254e-01 1.121701647694232751e+00 9.442273511736317682e-01 8.064710586880498022e-01 1.104390466800953874e+00 9.924881822132526343e-01 8.569099281535248469e-01 1.001457041168718698e+00 1.064571773040351443e+00 8.337126802948118254e-01 1.056731957324237747e+00
1.076589163305768260e+00 8.442459825933166240e-01 9.910156391811226761e-01 1.074301799472687780e+00 8.197825275180536941e-01 1.118784398799398838e+00 9.305025550670924517e-01 7.806899058902879718e-01 1.107876138601056937e+00 9.987509883687080148e-01 8.442459825933165130e-01 9.910156391811226761e-01 1.074301799472687780e+00 8.197825275180536941e-01 1.061058720757567464e+00
1.083008431459153709e+00 8.321287367386622780e-01 9.796020990134572948e-01 1.084634418155605129e+00 8.071178006059634980e-01 1.113012946337310849e+00 9.155556791491782365e-01 7.551299579996717526e-01 1.110008553399299602e+00 1.005956660122159674e+00 8.321287367386621669e-01 9.796020990134572948e-01 1.084634418155605129e+00 8.071178006059634980e-01 1.065037519060670901e+00
1.088961556714501677e+00 8.204206052138678373e-01 9.676287736428270669e-01 1.095549046589315401e+00 7.955389933621178633e-01 1.104898087695369124e+00 8.994785333256594129e-01 7.298136636827969870e-01 1.110946316577317239e+00 1.013942571833563289e+00 8.204206052138677263e-01 9.676287736428270669e-01 1.095549046589315401e+00 7.955389933621178633e-01 1.068718477400753875e+00
1.094459480683144692e+00 8.090324225965423999e-01 9.554589328767488787e-01 1.107024798670884325e+00 7.848985951862809118e-01 1.094907560170852001e+00 8.823677890127462620e-01 7.047746108243947427e-01 1.110800543035404209e+00 1.022588703924312892e+00 8.090324225965422889e-01 9.554589328767488787e-01 1.107024798670884325e+00 7.848985951862809118e-01 1.072137149904066167e+00
1.099520776528408517e+00 7.979143042068058689e-01 9.434074685677334982e-01 1.119040937049497142e+00 7.750822850396840158e-01 1.083459988236172178e+00 8.643247374619101864e-01 6.800656834027993813e-01 1.109646721977250561e+00 1.031808008776350150e+00 7.979143042068057579e-01 9.434074685677334982e-01 1.119040937049497142e+00 7.750822850396840158e-01 1.075317998202393044e+00
1.104171072853399327e+00 7.870457782065304331e-01 9.317416468705901345e-01 1.131575438353536578e+00 7.660046126547104262e-01 1.070921297643512293e+00 8.454529937580004262e-01 6.557615951947046717e-01 1.107537118054342296e+00 1.041536036480926297e+00 7.870457782065303221e-01 9.317416468705901345e-01 1.131575438353536578e+00 7.660046126547104262e-01 1.078277927004691827e+00
1.108442150845223795e+00 7.764267919912075655e-01 9.206814372485527809e-01 1.144603101565746517e+00 7.576017712156305484e-01 1.057601996871918359e+00 8.258547568450070875e-01 6.319581083920332576e-01 1.104511889871634400e+00 1.051721575533165254e+00 7.764267919912074545e-01 9.206814372485527809e-01 1.144603101565746517e+00 7.576017712156305484e-01 1.081029468121207149e+00
1.112370691250105015e+00 7.660703566675836074e-01 9.103999388888840416e-01 1.158094022417428759e+00 7.498232524728891679e-01 1.043755516017950136e+00 8.056266355408832069e-01 6.087694643252755666e-01 1.100607929190418721e+00 1.062319168707504646e+00 7.660703566675834963e-01 9.103999388888840416e-01 1.158094022417428759e+00 7.498232524728891679e-01 1.083583404748212020e+00
1.115996718073360539e+00 7.559971403094087883e-01 9.010246268853097096e-01 1.172012869741609675e+00 7.426236649205398832e-01 1.029578392214180571e+00 7.848561457667867503e-01 5.863249191295900609e-01 1.095864953343109738e+00 1.073283844868288650e+00 7.559971403094086773e-01 9.010246268853097096e-01 1.172012869741609675e+00 7.426236649205398832e-01 1.085950756174927090e+00
1.119361843430009440e+00 7.462319933637083791e-01 8.926398754819893089e-01 1.186319122367445855e+00 7.359556184875231111e-01 1.015212939374978918e+00 7.636197663872791308e-01 5.647647891719907998e-01 1.090328810864062303e+00 1.084568046997209656e+00 7.462319933637082681e-01 8.926398754819893089e-01 1.186319122367445855e+00 7.359556184875231111e-01 1.088144138432223684e+00
1.122507449240961463e+00 7.368020967903832208e-01 8.852907797549728341e-01 1.200968199243146683e+00 7.297642465638123355e-01 1.000752547457883779e+00 7.419829916878982745e-01 5.442360722657515471e-01 1.084052334738755174e+00 1.096120457429587747e+00 7.368020967903831098e-01 8.852907797549728341e-01 1.200968199243146683e+00 7.297642465638123355e-01 1.090178586961162210e+00
1.125472943837444229e+00 7.277361869706772124e-01 8.789879233612249987e-01 1.215913235104005619e+00 7.239836359859060932e-01 9.862492442707107010e-01 7.200022921871925830e-01 5.248875371342817120e-01 1.077094360639701875e+00 1.107886228365359438e+00 7.277361869706771014e-01 8.789879233612249987e-01 1.215913235104005619e+00 7.239836359859060932e-01 1.092071966885807655e+00
1.128294211753549048e+00 7.190641906236414638e-01 8.737125574408021178e-01 1.231107138531410294e+00 7.185351896129043014e-01 9.717228097672011566e-01 6.977284545312200104e-01 5.068641694227029593e-01 1.069517665062583056e+00 1.119808044663223479e+00 7.190641906236413528e-01 8.737125574408022288e-01 1.231107138531410294e+00 7.185351896129043014e-01 1.093845099946695543e+00
1.131002344159028006e+00 7.108166355701754924e-01 8.694216798870678664e-01 1.246504536276680897e+00 7.133277712225422063e-01 9.571706070484391482e-01 6.752105210050193262e-01 4.903010009656941226e-01 1.061386550644875859e+00 1.131827482284531783e+00 7.108166355701753814e-01 8.694216798870679774e-01 1.246504536276680897e+00 7.133277712225422063e-01 1.095521709082403428e+00
1.133622705341286174e+00 7.030233793312439250e-01 8.660526696426044113e-01 1.262063258579595004e+00 7.082593748139763834e-01 9.425773350421271513e-01 6.524995118495411361e-01 4.753165723541589172e-01 1.052764641623395336e+00 1.143886255334562119e+00 7.030233793312438140e-01 8.660526696426045223e-01 1.262063258579595004e+00 7.082593748139763834e-01 1.097128235689961873e+00
1.136174362667033311e+00 6.957114661175880510e-01 8.635273440474562356e-01 1.277745138415935067e+00 7.032200008986511097e-01 9.279240292200418017e-01 6.296512443831530081e-01 4.620065135195309813e-01 1.043713213664947848e+00 1.155927124674973161e+00 6.957114661175879400e-01 8.635273440474563467e-01 1.277745138415935067e+00 7.032200008986511097e-01 1.098693538072461839e+00
1.138669884264927212e+00 6.889022134447190249e-01 8.617554900957118402e-01 1.293516053798175802e+00 6.980953901373024850e-01 9.131957709591105310e-01 6.067277879840201615e-01 4.504379023653349856e-01 1.034290140293605553e+00 1.167894426186208534e+00 6.889022134447190249e-01 8.617554900957120623e-01 1.293516053798175802e+00 6.980953901373024850e-01 1.100248447316975353e+00
1.141115488562965075e+00 6.826078748888142478e-01 8.606380277603064011e-01 1.309345300322042993e+00 6.927712468262569034e-01 8.983876870403602055e-01 5.837973447807223160e-01 4.406451243596183343e-01 1.024549351403310382e+00 1.179734329312745134e+00 6.826078748888142478e-01 8.606380277603066231e-01 1.309345300322042993e+00 6.927712468262570145e-01 1.101825147191547449e+00
1.143511511062460739e+00 6.768283750936539001e-01 8.600699823468040961e-01 1.325204504855710841e+00 6.871375780997305283e-01 8.835089392030880395e-01 5.609325778331871737e-01 4.326278793713604909e-01 1.014540601425945265e+00 1.191395030252916598e+00 6.768283750936539001e-01 8.600699823468043181e-01 1.325204504855710841e+00 6.871375780997306393e-01 1.103456358332113085e+00
1.145853136031026898e+00 6.715486407977165895e-01 8.599433832096509134e-01 1.341066352399437278e+00 6.810927827390866884e-01 8.685845470224086151e-01 5.382076023054525038e-01 4.263517679565606566e-01 1.004309339885765873e+00 1.202827105290238396e+00 6.715486407977165895e-01 8.599433832096511354e-01 1.341066352399437278e+00 6.810927827390869105e-01 1.105174338056327032e+00
1.148131325456658969e+00 6.667369573824125650e-01 8.601500939392794365e-01 1.356903385255719074e+00 6.745471524315836964e-01 8.536550753035285766e-01 5.156940062207007180e-01 4.217515690094672531e-01 9.938965427273466213e-01 1.213984199080511139e+00 6.667369573824125650e-01 8.601500939392796585e-01 1.356903385255719074e+00 6.745471524315839185e-01 1.107009745145149715e+00
1.150333866863758825e+00 6.623445899503899170e-01 8.605844513222387082e-01 1.372687057288709100e+00 6.674255047151772535e-01 8.387744434972125296e-01 4.934563729483405492e-01 4.187369515596940928e-01 9.833384581313131534e-01 1.224824117749394370e+00 6.623445899503899170e-01 8.605844513222389303e-01 1.372687057288709100e+00 6.674255047151774756e-01 1.108990451805716981e+00
1.152446457631706389e+00 6.583066685798847351e-01 8.611454890299689025e-01 1.388387116128408039e+00 6.596687549143467333e-01 8.240063425096971761e-01 4.715478283070598242e-01 4.172000204935703560e-01 9.726663004811155755e-01 1.235310270363519702e+00 6.583066685798847351e-01 8.611454890299691245e-01 1.388387116128408039e+00 6.596687549143469553e-01 1.111140402284408024e+00
1.154453747500281624e+00 6.545441085253909108e-01 8.617384830919694316e-01 1.403971280784707121e+00 6.512343522947913188e-01 8.094199178688908924e-01 4.500061182074728827e-01 4.170238550673451283e-01 9.619059576776647358e-01 1.245413295014549782e+00 6.545441085253907998e-01 8.617384830919696537e-01 1.403971280784707121e+00 6.512343522947915408e-01 1.113478613324167199e+00
1.156340272686478432e+00 6.509661735735799981e-01 8.622755963024459902e-01 1.419405112505899513e+00 6.420956419014677286e-01 7.950854467888636146e-01 4.288506332782610064e-01 4.180911143942014352e-01 9.510777515012414085e-01 1.255112651524918910e+00 6.509661735735798871e-01 8.622755963024462122e-01 1.419405112505899513e+00 6.420956419014679506e-01 1.116018386372362059e+00
1.158091232547766358e+00 6.474732297539244064e-01 8.626755070087799293e-01 1.434651956059357802e+00 6.322403468149495609e-01 7.810706794360160465e-01 4.080806496653416882e-01 4.202918677822156113e-01 9.401962263529585195e-01 1.264397976674376256e+00 6.474732297539242953e-01 8.626755070087801514e-01 1.434651956059357802e+00 6.322403468149497829e-01 1.118766761884588457e+00
1.159693079912952340e+00 6.439592811955888729e-01 8.628620504198110108e-01 1.449672850610927988e+00 6.216684707141796329e-01 7.674383521391757723e-01 3.876748861463911733e-01 4.235300241053878145e-01 9.292698737762938865e-01 1.273270070756617800e+00 6.439592811955887619e-01 8.628620504198112329e-01 1.449672850610927988e+00 6.216684707141798549e-01 1.121724202720393748e+00
1.161133915658336457e+00 6.403140050166216124e-01 8.627620364979277090e-01 1.464426355991565121e+00 6.103899782405132202e-01 7.542451652435933074e-01 3.675923330271840817e-01 4.277280132429162052e-01 9.183006643326570018e-01 1.281741488841416698e+00 6.403140050166215014e-01 8.627620364979279310e-01 1.464426355991565121e+00 6.103899782405134422e-01 1.124884456955722589e+00
1.162403694054003234e+00 6.364241672565618124e-01 8.623025076218179263e-01 1.478868292930351602e+00 5.984226146943442126e-01 7.415423122422064584e-01 3.477742269742015724e-01 4.328296366933807038e-01 9.072832758530871011e-01 1.289836813693515882e+00 6.364241672565617014e-01 8.623025076218181484e-01 1.478868292930351602e+00 5.984226146943445457e-01 1.128234527618626526e+00
1.163494256333431842e+00 6.321744688689853175e-01 8.614077537594568845e-01 1.492951444052408094e+00 5.857901854303968481e-01 7.293774951296394526e-01 3.281470464139231713e-01 4.388011956784146350e-01 8.962039786912286976e-01 1.297592764290970813e+00 6.321744688689852065e-01 8.614077537594571066e-01 1.492951444052408094e+00 5.857901854303971811e-01 1.131754670456377454e+00
1.164399215777920160e+00 6.274480163129817489e-01 8.599964267557492770e-01 1.506625304493673934e+00 5.725215456363464961e-01 7.177982792556152347e-01 3.086264788174531981e-01 4.456310988734744627e-01 8.850392489513396743e-01 1.305058331256039761e+00 6.274480163129816379e-01 8.599964267557494990e-01 1.506625304493673712e+00 5.725215456363468292e-01 1.135418349752678857e+00
