2.218724436504817987e+00 3.339166880820170213e+00 5.440609784012484518e+00 3.112431227811213841e+00 5.845933925178399271e-01 5.634087239260280988e+00 1.122827992733165470e+00 5.583735295350317429e+00 3.574167403319631564e+00 5.193745342788463892e-01 2.182158473471410357e-02 3.347151912209945124e+00 4.848008516942699409e+00 4.237065847944646357e+00 5.509142324715997852e+00
2.290528131401108780e+00 3.391747824191452931e+00 5.417864675099803407e+00 3.058827908294690534e+00 6.176567442638869476e-01 5.644184544842456575e+00 1.123744106405622167e+00 5.624199032806706633e+00 3.541646965575086625e+00 4.599019371015234947e-01 7.440252810599706779e-02 3.324406803297264457e+00 4.794405197426176102e+00 4.270129199690693156e+00 5.550845164616180938e+00
2.363157144945905230e+00 3.447067068440141213e+00 5.399694166291471475e+00 3.007430592628586474e+00 6.507032262748052576e-01 5.649883704286568609e+00 1.133434134450152397e+00 5.660869024642937397e+00 3.504986004583834802e+00 4.005129009397727646e-01 1.297217723546853496e-01 3.306236294488932081e+00 4.743007881760072486e+00 4.303175681701611133e+00 5.592312336255782945e+00
2.418014786566838215e+00 3.492963734632946071e+00 5.395409465996999110e+00 2.974987014743770253e+00 6.714342165673388152e-01 5.647088994195029521e+00 1.148692264819330289e+00 5.684069819295880066e+00 3.469714160112943979e+00 3.563839630859366725e-01 1.756184385474899856e-01 3.301951594194459716e+00 4.710564303875256265e+00 4.323906671994144801e+00 5.621328195343074263e+00
2.452240760300861577e+00 3.526016464856399413e+00 5.402580003637291739e+00 2.961919029917476465e+00 6.783282259775156309e-01 5.638879325331186187e+00 1.162254169167100004e+00 5.695892025727305352e+00 3.440293310593944387e+00 3.286777638768529353e-01 2.086711687709437713e-01 3.309122131834758562e+00 4.697496319048962476e+00 4.330800681404321395e+00 5.635668136198022538e+00
2.474415268198195239e+00 3.550359818232118325e+00 5.413471345644307320e+00 2.958201270867259591e+00 6.785203063084878083e-01 5.629802478913871866e+00 1.172304097039055248e+00 5.702559078862450725e+00 3.416817795807383984e+00 3.103286574080912352e-01 2.330145221466628502e-01 3.320013473841774587e+00 4.693778559998745159e+00 4.330992761735293684e+00 5.641962915288172731e+00
2.490546608836714082e+00 3.569418887774177485e+00 5.424123296896133262e+00 2.957651035450824750e+00 6.767287515413810128e-01 5.621703540226112850e+00 1.179774235333558075e+00 5.707128592259907762e+00 3.397889318244661006e+00 2.967847402601672679e-01 2.520735916887218431e-01 3.330665425093600529e+00 4.693228324582309874e+00 4.329201206968186888e+00 5.645035667417455549e+00
2.503307479102473643e+00 3.584981972712291576e+00 5.433453159163090795e+00 2.957971478126380838e+00 6.746925928129643424e-01 5.614890092955383771e+00 1.185564203198667732e+00 5.710655169040619761e+00 3.382308131481146063e+00 2.860489611884362571e-01 2.676366766268357122e-01 3.339995287360558063e+00 4.693548767257865961e+00 4.327165048239770329e+00 5.646899786775053443e+00
2.513870654356823220e+00 3.598014917224105602e+00 5.441405947950232580e+00 2.958457740222235621e+00 6.728825555262150093e-01 5.609212524693052870e+00 1.190217705181239927e+00 5.713525334459307992e+00 3.369244590998785149e+00 2.772080820874238682e-01 2.806696211386496276e-01 3.347948076147699847e+00 4.694035029353720745e+00 4.325355010953020773e+00 5.648266401065764164e+00
2.522825907010429969e+00 3.609106331371646270e+00 5.448178286736902187e+00 2.958923279389090943e+00 6.713651414183323674e-01 5.604452175057218710e+00 1.194053633453647567e+00 5.715920233541816664e+00 3.358133465368033033e+00 2.697699161532515766e-01 2.917610352861902401e-01 3.354720414934369010e+00 4.694500568520576067e+00 4.323837596845137909e+00 5.649378058669507929e+00
2.530523956220392279e+00 3.618652259047739683e+00 5.453982716296441602e+00 2.959330947107227328e+00 6.701051034018070673e-01 5.600421278723932694e+00 1.197271028078556121e+00 5.717947881998615145e+00 3.348578565107517946e+00 2.634254250658018548e-01 3.013069629622836532e-01 3.360524844493908425e+00 4.694908236238712007e+00 4.322577558828612609e+00 5.650324041138527598e+00
2.537201971581166671e+00 3.626936951620271188e+00 5.458995200601490794e+00 2.959681603940297556e+00 6.690535121714668021e-01 5.596975373859645941e+00 1.200003469533807099e+00 5.719682316598689198e+00 3.340292282388767298e+00 2.579605011490953004e-01 3.095916555348153243e-01 3.365537328798957617e+00 4.695258893071781792e+00 4.321525967598272899e+00 5.651144364872948245e+00
2.543033436161610705e+00 3.634173231156405226e+00 5.463353023806185149e+00 2.959983508661718332e+00 6.681684047550849881e-01 5.594005536288493730e+00 1.202345940359263565e+00 5.721177754875071741e+00 3.333059020877817691e+00 2.532180532260940309e-01 3.168279350709494735e-01 3.369895152003651084e+00 4.695560797793200791e+00 4.320640860181888421e+00 5.651862068040666820e+00
2.548151253608838651e+00 3.640525372264102444e+00 5.467162797956139464e+00 2.960244841071180133e+00 6.674171281047089899e-01 5.591428928425355771e+00 1.204368855198467037e+00 5.722475328056140675e+00 3.326712632830394423e+00 2.490785707841176311e-01 3.231800761786463028e-01 3.373704926153604955e+00 4.695822130202662592e+00 4.319889583531512756e+00 5.652493200468275525e+00
2.552660333362411826e+00 3.646123275909586514e+00 5.470508362538738290e+00 2.960472335640134123e+00 6.667747092295502886e-01 5.589181441452395482e+00 1.206126037905947523e+00 5.723607003995764053e+00 3.321122008637972023e+00 2.454487082874128867e-01 3.287779798241309281e-01 3.377050490736202892e+00 4.696049624771616138e+00 4.319247164656355054e+00 5.653050142174856241e+00
2.556645325520418677e+00 3.651071755482719450e+00 5.473456778348168683e+00 2.960671343456299454e+00 6.662219138840450583e-01 5.587212511027709105e+00 1.207659618988370820e+00 5.724598120739106122e+00 3.316181560609143819e+00 2.422539976248488658e-01 3.337264593972636972e-01 3.379998906545633286e+00 4.696248632587781913e+00 4.318694369310850156e+00 5.653542908560706515e+00
2.560175743212599553e+00 3.655456848963753114e+00 5.476062597071859273e+00 2.960846128879066619e+00 6.657437178660974286e-01 5.585481538903570353e+00 1.209003220430713066e+00 5.725469103827440343e+00 3.311804754698304265e+00 2.394339619959712506e-01 3.381115528782971946e-01 3.382604725269323875e+00 4.696423418010549078e+00 4.318216173292902305e+00 5.653979799643155779e+00
2.563309510077942388e+00 3.659350227777851128e+00 5.478370875203283141e+00 2.961000135912502440e+00 6.653282071522510499e-01 5.583955407478707222e+00 1.210184113888893798e+00 5.726236663309777875e+00 3.307919603009917608e+00 2.369387328369856882e-01 3.420049316923949867e-01 3.384913003400747300e+00 4.696577425043984455e+00 4.317800662579055704e+00 5.654367796351219333e+00
2.566095490882332797e+00 3.662812346406413955e+00 5.480419322185270836e+00 2.961136187807513753e+00 6.649657999073386172e-01 5.582606726026962285e+00 1.211224728761667979e+00 5.726914646090277117e+00 3.304465452158938721e+00 2.347266491580090597e-01 3.454670503209580357e-01 3.386961450382734551e+00 4.696713476938995768e+00 4.317438255334143271e+00 5.654712834020171108e+00
2.568575338284682097e+00 3.665894738425076849e+00 5.482239856389594657e+00 2.961256630928125855e+00 6.646486923213569264e-01 5.581412569933401180e+00 1.212143732230041016e+00 5.727514654532010141e+00 3.301390647643226650e+00 2.327625177165322523e-01 3.485494423396208741e-01 3.388781984587058371e+00 4.696833920059607870e+00 4.317121147748161469e+00 5.655020003052954713e+00
2.570784867365722981e+00 3.668641722416687845e+00 5.483859752676016441e+00 2.961363438586788188e+00 6.643704579532877519e-01 5.580353557021760835e+00 1.212956819222376970e+00 5.728046503540147327e+00 3.298650802160437490e+00 2.310163275942631045e-01 3.512964263312319257e-01 3.390401880873479712e+00 4.696940727718270203e+00 4.316842913380091851e+00 5.655293700878805119e+00
2.572755097512945621e+00 3.671091692738733592e+00 5.485302504277829172e+00 2.961458287082459950e+00 6.641257531390432067e-01 5.579413158334846301e+00 1.213677301203726744e+00 5.728518564105677058e+00 3.296207487742000009e+00 2.294622831413594688e-01 3.537463966532778947e-01 3.391844632475292887e+00 4.697035576213941965e+00 4.316598208565847195e+00 5.655537749369075939e+00
2.574513056000608646e+00 3.673278113490086927e+00 5.486588481708960963e+00 2.961542612410884789e+00 6.639100967686036858e-01 5.578577174825569251e+00 1.214316552659050252e+00 5.728938025729291006e+00 3.294027230250064608e+00 2.280780638086152834e-01 3.559328174046310078e-01 3.393130609906424677e+00 4.697119901542366804e+00 4.316382552195407563e+00 5.655755487027008144e+00
2.576082408164104276e+00 3.675230296974684396e+00 5.487735445134866552e+00 2.961617653356992896e+00 6.637197030818994259e-01 5.577833333440221253e+00 1.214884355113829972e+00 5.729311099976777122e+00 3.292080723022986710e+00 2.268442482871215748e-01 3.578850008892296986e-01 3.394277573332330711e+00 4.697194942488473579e+00 4.316192158508703081e+00 5.655949842426108987e+00
2.577483959474478503e+00 3.676974023296638805e+00 5.488758949277932508e+00 2.961684484829110175e+00 6.635513528895246038e-01 5.577170970511154735e+00 1.215389166163772794e+00 5.729643180667349789e+00 3.290342201826095714e+00 2.257438594839111801e-01 3.596287272111838851e-01 3.395301077475397111e+00 4.697261773960589970e+00 4.316023808316328036e+00 5.656123393513935227e+00
2.578736061557685755e+00 3.678532041055418311e+00 5.489672668282580048e+00 2.961744044077134763e+00 6.634022930788906480e-01 5.576580779989318337e+00 1.215838332770966757e+00 5.729938971648424584e+00 3.288788940359845370e+00 2.247619997065789521e-01 3.611867449699628918e-01 3.396214796480043763e+00 4.697321333208615002e+00 4.315874748505693859e+00 5.656278416121217845e+00
2.579854945104735009e+00 3.679924477699481500e+00 5.490488660051765279e+00 2.961797151631888614e+00 6.632701572465503626e-01 5.576054610549083357e+00 1.216238262532218117e+00 5.730202590002510199e+00 3.287400837254133013e+00 2.238855541896158374e-01 3.625791816140258583e-01 3.397030788249229882e+00 4.697374440763368852e+00 4.315742612673353129e+00 5.656416924118716771e+00
2.580854996302709203e+00 3.681169180192521928e+00 5.491217584118841977e+00 2.961844528263728904e+00 6.631529023234151721e-01 5.575585300060163618e+00 1.216594562813701597e+00 5.730437650379616166e+00 3.286160073550646210e+00 2.231029471479839543e-01 3.638238841070662311e-01 3.397759712316306135e+00 4.697421817395208699e+00 4.315625357750217717e+00 5.656540703025755512e+00
2.581748988985031801e+00 3.682282001112081815e+00 5.491868883322542416e+00 2.961886808891960321e+00 6.630487574588966870e-01 5.575166539025833146e+00 1.216912154991363071e+00 5.730647334639198398e+00 3.285050825318765355e+00 2.224039387765031073e-01 3.649367050266225099e-01 3.398411011520008351e+00 4.697464098023441892e+00 4.315521212885696123e+00 5.656651338416605945e+00
2.582548281558997960e+00 3.683277041386179285e+00 5.492450936877362189e+00 2.961924554123531284e+00 6.629561824111916968e-01 5.574792756774036739e+00 1.217195369162851204e+00 5.730834449914410378e+00 3.284059020036716348e+00 2.217794546075158302e-01 3.659317453007198129e-01 3.398993065074827236e+00 4.697501843255013299e+00 4.315428637837991133e+00 5.656750240140230090e+00
