1.000000000000000000e+00 1.000000000000000000e+00 1.000000000000000000e+00 1.000000000000000000e+00 1.000000000000000000e+00 1.000000000000000000e+00 1.000000000000000000e+00 1.000000000000000000e+00 1.000000000000000000e+00 1.000000000000000000e+00 1.000000000000000000e+00 1.000000000000000000e+00 1.000000000000000000e+00 1.000000000000000000e+00 1.000000000000000000e+00
1.022878532870754364e+00 9.808310831658290097e-01 1.022290318219893690e+00 1.021145241211816934e+00 9.789946928183108632e-01 1.035380784442156532e+00 1.008073302167887597e+00 9.733079325233744417e-01 1.030833015942254072e+00 1.000705128564201241e+00 9.808310831658290097e-01 1.022290318219893690e+00 1.021145241211816934e+00 9.789946928183108632e-01 1.022878532870754587e+00
1.045154208720641131e+00 9.641441440124591811e-01 1.041007248882080516e+00 1.040096634770033335e+00 9.591488581200238173e-01 1.069594380289399682e+00 1.016768481605283769e+00 9.438239427600729758e-01 1.057491038762511604e+00 1.004479302915470385e+00 9.641441440124591811e-01 1.041007248882080516e+00 1.040096634770033335e+00 9.591488581200239283e-01 1.043865338485030048e+00
1.066444731459157858e+00 9.504095352224282145e-01 1.055139487630409434e+00 1.056407060616821658e+00 9.420745170583617600e-01 1.101301329380331984e+00 1.025446669325317028e+00 9.125229175028570783e-01 1.079725909625569802e+00 1.011351847394005077e+00 9.504095352224282145e-01 1.055139487630409434e+00 1.056407060616821658e+00 9.420745170583618711e-01 1.062679245812173656e+00
1.086479682301077609e+00 9.397523221415572392e-01 1.064321989319841899e+00 1.069869802716562290e+00 9.286930344199648690e-01 1.129655025938825164e+00 1.033451068673461704e+00 8.802782352540597932e-01 1.097922811956700828e+00 1.020849614046431597e+00 9.397523221415572392e-01 1.064321989319841899e+00 1.069869802716562290e+00 9.286930344199649801e-01 1.079295917648356085e+00
1.105118308925514548e+00 9.319835745863690457e-01 1.068733459538263153e+00 1.080470973941849655e+00 9.192189156259225058e-01 1.154355244219877896e+00 1.040259188278854996e+00 8.477425518345066413e-01 1.112773125978579358e+00 1.032234658752937184e+00 9.319835745863690457e-01 1.068733459538263153e+00 1.080470973941849655e+00 9.192189156259226168e-01 1.093873415900491919e+00
1.122338984298084874e+00 9.267195075042795605e-01 1.068857645924163657e+00 1.088325424628649118e+00 9.133594418289703309e-01 1.175499653792681398e+00 1.045526310609759868e+00 8.153423761188142160e-01 1.124984580959320857e+00 1.044761473832867660e+00 9.267195075042795605e-01 1.068857645924163657e+00 1.088325424628649118e+00 9.133594418289704420e-01 1.106661230884047997e+00
1.138212025391176496e+00 9.234985856110392577e-01 1.065273401708329404e+00 1.093631137395550734e+00 9.105546568321981615e-01 1.193391805686300211e+00 1.049057408086387477e+00 7.833276231447371396e-01 1.135137398821406185e+00 1.057831213495101119e+00 9.234985856110392577e-01 1.065273401708329626e+00 1.093631137395550734e+00 9.105546568321982726e-01 1.117933435256373453e+00
1.152868344971680337e+00 9.218576245205977182e-01 1.058534623029349087e+00 1.096642467528744946e+00 9.101571017182870094e-01 1.208399160113811099e+00 1.050759801074208299e+00 7.518268504379862494e-01 1.143660766622699665e+00 1.071036684546894602e+00 9.218576245205977182e-01 1.058534623029349309e+00 1.096642467528744946e+00 9.101571017182871204e-01 1.127953168766832270e+00
1.166471430975227541e+00 9.213700326796879780e-01 1.049124671638346884e+00 1.097652243049134890e+00 9.115354014494979618e-01 1.220875432683452333e+00 1.050603371087885707e+00 7.208890607371744030e-01 1.150866239520911716e+00 1.084143328356992342e+00 9.213700326796879780e-01 1.049124671638347106e+00 1.097652243049135112e+00 9.115354014494980728e-01 1.136958329064062800e+00
1.179195444904772350e+00 9.216612381121169761e-01 1.037451467981591380e+00 1.096976397765047961e+00 9.141219214783179448e-01 1.231128166374050759e+00 1.048593973940262325e+00 6.905114172367399217e-01 1.156992911403704749e+00 1.097047247371285783e+00 9.216612381121169761e-01 1.037451467981591602e+00 1.096976397765048183e+00 9.141219214783180558e-01 1.145157372917311456e+00
1.191209629976846207e+00 9.224131447343982826e-01 1.023858432892961634e+00 1.094939512682552518e+00 9.174279883208489306e-01 1.239410770443225340e+00 1.044757623544220415e+00 6.606574442132642222e-01 1.162244045216311417e+00 1.109732741907170528e+00 9.224131447343982826e-01 1.023858432892961856e+00 1.094939512682552740e+00 9.174279883208490416e-01 1.152728640591963671e+00
1.202668195162501785e+00 9.233640774950103713e-01 1.008638712465468101e+00 1.091861793519532720e+00 9.210432980892709898e-01 1.245925760447147868e+00 1.039131975463300162e+00 6.312696833732818202e-01 1.166809975243753739e+00 1.122237969294460624e+00 9.233640774950103713e-01 1.008638712465468323e+00 1.091861793519532942e+00 9.210432980892711008e-01 1.159820472099795774e+00
1.213704589132511780e+00 9.243071105256953635e-01 9.920481175036829358e-01 1.088048322557124026e+00 9.246292137759031249e-01 1.250832560555364292e+00 1.031762581096186793e+00 6.022791339548788647e-01 1.170878504515213692e+00 1.134630281337138058e+00 9.243071105256954745e-01 9.920481175036832688e-01 1.088048322557124248e+00 9.246292137759032359e-01 1.166551404777191880e+00
1.224429123188728541e+00 9.250878922572323138e-01 9.743160400681588618e-01 1.083781029290898923e+00 9.279109058465532245e-01 1.254257092392831785e+00 1.022702359435800901e+00 5.736126557911412904e-01 1.174635836154649615e+00 1.146989977481222445e+00 9.250878922572324248e-01 9.743160400681591948e-01 1.083781029290899145e+00 9.279109058465533355e-01 1.173010495165556444e+00
1.234929037399588925e+00 9.256023144879086395e-01 9.556549079168947802e-01 1.079313355217893955e+00 9.306704597100403653e-01 1.256302125452355645e+00 1.012013335447284001e+00 5.451989333489922762e-01 1.178261110931327460e+00 1.159400407711248304e+00 9.256023144879087505e-01 9.556549079168951133e-01 1.079313355217894177e+00 9.306704597100404763e-01 1.179257969102519565e+00
1.245270252309004233e+00 9.257940617757502988e-01 9.362687833244719426e-01 1.074867257613449700e+00 9.327415301892698629e-01 1.257057896530050511e+00 9.997699629775999020e-01 5.169733326177528010e-01 1.181917200972207871e+00 1.171942371875280386e+00 9.257940617757504098e-01 9.362687833244723867e-01 1.074867257613449922e+00 9.327415301892699739e-01 1.185326372547520712e+00
1.255500184400530905e+00 9.256519341117389610e-01 9.163612482735051801e-01 1.070632026028210726e+00 9.340053619102580695e-01 1.256612438520417596e+00 9.860633861254948229e-01 4.888818340177757960e-01 1.185739997575926630e+00 1.184691059865155216e+00 9.256519341117390720e-01 9.163612482735056242e-01 1.070632026028210948e+00 9.340053619102581806e-01 1.191222344830969559e+00
1.265651120042883715e+00 9.252067339732610307e-01 8.961421427112949978e-01 1.066764339814687546e+00 9.343876669851683969e-01 1.255060768782386704e+00 9.710058804901842144e-01 4.608840974592851580e-01 1.189828124978472790e+00 1.197714154186975577e+00 9.252067339732611417e-01 8.961421427112954419e-01 1.066764339814687768e+00 9.343876669851685079e-01 1.196929113425975189e+00
1.275743738876332189e+00 9.245274128926901369e-01 8.758322683395097785e-01 1.063389041498212562e+00 9.338557397765382406e-01 1.252511820000347109e+00 9.547345365054443755e-01 4.329555830785993265e-01 1.194234781767258946e+00 1.211070105106161199e+00 9.245274128926902479e-01 8.758322683395102226e-01 1.063389041498212784e+00 9.338557397765383516e-01 1.202409804362280177e+00
