1.000000000000000000e+00 1.000000000000000000e+00 1.000000000000000000e+00 1.000000000000000000e+00 1.000000000000000000e+00 1.000000000000000000e+00 1.000000000000000000e+00 1.000000000000000000e+00 1.000000000000000000e+00 1.000000000000000000e+00 1.000000000000000000e+00 1.000000000000000000e+00 1.000000000000000000e+00 1.000000000000000000e+00 1.000000000000000000e+00
8.823389738075485544e-01 9.486750657614174687e-01 8.916655416901480002e-01 8.905204646820714665e-01 9.468386754138993222e-01 9.543560878090568966e-01 9.086981701844712989e-01 1.056180327629663296e+00 9.314578839588376624e-01 9.196804319311016052e-01 9.486750657614174687e-01 8.916655416901480002e-01 8.905204646820714665e-01 9.468386754138993222e-01 8.823389738075484434e-01
8.145090370701657534e-01 9.280874694067815511e-01 8.279099531485043517e-01 8.119686804685251058e-01 9.432516540654641846e-01 8.862235592113703042e-01 8.282345983015180213e-01 1.131925125690858014e+00 8.882965101213149417e-01 8.181718871926434433e-01 9.280874694067815511e-01 8.279099531485043517e-01 8.119686804685251058e-01 9.432516540654641846e-01 8.201814140005064813e-01
8.019446695229149880e-01 9.345869070890476804e-01 8.241161558629592765e-01 7.727730362430854649e-01 9.841189726030690199e-01 8.336190833822602064e-01 7.875184506672586737e-01 1.202886103374745996e+00 8.808406456873326684e-01 7.437449593796827685e-01 9.345869070890476804e-01 8.241161558629592765e-01 7.727730362430854649e-01 9.841189726030691309e-01 8.168796645210325558e-01
7.942063784076290878e-01 9.295189488181008208e-01 8.337661324858106626e-01 7.382021425835847417e-01 1.020250086886602015e+00 7.969154321700002708e-01 7.513046032399292029e-01 1.247097845776483860e+00 8.837601587633494571e-01 6.964179764721502019e-01 9.295189488181009319e-01 8.337661324858106626e-01 7.382021425835847417e-01 1.020250086886602015e+00 8.178102234654187619e-01
7.894713480230451941e-01 9.183664029712979016e-01 8.507732526957830776e-01 7.070260095065001860e-01 1.051608974022212539e+00 7.695972022014267999e-01 7.169922214612181044e-01 1.272423582802685305e+00 8.898275272532719660e-01 6.693864115444779772e-01 9.183664029712981236e-01 8.507732526957830776e-01 7.070260095065001860e-01 1.051608974022212539e+00 8.195605538020236391e-01
7.877950839269541872e-01 9.052850327201878988e-01 8.723344541780555517e-01 6.793118487192727484e-01 1.079641283592658985e+00 7.479187197916095098e-01 6.849821816572310151e-01 1.285191541110824565e+00 8.955287175088626483e-01 6.568181955419706286e-01 9.052850327201881209e-01 8.723344541780555517e-01 6.793118487192727484e-01 1.079641283592658985e+00 8.215726152005887739e-01
7.886559362408207541e-01 8.921149378453918644e-01 8.965074016267802204e-01 6.545380974338648183e-01 1.105090117657387516e+00 7.298582351729528961e-01 6.556651403552962165e-01 1.289068043443511336e+00 8.988643938767059138e-01 6.544889540887497414e-01 8.921149378453921974e-01 8.965074016267802204e-01 6.545380974338648183e-01 1.105090117657387516e+00 8.232811392497644265e-01
7.914940375244824411e-01 8.797260623490990028e-01 9.221132715448621120e-01 6.320884139636072652e-01 1.128563486895627355e+00 7.142004287548000541e-01 6.292060326072024257e-01 1.286355574934323398e+00 8.988344038197375596e-01 6.593407554238800428e-01 8.797260623490993359e-01 9.221132715448621120e-01 6.320884139636072652e-01 1.128563486895627355e+00 8.244219162122869982e-01
7.957586902769404613e-01 8.684814293799985041e-01 9.484377862334014697e-01 6.113822929189546285e-01 1.150593203867506187e+00 7.001319994448494954e-01 6.054536225734782340e-01 1.278606325620914363e+00 8.950358789246627422e-01 6.690967903366308311e-01 8.684814293799988372e-01 9.484377862334014697e-01 6.113822929189546285e-01 1.150593203867506187e+00 8.249166637017941728e-01
8.009443539882140639e-01 8.584746259314962602e-01 9.750412177649658840e-01 5.919657859194324967e-01 1.171649996458725473e+00 6.870648674984026760e-01 5.840241555512382110e-01 1.266953647592852450e+00 8.874251257266969617e-01 6.820333233470124989e-01 8.584746259314965933e-01 9.750412177649658840e-01 5.919657859194324967e-01 1.171649996458725473e+00 8.247943985716787996e-01
8.066007679142386255e-01 8.496387388085562264e-01 1.001627378453145534e+00 5.735418741768973927e-01 1.192131054376216914e+00 6.745677948635228072e-01 5.644126522481777153e-01 1.252282598646747180e+00 8.761678110925706919e-01 6.968441960639397692e-01 8.496387388085565595e-01 1.001627378453145534e+00 5.735418741768973927e-01 1.192131054376216914e+00 8.241249933019331175e-01
8.123367116045623337e-01 8.418005748674043387e-01 1.027959695034722731e+00 5.559654650169811863e-01 1.212351110602537752e+00 6.623395962030769191e-01 5.460858792749041513e-01 1.235329085485684431e+00 8.615512750791074481e-01 7.125516571529006971e-01 8.418005748674046718e-01 1.027959695034722731e+00 5.559654650169812973e-01 1.212351110602537752e+00 8.229787675383535284e-01
8.178228544713298520e-01 8.347115237169645541e-01 1.053810647208375251e+00 5.392188548420511207e-01 1.232542224367178196e+00 6.501963673692706669e-01 5.285449395640363646e-01 1.216741899991792053e+00 8.439362149979400263e-01 7.284433260227771711e-01 8.347115237169648871e-01 1.053810647208375251e+00 5.392188548420512317e-01 1.232542224367178196e+00 8.214081784729236890e-01
8.227967501045804211e-01 8.280707302413279347e-01 1.078934817581250316e+00 5.233796573321090051e-01 1.252861086995844753e+00 6.380624277405768652e-01 5.113619334919030646e-01 1.197119214136873167e+00 8.237297897021352844e-01 7.440267928882354775e-01 8.280707302413282678e-01 1.078934817581250316e+00 5.233796573321091161e-01 1.252861086995844753e+00 8.194457562264785278e-01
8.270700793353745750e-01 8.215474521680402598e-01 1.103058128990444420e+00 5.085889324530062927e-01 1.273401501959563253e+00 6.259614059097130534e-01 4.941978431198937316e-01 1.177023125744216081e+00 8.013674582834545701e-01 7.589961996150080825e-01 8.215474521680405928e-01 1.103058128990444420e+00 5.085889324530064037e-01 1.273401501959563253e+00 8.171127300314915409e-01
8.305358826465908395e-01 8.148041061425727039e-01 1.125877234702610696e+00 4.950243969619279039e-01 1.294210372984643476e+00 6.140061408008755661e-01 4.768068549310158222e-01 1.156975455482517567e+00 7.772965630232924195e-01 7.732051061725907504e-01 8.148041061425730369e-01 1.125877234702610696e+00 4.950243969619280149e-01 1.294210372984643476e+00 8.144337488679812553e-01
8.331722851256069262e-01 8.075179721429064372e-01 1.147063736934635036e+00 4.828814775843545126e-01 1.315305898913456062e+00 6.023871635817769077e-01 4.590302910107612044e-01 1.137440264005268320e+00 7.519598099702988758e-01 7.866401836699010719e-01 8.075179721429067703e-01 1.147063736934635036e+00 4.828814775843546236e-01 1.315305898913456062e+00 8.114536222062505022e-01
8.350396357070751785e-01 7.993979339225510961e-01 1.166268686005673905e+00 4.723629339835314078e-01 1.336696458759067507e+00 5.913604713892717246e-01 4.407827094161678172e-01 1.118800499844201823e+00 7.257806574448637527e-01 7.993917740230696012e-01 7.993979339225514291e-01 1.166268686005673905e+00 4.723629339835315744e-01 1.336696458759067507e+00 8.082524198106925128e-01
8.362698556225786062e-01 7.901932162940598081e-01 1.183124279613696705e+00 4.636757402966719677e-01 1.358398425542184373e+00 5.812359500570928317e-01 4.220333119190721183e-01 1.101335987901053581e+00 6.991545922140031122e-01 8.116197336579815680e-01 7.901932162940601412e-01 1.183124279613696705e+00 4.636757402966720787e-01 1.358398425542184373e+00 8.049561083346612467e-01
