1.000000000000000000e+00 1.000000000000000000e+00 1.000000000000000000e+00 1.000000000000000000e+00 1.000000000000000000e+00 1.000000000000000000e+00 1.000000000000000000e+00 1.000000000000000000e+00 1.000000000000000000e+00 1.000000000000000000e+00 1.000000000000000000e+00 1.000000000000000000e+00 1.000000000000000000e+00 1.000000000000000000e+00 1.000000000000000000e+00
1.003268361838679290e+00 9.763441970163762029e-01 1.004063605215743005e+00 1.002918528207666471e+00 9.745078066688580565e-01 1.024075012818933317e+00 9.942070046818295426e-01 9.848715225382054239e-01 1.016966718456196128e+00 9.893993569409780253e-01 9.763441970163762029e-01 1.004063605215743005e+00 1.002918528207666471e+00 9.745078066688580565e-01 1.003268361838679290e+00
1.006456653008939828e+00 9.526386608516415055e-01 1.006186375795577126e+00 1.005199742412273611e+00 9.483725501533536439e-01 1.045459361587885105e+00 9.855566639851438548e-01 9.672842181896252889e-01 1.032542491197395496e+00 9.788068794361061142e-01 9.526386608516415055e-01 1.006186375795577126e+00 1.005199742412273611e+00 9.483725501533536439e-01 1.006273293702386606e+00
1.009549238071452137e+00 9.294619092625363566e-01 1.006118832199232038e+00 1.007466860487368887e+00 9.222695606972679538e-01 1.062776639477226226e+00 9.743078612675150074e-01 9.479566121608634655e-01 1.046106482369950630e+00 9.688604195562519061e-01 9.294619092625363566e-01 1.006118832199232038e+00 1.007466860487368887e+00 9.222695606972679538e-01 1.008983077848095045e+00
1.012527903992229250e+00 9.072972427956043084e-01 1.003878126881043054e+00 1.010306957686827767e+00 8.968442767742357269e-01 1.075092815676444546e+00 9.608819506986125969e-01 9.276935969331498999e-01 1.057123010613911784e+00 9.601186109267138002e-01 9.072972427956043084e-01 1.003878126881043054e+00 1.010306957686827767e+00 8.968442767742357269e-01 1.011384153134207819e+00
1.015373718671648273e+00 8.864433852991303597e-01 9.997456118575467343e-01 1.014147436332496932e+00 8.725901206323484205e-01 1.082091781509106454e+00 9.457711318841046655e-01 9.072275495567900805e-01 1.065246999051050691e+00 9.529588343646062665e-01 8.864433852991303597e-01 9.997456118575467343e-01 1.014147436332496932e+00 8.725901206323484205e-01 1.013482485306536507e+00
1.018069188741978381e+00 8.669983990752073710e-01 9.941826979867756098e-01 1.019207171968820713e+00 8.497929172534388620e-01 1.084043639476324428e+00 9.294474053757533216e-01 8.871148165695856846e-01 1.070359025460663194e+00 9.475473995180858644e-01 8.669983990752073710e-01 9.941826979867756098e-01 1.019207171968820713e+00 8.497929172534388620e-01 1.015299717785794975e+00
1.020600013407782392e+00 8.489044748894382098e-01 9.877151692560017793e-01 1.025522242221456715e+00 8.285487583446013993e-01 1.081622646216377159e+00 9.123069316760560321e-01 8.677147234404628540e-01 1.072529400110696418e+00 9.438770432728683657e-01 8.489044748894382098e-01 9.877151692560017793e-01 1.025522242221456937e+00 8.285487583446013993e-01 1.016866549802280861e+00
1.022956058276466074e+00 8.320137922541386288e-01 9.808369899625789534e-01 1.033007132442954834e+00 8.088216289108504098e-01 1.075690182224337432e+00 8.946546339926526592e-01 8.492257057677335963e-01 1.071949221884945569e+00 9.418329212988043597e-01 8.320137922541386288e-01 9.808369899625789534e-01 1.033007132442955056e+00 8.088216289108504098e-01 1.018216445232817957e+00
1.025131561341856123e+00 8.161438143872418172e-01 9.739549402864001726e-01 1.041514120789854170e+00 7.905036272409747822e-01 1.067124678957951600e+00 8.767138026437611975e-01 8.317387668966491621e-01 1.068865611250700676e+00 9.412520928236464135e-01 8.161438143872418172e-01 9.739549402864001726e-01 1.041514120789854392e+00 7.905036272409747822e-01 1.019381399816630340e+00
1.027124785067155877e+00 8.011113964138611987e-01 9.673696810840624050e-01 1.050874475807005437e+00 7.734588683936785003e-01 1.056721330477495169e+00 8.586440875740609657e-01 8.152831623941608763e-01 1.063537462487277319e+00 9.419624227174254738e-01 8.011113964138611987e-01 9.673696810840624050e-01 1.050874475807005659e+00 7.734588683936785003e-01 1.020389884968577077e+00
1.028937351970302005e+00 7.867489085507604063e-01 9.612798055864076874e-01 1.060921239200903088e+00 7.575487857581648665e-01 1.045149021035453707e+00 8.405585890759089684e-01 7.998570362242034548e-01 1.056211389178669746e+00 9.438023578272264347e-01 7.867489085507604063e-01 9.612798055864076874e-01 1.060921239200903310e+00 7.575487857581648665e-01 1.021266297736043827e+00
1.030573449718715562e+00 7.729094131191635020e-01 9.557970134189085476e-01 1.071499269256170006e+00 7.426438021244127219e-01 1.032943279375097667e+00 8.225372695433746939e-01 7.854451632216842283e-01 1.047111401199844805e+00 9.466282782696002762e-01 7.729094131191635020e-01 9.557970134189085476e-01 1.071499269256170228e+00 7.426438021244127219e-01 1.022031186239493739e+00
1.032039032280932078e+00 7.594666539818737405e-01 9.509648500318620412e-01 1.082468141478962531e+00 7.286271119388441075e-01 1.020518006842400016e+00 8.046370074820621277e-01 7.720282539100725705e-01 1.036436103916717588e+00 9.503154845301275966e-01 7.594666539818737405e-01 9.509648500318620412e-01 1.082468141478962753e+00 7.286271119388441075e-01 1.022701751173529905e+00
1.033341095484210825e+00 7.463132562174341622e-01 9.467769679617358269e-01 1.093701679343254574e+00 7.153947234464687055e-01 1.008184961660436363e+00 7.868993275193303383e-01 7.595874748179518576e-01 1.024359339060586294e+00 9.547566585438292952e-01 7.463132562174341622e-01 9.467769679617359380e-01 1.093701679343254796e+00 7.153947234464687055e-01 1.023292365106649671e+00
1.034487068654407205e+00 7.333587135863606221e-01 9.431930439417374190e-01 1.105086217802422111e+00 7.028541578044652516e-01 9.961748308172087008e-01 7.693565895742003891e-01 7.481064372381032168e-01 1.011032091719268333e+00 9.598597425383208481e-01 7.333587135863606221e-01 9.431930439417375300e-01 1.105086217802422333e+00 7.028541578044652516e-01 1.023815012125723456e+00
1.035484336869929800e+00 7.205277019172254827e-01 9.401517061390041174e-01 1.116518615216050003e+00 6.909229660646236670e-01 9.846567863683218791e-01 7.520370208909320509e-01 7.375718260025995177e-01 9.965846904156226982e-01 9.655460106565962874e-01 7.205277019172253716e-01 9.401517061390041174e-01 1.116518615216050225e+00 6.909229660646236670e-01 1.024279633674782808e+00
1.036339889885813381e+00 7.077587880721212255e-01 9.375804854490049633e-01 1.127904431647755112e+00 6.795275135268021849e-01 9.737551949941098961e-01 7.349687130502577936e-01 7.279732079209889628e-01 9.811289510839305006e-01 9.717485193135024790e-01 7.077587880721211144e-01 9.375804854490049633e-01 1.127904431647755334e+00 6.795275135268021849e-01 1.024694399280159374e+00
1.037060083231058805e+00 6.950034560511665349e-01 9.354031441941071945e-01 1.139156401704255916e+00 6.686021296065893793e-01 9.635631199602274766e-01 7.181826062491809548e-01 7.193022592524002112e-01 9.647601864825499085e-01 9.784108830766992115e-01 6.950034560511664239e-01 9.354031441941071945e-01 1.139156401704256139e+00 6.686021296065893793e-01 1.025065927460306003e+00
1.037650492909958366e+00 6.822253663189929984e-01 9.335448823731322676e-01 1.150193207487958613e+00 6.580885741598991867e-01 9.541527504308219276e-01 7.017144849445036137e-01 7.115515422280604962e-01 9.475590930766814024e-01 9.854862592090489759e-01 6.822253663189928874e-01 9.335448823731322676e-01 1.150193207487958835e+00 6.580885741598991867e-01 1.025399478052509306e+00
1.038115845533321480e+00 6.693998010178112690e-01 9.319359476172299761e-01 1.160938515620708822e+00 6.479357234778534425e-01 9.455831123692945983e-01 6.856060501866243495e-01 7.047129418281141700e-01 9.295935408086385410e-01 9.929364318064063388e-01 6.693998010178111580e-01 9.319359476172299761e-01 1.160938515620709044e+00 6.479357234778534425e-01 1.025699130626721134e+00
1.038460008503914400e+00 6.565132799578616840e-01 9.305141266523269117e-01 1.171320235289916578e+00 6.380993723063088652e-01 9.379054784571042580e-01 6.699051750488933532e-01 6.987758876734073699e-01 9.109202800759192975e-01 1.000730913537468014e+00 6.565132799578615730e-01 9.305141266523269117e-01 1.171320235289916800e+00 6.380993723063088652e-01 1.025967958004871283e+00
1.038686028392250771e+00 6.435633449482407453e-01 9.292265060890447792e-01 1.181269959472265096e+00 6.285420546639061135e-01 9.311668767866702057e-01 6.546654730848197046e-01 6.937255027093839344e-01 8.915865676673687679e-01 1.008846008421125040e+00 6.435633449482406343e-01 9.292265060890447792e-01 1.181269959472265318e+00 6.285420546639061135e-01 1.026208199978069446e+00
1.038796208727318593e+00 6.305585031224820725e-01 9.280307820236144423e-01 1.190722559390559043e+00 6.192327961760726307e-01 9.254120467507286341e-01 6.399453128969464499e-01 6.895408271545566681e-01 8.716317071470504052e-01 1.017263798177231005e+00 6.305585031224819614e-01 9.280307820236144423e-01 1.190722559390559265e+00 6.192327961760726307e-01 1.026421439769496402e+00
1.038792220490032836e+00 6.175182993164148870e-01 9.268962873963123572e-01 1.199615909637352873e+00 6.101467231841407601e-01 9.206841342662653860e-01 6.258063993452521734e-01 6.861932580017900962e-01 8.510884999913831406e-01 1.025971029793483646e+00 6.175182993164147760e-01 9.268962873963123572e-01 1.199615909637353095e+00 6.101467231841407601e-01 1.026608783935878400e+00
1.038675239458302757e+00 6.044734606108692621e-01 9.258048044627441575e-01 1.207890727780773110e+00 6.012644713669752505e-01 9.170243733198023550e-01 6.123120212625204895e-01 6.836453206422163920e-01 8.299846094910164895e-01 1.034957897307876129e+00 6.044734606108691510e-01 9.258048044627441575e-01 1.207890727780773332e+00 6.012644713669752505e-01 1.026771044609611216e+00
1.038446104336155695e+00 5.914660298702594243e-01 9.247511450072357642e-01 1.215490518102460671e+00 5.925713613292821202e-01 9.144709740858101288e-01 5.995250448449314096e-01 6.818498523989365845e-01 8.083438466483252594e-01 1.044216729872866400e+00 5.914660298702593133e-01 9.247511450072357642e-01 1.215490518102460893e+00 5.925713613292821202e-01 1.026908920885471588e+00
1.038105488627774298e+00 5.785493855547438891e-01 9.237434189249649208e-01 1.222361614823109344e+00 5.840563409592453015e-01 9.130574304569436528e-01 5.875057182426360880e-01 6.807496330091402648e-01 7.861873922393459724e-01 1.053740622209655475e+00 5.785493855547437780e-01 9.237434189249649208e-01 1.222361614823109566e+00 5.840563409592451904e-01 1.027023173703069947e+00
1.037654077929187624e+00 5.657880370328984831e-01 9.228028767274085720e-01 1.228453325607525848e+00 5.757107319944702040e-01 9.128104677705440873e-01 5.763093512365777826e-01 6.802774516791051385e-01 7.635349682494024792e-01 1.063522070982610535e+00 5.657880370328983721e-01 9.228028767274085720e-01 1.228453325607526070e+00 5.757107319944700929e-01 1.027114786042930383e+00
1.037092743187444599e+00 5.532570911541717651e-01 9.219632057045435980e-01 1.233718180380590335e+00 5.675268561964410541e-01 9.137478671233615346e-01 5.659839459211905011e-01 6.803565627018643980e-01 7.404059624414830454e-01 1.073551706951342721e+00 5.532570911541716541e-01 9.219632057045435980e-01 1.233718180380590557e+00 5.675268561964408320e-01 1.027185098171462307e+00
1.036422699967290750e+00 5.410413079135566461e-01 9.212691827526910959e-01 1.238112291929176489e+00 5.594966482353930237e-01 9.158764157852533616e-01 5.565678775760657393e-01 6.809014594824699396e-01 7.168204914339209033e-01 1.083817231400049375e+00 5.410413079135565351e-01 9.212691827526910959e-01 1.238112291929176711e+00 5.594966482353928017e-01 1.027235906698319878e+00
1.035645644200414717e+00 5.292336992331942991e-01 9.207746360566225752e-01 1.241595831669543903e+00 5.516103812553352359e-01 9.191902330158016055e-01 5.480877528374602514e-01 6.818188947171188730e-01 6.928003631190647882e-01 1.094302669198382150e+00 5.292336992331941881e-01 9.207746360566225752e-01 1.241595831669544125e+00 5.516103812553350139e-01 1.027269516956936135e+00
1.034763856413128957e+00 5.179336714816730192e-01 9.205397364658491899e-01 1.244133615295158979e+00 5.438556323337532250e-01 9.236696977994102165e-01 5.405565953482965869e-01 6.830090916554203417e-01 6.683698748730690919e-01 1.104988034540349995e+00 5.179336714816730192e-01 9.205397364658491899e-01 1.244133615295159201e+00 5.438556323337530030e-01 1.027288741039787734e+00
1.033780268941275393e+00 5.072447637948075405e-01 9.206277181990004665e-01 1.245695779359832001e+00 5.362165969906351748e-01 9.292811543827325105e-01 5.339725170947872135e-01 6.843671209426623880e-01 6.435563686462368871e-01 1.115849467559075103e+00 5.072447637948075405e-01 9.206277181990004665e-01 1.245695779359832223e+00 5.362165969906349527e-01 1.027296838646774457e+00
1.032698493827113762e+00 4.972720838568698287e-01 9.211012061170700260e-01 1.246258513829306747e+00 5.286738264059118730e-01 9.359774936966918091e-01 5.283180187144491669e-01 6.857844479044150621e-01 6.183904664780379701e-01 1.126859844688338885e+00 4.972720838568698287e-01 9.211012061170700260e-01 1.246258513829306969e+00 5.286738264059116510e-01 1.027297404173535877e+00
1.031522812476017847e+00 4.881195835361235025e-01 9.220183912363064671e-01 1.245804801562402142e+00 5.212044130236314077e-01 9.436996111851859714e-01 5.235600212118310948e-01 6.871506737537783627e-01 5.929059354379709879e-01 1.137989802197818534e+00 4.881195835361235025e-01 9.220183912363064671e-01 1.245804801562402364e+00 5.212044130236311856e-01 1.027294210174458433e+00
1.030258131211088557e+00 4.798873422199984029e-01 9.234293364269526849e-01 1.244325108253616197e+00 5.137825967456648435e-01 9.523786375821304828e-01 5.196506682672236144e-01 6.883554923767178924e-01 5.671391779636547614e-01 1.149209053435571448e+00 4.798873422199984029e-01 9.234293364269526849e-01 1.244325108253616419e+00 5.137825967456646215e-01 1.027291023239190304e+00
1.028909909161349390e+00 4.726690310822195262e-01 9.253727022808919678e-01 1.241817968862623189e+00 5.063807128018121828e-01 9.619387455280884458e-01 5.165288624832300446e-01 6.892908610019050641e-01 5.411284029406637774e-01 1.160487838588020626e+00 4.726690310822195262e-01 9.253727022808919678e-01 1.241817968862623411e+00 5.063807128018119608e-01 1.027291412227411938e+00
1.027484066191125756e+00 4.665497148636251201e-01 9.278731555708135126e-01 1.238290429325801911e+00 4.989703612584812653e-01 9.723002679582563035e-01 5.141224244757578443e-01 6.898533454570087153e-01 5.149125900319971860e-01 1.171798330189251836e+00 4.665497148636251201e-01 9.278731555708135126e-01 1.238290429325802133e+00 4.989703612584810433e-01 1.027298569873038581e+00
1.025986878782418898e+00 4.616041108666523174e-01 9.309396621958444529e-01 1.233758322352952908e+00 4.915236533524640627e-01 9.833828357519771579e-01 5.123507052794605832e-01 6.899465615510984584e-01 4.885303992962118924e-01 1.183115830982874428e+00 4.616041108666523174e-01 9.309396621958444529e-01 1.233758322352953130e+00 4.915236533524638407e-01 1.027315166731890717e+00
