1.000000000000000000e+00 1.000000000000000000e+00 1.000000000000000000e+00 1.000000000000000000e+00 1.000000000000000000e+00 1.000000000000000000e+00 1.000000000000000000e+00 1.000000000000000000e+00 1.000000000000000000e+00 1.000000000000000000e+00 1.000000000000000000e+00 1.000000000000000000e+00 1.000000000000000000e+00 1.000000000000000000e+00 1.000000000000000000e+00
9.705847434518871664e-01 9.688660534339549324e-01 9.736857502088255290e-01 9.725406732007488841e-01 9.670296630864367859e-01 1.005232060113561365e+00 9.710965088717327109e-01 1.004144172562923876e+00 9.938562226460991855e-01 9.705564042356059629e-01 9.688660534339549324e-01 9.736857502088254179e-01 9.725406732007488841e-01 9.670296630864367859e-01 9.705847434518870553e-01
9.430895411070865375e-01 9.363444632010518021e-01 9.487896207277780602e-01 9.460280203604826132e-01 9.350692729958198779e-01 1.002466317805394302e+00 9.343903533955665308e-01 1.009137035255190940e+00 9.894570696046925962e-01 9.339735625136165176e-01 9.363444632010518021e-01 9.487896207277779492e-01 9.460280203604826132e-01 9.350692729958198779e-01 9.447084218474347539e-01
9.191835691339468317e-01 9.055661661533910278e-01 9.296177722449955327e-01 9.218105006546885027e-01 9.084381176898435051e-01 9.916958956469915654e-01 8.947479165218999997e-01 1.016459759986435785e+00 9.853534137173809437e-01 8.930921635489820209e-01 9.055661661533910278e-01 9.296177722449954217e-01 9.218105006546885027e-01 9.084381176898435051e-01 9.244158550497905136e-01
8.996763357162684827e-01 8.796385932501487037e-01 9.191397553133158205e-01 9.007179665432135662e-01 8.898402926039425953e-01 9.751028259372024332e-01 8.564629320875880580e-01 1.027119238053381567e+00 9.809432720320799826e-01 8.515345078654619204e-01 8.796385932501487037e-01 9.191397553133157095e-01 9.007179665432135662e-01 8.898402926039425953e-01 9.105496701852374697e-01
8.842711002132723763e-01 8.598050566429571440e-01 9.176910979229406795e-01 8.827019559310048669e-01 8.793807645671974926e-01 9.552849386746889992e-01 8.212992255554129040e-01 1.040987638821396555e+00 9.765183526610976550e-01 8.117843965495957770e-01 8.598050566429571440e-01 9.176910979229406795e-01 8.827019559310048669e-01 8.793807645671973816e-01 9.025708030455884545e-01
8.720106218741355830e-01 8.455752094753816728e-01 9.238515538010905193e-01 8.670374519077115316e-01 8.755580995351184281e-01 9.337727954499378535e-01 7.889731154430728033e-01 1.057131177838769753e+00 9.727372591344786157e-01 7.747152247788267054e-01 8.455752094753816728e-01 9.238515538010905193e-01 8.670374519077114206e-01 8.755580995351183171e-01 8.992001039385484340e-01
8.618474820284065530e-01 8.358967930447607220e-01 9.358458250326306960e-01 8.527562644822982429e-01 8.766041900825896072e-01 9.110390229798629447e-01 7.585633603943351400e-01 1.074440995992694825e+00 9.702065702800101166e-01 7.403027953634846448e-01 8.358967930447607220e-01 9.358458250326306960e-01 8.527562644822981319e-01 8.766041900825894961e-01 8.990952103378349047e-01
8.529273492685028879e-01 8.299042958672454562e-01 9.522068273352706225e-01 8.389118386021605644e-01 8.810849283217458972e-01 8.870526658149634480e-01 7.293511708744822020e-01 1.091928771844405732e+00 9.693500289614204180e-01 7.082965897786447362e-01 8.299042958672454562e-01 9.522068273352706225e-01 8.389118386021604534e-01 8.810849283217457861e-01 9.011344445002427150e-01
8.446391360759952782e-01 8.271024131879565200e-01 9.718609116872605203e-01 8.246621319266203010e-01 8.879610390127741226e-01 8.616800601137032389e-01 7.010694019313995495e-01 1.108742507700675395e+00 9.704103567130791808e-01 6.785082018484477340e-01 8.271024131879565200e-01 9.718609116872605203e-01 8.246621319266201899e-01 8.879610390127741226e-01 9.044361947091479337e-01
8.365778988825085527e-01 8.272977684159147360e-01 9.940223217858683569e-01 8.092843555938989963e-01 8.964791953703182825e-01 8.348875597129639115e-01 6.739013705719638647e-01 1.124093193333401075e+00 9.734704711502234487e-01 6.508694592561093950e-01 8.272977684159147360e-01 9.940223217858683569e-01 8.092843555938988853e-01 8.964791953703182825e-01 9.083006690073230915e-01
8.284934017111880156e-01 8.304666867289074439e-01 1.018068036416901467e+00 7.921895023199397867e-01 9.060551074192783050e-01 8.068391154317232639e-01 6.484007281085523156e-01 1.137185912351537986e+00 9.784645910504240485e-01 6.253991127441234088e-01 8.304666867289075549e-01 1.018068036416901467e+00 7.921895023199396757e-01 9.060551074192783050e-01 9.121578048864061872e-01
8.202456026703595082e-01 8.366242965101070572e-01 1.043435858969467667e+00 7.729554003375234128e-01 9.161905669385597140e-01 7.779354296837074356e-01 6.253756704355858398e-01 1.147190948873544114e+00 9.851858977372829340e-01 6.021365180808784245e-01 8.366242965101071682e-01 1.043435858969467667e+00 7.729554003375234128e-01 9.161905669385597140e-01 9.155436802366525573e-01
8.117696775112586138e-01 8.457173981046126610e-01 1.069552615550329433e+00 7.513692677156434963e-01 9.264311260321692609e-01 7.487982363330996094e-01 6.057395249350685518e-01 1.153272852003113025e+00 9.933061183524370952e-01 5.810654553483441953e-01 8.457173981046127720e-01 1.069552615550329433e+00 7.513692677156434963e-01 9.264311260321692609e-01 9.181049348769884100e-01
8.030488325129639948e-01 8.575559524574020154e-01 1.095795464095169036e+00 7.274576019862182275e-01 9.363633109318715286e-01 7.201903432807601479e-01 5.903320983462843063e-01 1.154682873638318785e+00 1.002416963331730360e+00 5.620478681923475328e-01 8.575559524574021264e-01 1.095795464095169036e+00 7.274576019862182275e-01 9.363633109318715286e-01 9.196208085488508654e-01
7.940934349549603199e-01 8.717947424957200875e-01 1.121489324061785808e+00 7.014828232625734961e-01 9.456440209381210549e-01 6.928769199918165533e-01 5.797371657673695555e-01 1.150896892700900009e+00 1.012089051913601656e+00 5.447928138910054230e-01 8.717947424957201985e-01 1.121489324061785808e+00 7.014828232625734961e-01 9.456440209381209439e-01 9.200260576315285599e-01
7.849264964420175072e-01 8.879654704989464742e-01 1.145938902379602053e+00 6.739012747537954651e-01 9.540445269777393378e-01 6.674642158417906090e-01 5.741420414485804979e-01 1.141751995649467721e+00 1.021929931036437145e+00 5.288813584998833806e-01 8.879654704989465852e-01 1.145938902379602053e+00 6.739012747537954651e-01 9.540445269777392268e-01 9.194162450425967803e-01
7.755765695760832301e-01 9.055431088592392763e-01 1.168486289400504363e+00 6.452944705447931639e-01 9.614836644769122476e-01 6.442736585622222956e-01 5.732856245307653698e-01 1.127521014069983840e+00 1.031621197169648063e+00 5.138453448832036585e-01 9.055431088592393873e-01 1.168486289400504363e+00 6.452944705447931639e-01 9.614836644769121365e-01 9.180230746565835043e-01
7.660782878758697345e-01 9.240200483854901226e-01 1.188579174616736456e+00 6.162910760832549517e-01 9.680286901696132373e-01 6.232994318956048829e-01 5.765138103406733938e-01 1.108883053823070952e+00 1.040928330442314476e+00 4.992683830919827370e-01 9.240200483854902336e-01 1.188579174616736456e+00 6.162910760832549517e-01 9.680286901696131263e-01 9.161607487591844068e-01
7.564780408363214192e-01 9.429642046417644474e-01 1.205831890360337111e+00 5.874915252697369139e-01 9.738588014224922595e-01 6.042589172065699898e-01 5.829196255029460705e-01 1.086793409106173058e+00 1.049693027904309073e+00 4.848645684936152001e-01 9.429642046417645584e-01 1.205831890360337111e+00 5.874915252697369139e-01 9.738588014224921485e-01 9.141580318271987915e-01
