1.000000000000000000e+00 1.000000000000000000e+00 1.000000000000000000e+00 1.000000000000000000e+00 1.000000000000000000e+00 1.000000000000000000e+00 1.000000000000000000e+00 1.000000000000000000e+00 1.000000000000000000e+00 1.000000000000000000e+00 1.000000000000000000e+00 1.000000000000000000e+00 1.000000000000000000e+00 1.000000000000000000e+00 1.000000000000000000e+00
9.248276777103782154e-01 9.583966524185651981e-01 9.311567531991409297e-01 9.300116761910642849e-01 9.565602620710469406e-01 9.788519263260404557e-01 9.387418147375972133e-01 1.031125882597529353e+00 9.615015285119635768e-01 9.441762704480851642e-01 9.583966524185651981e-01 9.311567531991408186e-01 9.300116761910642849e-01 9.565602620710469406e-01 9.248276777103782154e-01
8.654310584044788701e-01 9.240367963165826426e-01 8.772114158771875392e-01 8.688139733657969099e-01 9.302112278895631192e-01 9.405370856409115410e-01 8.711092908180525507e-01 1.071614875725302118e+00 9.318352723241731805e-01 8.712099092829245217e-01 9.240367963165826426e-01 8.772114158771874282e-01 8.688139733657969099e-01 9.302112278895631192e-01 8.693532175370780601e-01
8.333542991275189049e-01 9.072890602574155139e-01 8.561888037857644518e-01 8.248312956025778409e-01 9.345253620376854364e-01 8.991341265653799431e-01 8.190441641758644531e-01 1.118320628538129302e+00 9.161472928994793818e-01 8.011159240803520376e-01 9.072890602574154029e-01 8.561888037857643408e-01 8.248312956025778409e-01 9.345253620376854364e-01 8.454006121575226018e-01
8.179534721017305277e-01 8.998681165426810624e-01 8.579031905477637610e-01 7.917620136863997571e-01 9.559296286367562345e-01 8.620056471809611764e-01 7.785167448913679067e-01 1.162840941601350320e+00 9.121896525372598097e-01 7.433831597536386671e-01 8.998681165426809514e-01 8.579031905477636499e-01 7.917620136863996461e-01 9.559296286367562345e-01 8.404592216650021985e-01
8.088302426565399106e-01 8.935762453863694832e-01 8.704437307658968725e-01 7.624178656087354788e-01 9.823710749348857352e-01 8.286421971978135126e-01 7.412467155154097709e-01 1.199745282850261940e+00 9.149887053139642568e-01 6.980694221427303781e-01 8.935762453863693722e-01 8.704437307658967615e-01 7.624178656087353678e-01 9.823710749348857352e-01 8.423706372573769308e-01
8.022836122543471893e-01 8.866576865716185862e-01 8.885008225372112989e-01 7.341254138457602441e-01 1.009379044454871588e+00 7.978635087258864056e-01 7.047465917503273891e-01 1.227819024505166556e+00 9.210055058420896223e-01 6.642969230116332335e-01 8.866576865716184752e-01 8.885008225372110768e-01 7.341254138457601330e-01 1.009379044454871588e+00 8.460537414507555143e-01
7.974846733165606993e-01 8.796926013748210815e-01 9.097527871521908782e-01 7.063284451031452971e-01 1.035482724540986110e+00 7.690604918326874317e-01 6.694630386799071964e-01 1.247476700235726543e+00 9.278624165810184232e-01 6.411327447794455958e-01 8.796926013748208595e-01 9.097527871521906562e-01 7.063284451031451860e-01 1.035482724540986110e+00 8.495666025295514068e-01
7.943411753781088880e-01 8.735159651482836685e-01 9.329893971919944740e-01 6.790054859454741631e-01 1.060123224799656150e+00 7.420486248815132413e-01 6.366125820139820757e-01 1.259441354614299957e+00 9.338735036279115498e-01 6.274462597042841372e-01 8.735159651482834464e-01 9.329893971919942519e-01 6.790054859454740521e-01 1.060123224799656150e+00 8.520329633698454641e-01
7.928173947127100663e-01 8.687157686093677222e-01 9.575227355856181788e-01 6.521430735725634031e-01 1.083090745324189363e+00 7.168049491419267172e-01 6.072272895017076788e-01 1.264394889381645459e+00 9.378743105680226178e-01 6.218870875820087241e-01 8.687157686093675002e-01 9.575227355856180678e-01 6.521430735725632921e-01 1.083090745324189363e+00 8.530277533089424269e-01
7.927775468757742861e-01 8.656344101822764925e-01 9.829849830467063398e-01 6.256397529999384588e-01 1.104401646090731770e+00 6.932669195157075137e-01 5.818267367513948463e-01 1.262961451025688575e+00 9.391601216350359271e-01 6.229518606181700946e-01 8.656344101822762704e-01 9.829849830467062288e-01 6.256397529999382368e-01 1.104401646090731770e+00 8.524118089020616962e-01
7.939772407360476958e-01 8.644502479630411518e-01 1.009209210330783923e+00 5.993406657451814112e-01 1.124240132563269379e+00 6.712468507912867643e-01 5.604170594657368332e-01 1.255736614099788984e+00 9.374114712458986309e-01 6.290927186203998378e-01 8.644502479630409297e-01 1.009209210330783923e+00 5.993406657451810782e-01 1.124240132563269601e+00 8.502423098505921262e-01
7.960874848469453591e-01 8.652281186939410063e-01 1.036126916469022774e+00 5.730968152158602003e-01 1.142891646273461514e+00 6.504421199268369813e-01 5.426331460953244257e-01 1.243298909190920343e+00 9.325927377283504960e-01 6.388206399360331078e-01 8.652281186939407842e-01 1.036126916469022774e+00 5.730968152158598672e-01 1.142891646273461737e+00 8.466869582111788972e-01
7.987211026165389471e-01 8.679330315950214425e-01 1.063682311626534593e+00 5.468165624953450488e-01 1.160678790631367585e+00 6.304898682814199518e-01 5.279049685724674923e-01 1.226217299623642676e+00 9.248535507064968852e-01 6.507757710779967786e-01 8.679330315950212205e-01 1.063682311626534593e+00 5.468165624953447157e-01 1.160678790631367807e+00 8.419527128470587485e-01
8.014567278165573017e-01 8.724249058019596381e-01 1.091772054200695896e+00 5.204994101792772554e-01 1.177912926280404227e+00 6.110255296452216101e-01 5.155913212388421041e-01 1.205070430354301392e+00 9.144561431351581060e-01 6.637639617352956156e-01 8.724249058019594161e-01 1.091772054200695896e+00 5.204994101792769223e-01 1.177912926280404449e+00 8.362400945191356127e-01
8.038631635654684970e-01 8.784516386178213843e-01 1.120214662659512861e+00 4.942480260644048773e-01 1.194862034372343951e+00 5.917272150451212687e-01 5.050695466988763815e-01 1.180476466212899922e+00 9.017321949950919402e-01 6.767735781812828089e-01 8.784516386178211622e-01 1.120214662659512861e+00 4.942480260644045442e-01 1.194862034372344173e+00 8.297206349012182791e-01
8.055279329835709490e-01 8.856534117251542160e-01 1.148749495616402827e+00 4.682567375405413679e-01 1.211729903525004204e+00 5.723431534627274608e-01 4.957904391648916831e-01 1.153119948696161856e+00 8.870603609955650670e-01 6.889866878569532727e-01 8.856534117251539939e-01 1.148749495616402827e+00 4.682567375405410348e-01 1.211729903525004426e+00 8.225291144120903120e-01
8.060908934083318433e-01 8.935860692287245222e-01 1.177061440287770822e+00 4.427783239291342987e-01 1.228643668723701232e+00 5.527047536105329506e-01 4.873103624025936220e-01 1.123759059996317200e+00 8.708523835830391802e-01 6.997906740563968331e-01 8.935860692287243001e-01 1.177061440287770822e+00 4.427783239291339656e-01 1.228643668723701454e+00 8.147635752187094571e-01
8.052787182492138207e-01 9.017642125895518612e-01 1.204822774892901460e+00 4.180770205284945473e-01 1.245650892096443751e+00 5.327280798226998737e-01 4.793077585942719376e-01 1.093202426688899997e+00 8.535378545643326209e-01 7.087872389791095573e-01 9.017642125895516392e-01 1.204822774892901460e+00 4.180770205284942143e-01 1.245650892096443974e+00 8.064899307012319829e-01
8.029318674325119920e-01 9.097160149902003834e-01 1.231739392434257452e+00 3.943815563148650449e-01 1.262728911970742107e+00 5.124058160740341261e-01 4.715859191189640254e-01 1.062257011579857302e+00 8.355427569584926717e-01 7.157905294288161580e-01 9.097160149902000503e-01 1.231739392434257674e+00 3.943815563148647119e-01 1.262728911970742329e+00 7.977506095851093493e-01
