1.000000000000000000e+00 1.000000000000000000e+00 1.000000000000000000e+00 1.000000000000000000e+00 1.000000000000000000e+00 1.000000000000000000e+00 1.000000000000000000e+00 1.000000000000000000e+00 1.000000000000000000e+00 1.000000000000000000e+00 1.000000000000000000e+00 1.000000000000000000e+00 1.000000000000000000e+00 1.000000000000000000e+00 1.000000000000000000e+00
8.431186317433980726e-01 9.397012934625119662e-01 8.552121156818469627e-01 8.540670386737704289e-01 9.378649031149937088e-01 9.317445445626104661e-01 8.809655752123550787e-01 1.079307507659325260e+00 9.037252889867214423e-01 8.970688886846551746e-01 9.397012934625119662e-01 8.552121156818468517e-01 8.540670386737703179e-01 9.378649031149937088e-01 8.431186317433979616e-01
7.917241411297062381e-01 9.472139200694044137e-01 8.017546064228247005e-01 7.782138460841854233e-01 9.707442181467116349e-01 8.425330040912042406e-01 8.066362138557504613e-01 1.188672601836117337e+00 8.618513884501960431e-01 7.775006822557507524e-01 9.472139200694045247e-01 8.017546064228245895e-01 7.782138460841852012e-01 9.707442181467116349e-01 7.985614964274584393e-01
7.926955769189807377e-01 9.598818695003962231e-01 8.099819694207966991e-01 7.453040071022850599e-01 1.025920395185081047e+00 7.925785043936413032e-01 7.762399462087333779e-01 1.259798550472186918e+00 8.642722777742344320e-01 7.130959573997296408e-01 9.598818695003963342e-01 8.099819694207965881e-01 7.453040071022848378e-01 1.025920395185081047e+00 8.073764299927490562e-01
7.817495938273871792e-01 9.423645264938447230e-01 8.196729971272580517e-01 7.078464322638020612e-01 1.054851252028041975e+00 7.664091856522855517e-01 7.409591081810377178e-01 1.284624593138654181e+00 8.667463329795525029e-01 6.843201348283108887e-01 9.423645264938448340e-01 8.196729971272579407e-01 7.078464322638018391e-01 1.054851252028041975e+00 8.013466540476498201e-01
7.835700572491184346e-01 9.282048470183567046e-01 8.426219877663024826e-01 6.829206323616617835e-01 1.086076888377393024e+00 7.486113115123022022e-01 7.142092779833087990e-01 1.297501490043231342e+00 8.739418943686902974e-01 6.739964496856822862e-01 9.282048470183568156e-01 8.426219877663023716e-01 6.829206323616615615e-01 1.086076888377393024e+00 8.055396310996175702e-01
7.842420760562301973e-01 9.093666184846104228e-01 8.661499421082061723e-01 6.588626576603153762e-01 1.110787439815905664e+00 7.363278014127994098e-01 6.869891393859686168e-01 1.297974999703715326e+00 8.768695468658287417e-01 6.743751689719844622e-01 9.093666184846105338e-01 8.661499421082060612e-01 6.588626576603151541e-01 1.110787439815905664e+00 8.061280484760532383e-01
7.887683280966717447e-01 8.927170405684888843e-01 8.924335605786658521e-01 6.392825559932061585e-01 1.135488824193364277e+00 7.259601530854112861e-01 6.626877805409534528e-01 1.293991920589473654e+00 8.772787352256055105e-01 6.807943356303900462e-01 8.927170405684888843e-01 8.924335605786657410e-01 6.392825559932059365e-01 1.135488824193364277e+00 8.088652193825113246e-01
7.936150489287364662e-01 8.759955815224379494e-01 9.184246313295352238e-01 6.210479572821652194e-01 1.158348881067035263e+00 7.170592622455462806e-01 6.392762648835084160e-01 1.285521037517092457e+00 8.733534156307630747e-01 6.909947792135117117e-01 8.759955815224379494e-01 9.184246313295350017e-01 6.210479572821649974e-01 1.158348881067035263e+00 8.105568549085060415e-01
7.996604737847659017e-01 8.605537938901318684e-01 9.444060671406990792e-01 6.048993460641153286e-01 1.181031002257626472e+00 7.087327518208013100e-01 6.174029356779363598e-01 1.274694154853377448e+00 8.657198152295233484e-01 7.034235849269171448e-01 8.605537938901318684e-01 9.444060671406988572e-01 6.048993460641151065e-01 1.181031002257626472e+00 8.125694894317349037e-01
8.058852739242280405e-01 8.456326125527127147e-01 9.694846807686989809e-01 5.900327436150610838e-01 1.203305675121514096e+00 7.008983553089482843e-01 5.964151229190541859e-01 1.261888516943018734e+00 8.542257254278496914e-01 7.171349813137780638e-01 8.456326125527127147e-01 9.694846807686986478e-01 5.900327436150607507e-01 1.203305675121514096e+00 8.142172180984034169e-01
8.123107243413409950e-01 8.312797236444360305e-01 9.935016566228240809e-01 5.766391442280345281e-01 1.225695899338327566e+00 6.933894342782347398e-01 5.762161364736322344e-01 1.247946457548072763e+00 8.393115432534260512e-01 7.314324360779620449e-01 8.312797236444361415e-01 9.935016566228237478e-01 5.766391442280341950e-01 1.225695899338327566e+00 8.158611404204210160e-01
8.185838206231135228e-01 8.170474044532392011e-01 1.016004309259603611e+00 5.646133294712986084e-01 1.248278727251891151e+00 6.862892379620654237e-01 5.564344141827459733e-01 1.233320998554407133e+00 8.212949509092268841e-01 7.458501212902692856e-01 8.170474044532393121e-01 1.016004309259603167e+00 5.646133294712982753e-01 1.248278727251891151e+00 8.174076146077567939e-01
8.246329787080771689e-01 8.026573101105526353e-01 1.036661455840083512e+00 5.541247317284970775e-01 1.271271667416698392e+00 6.797226312413104932e-01 5.368501340684744827e-01 1.218530623259950207e+00 8.006634595608761451e-01 7.600584433000575624e-01 8.026573101105527464e-01 1.036661455840082846e+00 5.541247317284967444e-01 1.271271667416698392e+00 8.190051970557442607e-01
8.303577403765904918e-01 7.877240457144628616e-01 1.055026808278336059e+00 5.453081360139444556e-01 1.294782213273814042e+00 6.739333960993060257e-01 5.172350772575691202e-01 1.203973679928684204e+00 7.779182136395617064e-01 7.738455314188114054e-01 7.877240457144629726e-01 1.055026808278335393e+00 5.453081360139441225e-01 1.294782213273813820e+00 8.207185353531906147e-01
8.357693918412814060e-01 7.719153011414334742e-01 1.070629082992327730e+00 5.383772983212833374e-01 1.318948326729423748e+00 6.692329268701557865e-01 4.974499145936034927e-01 1.190001643985397983e+00 7.536371963293990728e-01 7.870679449906303748e-01 7.719153011414334742e-01 1.070629082992327064e+00 5.383772983212830043e-01 1.318948326729423526e+00 8.226873304192893199e-01
8.409145956628154561e-01 7.549058074912230465e-01 1.082924522172550308e+00 5.335414188160956250e-01 1.343897713175727038e+00 6.660069108890890321e-01 4.774114853700173744e-01 1.176865330292852230e+00 7.284511976701439906e-01 7.996141195922016331e-01 7.549058074912230465e-01 1.082924522172549642e+00 5.335414188160952920e-01 1.343897713175726816e+00 8.250557908800535412e-01
8.458909233126150617e-01 7.364290154087856921e-01 1.091334163548509428e+00 5.310109367465322139e-01 1.369787634718310443e+00 6.646869816532401387e-01 4.571102804971286515e-01 1.164714065915439356e+00 7.030763942228563934e-01 8.113508417122562433e-01 7.364290154087856921e-01 1.091334163548508762e+00 5.310109367465318808e-01 1.369787634718310221e+00 8.279965982556662940e-01
8.508091639709374210e-01 7.162902204296319741e-01 1.095271606370284756e+00 5.309485929675566984e-01 1.396795904542074807e+00 6.657219111200086692e-01 4.365978587376298514e-01 1.153580539904679236e+00 6.783394783806090400e-01 8.220701632150411164e-01 7.162902204296319741e-01 1.095271606370284090e+00 5.309485929675563654e-01 1.396795904542074584e+00 8.316673649792321044e-01
8.557726956912924399e-01 6.944133546590790518e-01 1.094222943886584698e+00 5.334220173973647228e-01 1.425112367409434588e+00 6.695218089303742737e-01 4.159819126766213238e-01 1.143393121062267648e+00 6.552193546980618066e-01 8.314373163398296462e-01 6.944133546590790518e-01 1.094222943886584032e+00 5.334220173973645007e-01 1.425112367409434366e+00 8.361651640771974314e-01
