1.000000000000000000e+00 1.000000000000000000e+00 1.000000000000000000e+00 1.000000000000000000e+00 1.000000000000000000e+00 1.000000000000000000e+00 1.000000000000000000e+00 1.000000000000000000e+00 1.000000000000000000e+00 1.000000000000000000e+00 1.000000000000000000e+00 1.000000000000000000e+00 1.000000000000000000e+00 1.000000000000000000e+00 1.000000000000000000e+00
1.029415256548112945e+00 9.823267118823132416e-01 1.028365889221277030e+00 1.027220812213200496e+00 9.804903215347950951e-01 1.039149374983230789e+00 1.012695401329906986e+00 9.694534025184308179e-01 1.035455115104273460e+00 1.004473719105275498e+00 9.823267118823132416e-01 1.028365889221277030e+00 1.027220812213200496e+00 9.804903215347950951e-01 1.029415256548112945e+00
1.057907515659240349e+00 9.681303216995578165e-01 1.052453705890002533e+00 1.051405213224049895e+00 9.630689130579167534e-01 1.077250738329899482e+00 1.027061090446567793e+00 9.363424458992893884e-01 1.065494419291548756e+00 1.012713520354515229e+00 9.681303216995578165e-01 1.052453705890002533e+00 1.051405213224049895e+00 9.630689130579167534e-01 1.056250106385500986e+00
1.084648515932914448e+00 9.577557225292898657e-01 1.070987364817479692e+00 1.071301152842698778e+00 9.498339237932243995e-01 1.112778357809238283e+00 1.042014181350719992e+00 9.020103130848978745e-01 1.089664192984153290e+00 1.024260871754235191e+00 9.577557225292898657e-01 1.070987364817479692e+00 1.071301152842698778e+00 9.498339237932243995e-01 1.079911315940362382e+00
1.109108790416659218e+00 9.511088236427862608e-01 1.083679885949293542e+00 1.086235904424785126e+00 9.416484604300405792e-01 1.144854047586017609e+00 1.056485728116091538e+00 8.675682245811385807e-01 1.108450412380945327e+00 1.038041076234783366e+00 9.511088236427862608e-01 1.083679885949293542e+00 1.086235904424785126e+00 9.416484604300405792e-01 1.100268604334057709e+00
1.131099043749020039e+00 9.477509100604669667e-01 1.090979367586022875e+00 1.096091757336551842e+00 9.382904797407958242e-01 1.173272745858254806e+00 1.069698363060028301e+00 8.337618470349136279e-01 1.122700124506948782e+00 1.052876828559141220e+00 9.477509100604669667e-01 1.090979367586022875e+00 1.096091757336551842e+00 9.382904797407958242e-01 1.117523680391033114e+00
1.150710438920158563e+00 9.470673249184777820e-01 1.093659503403762390e+00 1.101147721632132370e+00 9.389356118966379894e-01 1.198268360897606355e+00 1.081205899723225450e+00 8.010048732600523191e-01 1.133215101627679466e+00 1.067858557494879346e+00 9.470673249184777820e-01 1.093659503403762390e+00 1.101147721632132370e+00 9.389356118966379894e-01 1.132054746247295629e+00
1.168213544395560355e+00 9.484072153383573678e-01 1.092533948751245099e+00 1.101916999245742490e+00 9.425867483531027435e-01 1.220269817852709826e+00 1.090815384156007539e+00 7.694642689832915661e-01 1.140630190395611754e+00 1.082447955213485580e+00 9.484072153383573678e-01 1.092533948751245099e+00 1.101916999245742490e+00 9.425867483531027435e-01 1.144306979867329765e+00
1.183963756284553970e+00 9.511648145830277068e-01 1.088330687604632807e+00 1.099023163654235358e+00 9.483168238264769734e-01 1.239746756303423680e+00 1.098494381786134566e+00 7.391408034737046995e-01 1.145442124937378958e+00 1.096416519933955946e+00 9.511648145830277068e-01 1.088330687604632807e+00 1.099023163654235358e+00 9.483168238264769734e-01 1.154730286851994192e+00
1.198332343820255774e+00 9.548146688603729171e-01 1.081660001642486213e+00 1.093114750537856006e+00 9.553594689495095160e-01 1.257133920227530899e+00 1.104299445703951665e+00 7.099331949124317864e-01 1.148067777373498632e+00 1.109737494352060594e+00 9.548146688603729171e-01 1.081660001642486213e+00 1.093114750537856006e+00 9.553594689495095160e-01 1.163745695568937144e+00
1.211664128103309812e+00 9.589200821930435881e-01 1.073018802955613138e+00 1.084810862668324605e+00 9.631165119225103544e-01 1.272800612516503005e+00 1.108328713409703292e+00 6.816860961048927248e-01 1.148885795559004830e+00 1.122491614935253956e+00 9.589200821930435881e-01 1.073018802955613138e+00 1.084810862668324605e+00 9.631165119225103544e-01 1.171727461585530872e+00
1.224255939441844188e+00 9.631287549092304445e-01 1.062803955285956281e+00 1.074670748085786665e+00 9.711325249200174481e-01 1.287042061520850877e+00 1.110693349664887419e+00 6.542235174466003444e-01 1.148257414703350188e+00 1.134802912203844771e+00 9.631287549092304445e-01 1.062803955285956281e+00 1.074670748085786665e+00 9.711325249200174481e-01 1.178994753650900229e+00
1.236349016383004651e+00 9.671635762943910919e-01 1.051325622920465497e+00 1.063180603721899153e+00 9.790629264269017362e-01 1.300081094031812823e+00 1.111502143703840373e+00 6.273700724537740747e-01 1.146533455522926070e+00 1.146801551229908123e+00 9.671635762943910919e-01 1.051325622920465497e+00 1.063180603721899153e+00 9.790629264269017362e-01 1.185809762118589683e+00
1.248129742681102661e+00 9.708124481267184080e-01 1.038819170579783346e+00 1.050751611264579610e+00 9.866463273322366723e-01 1.312074929448866056e+00 1.110854698551428488e+00 6.009630974514206248e-01 1.144053954116085459e+00 1.158605767803507991e+00 9.708124481267184080e-01 1.038819170579783346e+00 1.050751611264579610e+00 9.866463273322366723e-01 1.192380037648210545e+00
1.259734791695569456e+00 9.739187594359530742e-01 1.025456266764255941e+00 1.037724584753230372e+00 9.936836384507639064e-01 1.323124762865882431e+00 1.108839914917622238e+00 5.748586202317386151e-01 1.141144388707389545e+00 1.170315593067066118e+00 9.739187594359530742e-01 1.025456266764255941e+00 1.037724584753230372e+00 9.936836384507639064e-01 1.198863333981260215e+00
1.271258168493727414e+00 9.763730784969858467e-01 1.011355996761739151e+00 1.024378049581702532e+00 1.000023159326071776e+00 1.333286951346444482e+00 1.105537555170360786e+00 5.489335198673931382e-01 1.138110727755299978e+00 1.182013054127503349e+00 9.763730784969858467e-01 1.011355996761739151e+00 1.024378049581702532e+00 1.000023159326071776e+00 1.205373632529466388e+00
1.282758656574356948e+00 9.781062069498099865e-01 9.965964027182950824e-01 1.010937689910028858e+00 1.005550069884993292e+00 1.342585064429364872e+00 1.101021475576418718e+00 5.230854741100490202e-01 1.135234524067211259e+00 1.193765391241383478e+00 9.781062069498099865e-01 9.965964027182950824e-01 1.010937689910028858e+00 1.005550069884993292e+00 1.211987393838477978e+00
1.294266850463524854e+00 9.790835752277877724e-01 9.812264565242623249e-01 9.975858408222673113e-01 1.010178965779142457e+00 1.351022243855290128e+00 1.095363649961420327e+00 4.972316996553470814e-01 1.132768630879464222e+00 1.205629203490942158e+00 9.790835752277877724e-01 9.812264565242623249e-01 9.975858408222673113e-01 1.010178965779142457e+00 1.218749388468551187e+00
1.305791390308581157e+00 9.793008558303351041e-01 9.652781907140222106e-01 9.844701700160997104e-01 1.013848544984846445e+00 1.358593398048630441e+00 1.088638444224414137e+00 4.713071137197201721e-01 1.130933631612587309e+00 1.217654355995159809e+00 9.793008558303351041e-01 9.652781907140220996e-01 9.844701700160997104e-01 1.013848544984846445e+00 1.225677711202843190e+00
1.317324289409998794e+00 9.787805688558953721e-01 9.487785675746912561e-01 9.717110082932729487e-01 1.016517941375752132e+00 1.365296771928197650e+00 1.080926808714771648e+00 4.452623371644997552e-01 1.129914745841370083e+00 1.229887057284871688e+00 9.787805688558953721e-01 9.487785675746911451e-01 9.717110082932729487e-01 1.016517941375752354e+00 1.232767794292351837e+00
