1.000000000000000000e+00 1.000000000000000000e+00 1.000000000000000000e+00 1.000000000000000000e+00 1.000000000000000000e+00 1.000000000000000000e+00 1.000000000000000000e+00 1.000000000000000000e+00 1.000000000000000000e+00 1.000000000000000000e+00 1.000000000000000000e+00 1.000000000000000000e+00 1.000000000000000000e+00 1.000000000000000000e+00 1.000000000000000000e+00
1.078440684128300964e+00 9.935439272559452029e-01 1.073932671731653521e+00 1.072787594723576765e+00 9.917075369084270564e-01 1.067413804041288827e+00 1.047361145045052400e+00 9.405444274813532513e-01 1.070120858819418874e+00 1.032738148163333536e+00 9.935439272559452029e-01 1.073932671731653521e+00 1.072787594723576987e+00 9.917075369084269454e-01 1.078440684128300964e+00
1.146088456040257109e+00 9.976785189951642430e-01 1.131275667021398812e+00 1.126839539067512330e+00 9.946375383261146785e-01 1.126491872372432201e+00 1.098575505131116348e+00 8.870224011995111457e-01 1.117580044442232357e+00 1.067192724801275805e+00 9.976785189951643540e-01 1.131275667021398812e+00 1.126839539067512552e+00 9.946375383261145675e-01 1.141747489469254973e+00
1.190173978507820252e+00 1.004832627036261528e+00 1.164590393949684222e+00 1.148528143164129212e+00 1.007690579185375856e+00 1.170007729776820327e+00 1.141133412065336250e+00 8.472903264117427335e-01 1.135921334238749747e+00 1.093345609346099145e+00 1.004832627036261750e+00 1.164590393949684222e+00 1.148528143164129434e+00 1.007690579185375856e+00 1.179874263521291766e+00
1.215323261368043584e+00 1.011120784405497908e+00 1.180664222825496434e+00 1.146012910025685949e+00 1.023348114915130447e+00 1.200655741867910908e+00 1.173489225907688116e+00 8.187086016001845490e-01 1.133812911380550181e+00 1.110869303438746458e+00 1.011120784405498130e+00 1.180664222825496434e+00 1.146012910025686171e+00 1.023348114915130447e+00 1.198448565346784456e+00
1.230648400219764182e+00 1.016522933270485485e+00 1.188198974660364282e+00 1.131058522039096514e+00 1.038642102324275118e+00 1.224086010998284291e+00 1.199693740628504646e+00 7.956282672036825154e-01 1.120827783806338962e+00 1.123927057283535813e+00 1.016522933270485707e+00 1.188198974660364282e+00 1.131058522039096736e+00 1.038642102324275118e+00 1.206707216898776025e+00
1.241670897854165290e+00 1.021548054185224874e+00 1.192266588144209383e+00 1.110339969546771721e+00 1.053313779889044177e+00 1.244057417973015722e+00 1.222720032996323924e+00 7.745221636685021283e-01 1.102317493082551003e+00 1.135089469261076012e+00 1.021548054185225096e+00 1.192266588144209383e+00 1.110339969546771943e+00 1.053313779889044177e+00 1.210410121551015683e+00
1.250914817490597075e+00 1.026436921265583502e+00 1.195263160710873240e+00 1.086950880785500839e+00 1.067584628382488576e+00 1.262521256253150481e+00 1.243939156792976508e+00 7.537438949981221104e-01 1.080836850132126159e+00 1.145376504654957328e+00 1.026436921265583724e+00 1.195263160710873240e+00 1.086950880785501061e+00 1.067584628382488576e+00 1.212374087827756020e+00
1.259411832595887182e+00 1.031252632558621096e+00 1.198240490589195684e+00 1.062312793271601219e+00 1.081648989251355220e+00 1.280436123779679747e+00 1.263862523204909882e+00 7.326201877981584065e-01 1.057606526323717100e+00 1.155090997967660016e+00 1.031252632558621318e+00 1.198240490589195684e+00 1.062312793271601441e+00 1.081648989251355220e+00 1.213882838142749332e+00
1.267531726888249777e+00 1.035991718614277968e+00 1.201626796841405831e+00 1.037126823203778692e+00 1.095634039300876106e+00 1.298271212597810420e+00 1.282626988273097846e+00 7.109323001684426657e-01 1.033242386609832808e+00 1.164257137177260093e+00 1.035991718614278190e+00 1.201626796841405831e+00 1.037126823203778914e+00 1.095634039300876106e+00 1.215497658637270995e+00
1.275361389793692846e+00 1.040634630266837224e+00 1.205567084311221171e+00 1.011789140490499284e+00 1.109623183730147122e+00 1.316258095383797677e+00 1.300224916427854094e+00 6.886699160851532664e-01 1.008084577264188875e+00 1.172803733746162536e+00 1.040634630266837446e+00 1.205567084311221171e+00 1.011789140490499506e+00 1.109623183730147122e+00 1.217443681954792245e+00
1.282869881097457698e+00 1.045163618505815517e+00 1.210079344515484046e+00 9.865667914981268716e-01 1.123674857925142989e+00 1.334510330983587290e+00 1.316604684037437467e+00 6.659160384355762297e-01 9.823447100037701052e-01 1.180636269555240814e+00 1.045163618505815739e+00 1.210079344515484046e+00 9.865667914981272046e-01 1.123674857925142989e+00 1.219785772498502174e+00
1.289979584485679842e+00 1.049567952979833185e+00 1.215125536310516896e+00 9.616703455517978671e-01 1.137832477766376194e+00 1.353079279437470417e+00 1.331713167176915791e+00 6.427905490893358609e-01 9.561718399743646124e-01 1.187664483603485754e+00 1.049567952979833407e+00 1.215125536310516674e+00 9.616703455517982002e-01 1.137832477766376194e+00 1.222507625844348134e+00
1.296597138422646012e+00 1.053845030637289071e+00 1.220643711682429133e+00 9.372827573860236239e-01 1.152129053056163421e+00 1.371980178118033855e+00 1.345512852971136875e+00 6.194202662446710583e-01 9.296821828248670316e-01 1.193812685351819391e+00 1.053845030637289293e+00 1.220643711682428911e+00 9.372827573860240680e-01 1.152129053056163421e+00 1.225547558259011627e+00
1.302627229663975816e+00 1.058000413753390934e+00 1.226562756507794560e+00 9.135700952708679656e-01 1.166589231112947544e+00 1.391204759875454666e+00 1.357987521582093349e+00 5.959220138242603548e-01 9.029727548501292889e-01 1.199023364148815052e+00 1.058000413753391156e+00 1.226562756507794338e+00 9.135700952708684097e-01 1.166589231112947544e+00 1.228815337203858826e+00
1.307978971113019862e+00 1.062047725076317395e+00 1.232809628173330285e+00 8.906851207217248989e-01 1.181230283827097161e+00 1.410727962372516409e+00 1.369142465935799580e+00 5.723932384509785587e-01 8.761280093274341763e-01 1.203258129592260195e+00 1.062047725076317617e+00 1.232809628173330063e+00 8.906851207217253430e-01 1.181230283827097161e+00 1.232200925493730503e+00
1.312568916441925415e+00 1.066008651464130041e+00 1.239313548111455665e+00 8.687683059738841029e-01 1.196062747425177708e+00 1.430512065653386511e+00 1.379002018765932203e+00 5.489078549885112457e-01 8.492234890348934195e-01 1.206497561412615660e+00 1.066008651464130264e+00 1.239313548111455443e+00 8.687683059738845470e-01 1.196062747425177708e+00 1.235579868066504883e+00
1.316322421831727540e+00 1.069913143057436899e+00 1.246009049980741246e+00 8.479480867623223617e-01 1.211090989923187200e+00 1.450509610255555915e+00 1.387605897960152213e+00 5.255160513286998292e-01 8.223282092131694032e-01 1.208740651635031416e+00 1.069913143057437122e+00 1.246009049980741024e+00 8.479480867623228058e-01 1.211090989923187200e+00 1.238817295354023740e+00
1.319174121864405747e+00 1.073799870276206381e+00 1.252838586962615519e+00 8.283409604951899041e-01 1.226313771639961692e+00 1.470665560363520363e+00 1.395005330559449419e+00 5.022470378112323663e-01 7.955064506463777052e-01 1.210004181243024890e+00 1.073799870276206603e+00 1.252838586962615297e+00 8.283409604951903482e-01 1.226313771639961692e+00 1.241771326912078921e+00
1.321067907746257708e+00 1.077716983260554207e+00 1.259754864887788317e+00 8.100515704462006861e-01 1.241724780177422049e+00 1.490918821685274454e+00 1.401259593676169812e+00 4.791137679475425126e-01 7.688192045014623499e-01 1.210322210523146369e+00 1.077716983260554429e+00 1.259754864887788095e+00 8.100515704462012412e-01 1.241724780177422049e+00 1.244296186067837873e+00
