1.000000000000000000e+00 1.000000000000000000e+00 1.000000000000000000e+00 1.000000000000000000e+00 1.000000000000000000e+00 1.000000000000000000e+00 1.000000000000000000e+00 1.000000000000000000e+00 1.000000000000000000e+00 1.000000000000000000e+00 1.000000000000000000e+00 1.000000000000000000e+00 1.000000000000000000e+00 1.000000000000000000e+00 1.000000000000000000e+00
9.150225921943405671e-01 9.561532093438387392e-01 9.220433966970655870e-01 9.208983196889890532e-01 9.543168189963205927e-01 9.731990405144288481e-01 9.318086659945681305e-01 1.036907677604944844e+00 9.545683797689346051e-01 9.385233846364735566e-01 9.561532093438387392e-01 9.220433966970655870e-01 9.208983196889890532e-01 9.543168189963205927e-01 9.150225921943405671e-01
8.515436305758711244e-01 9.235122165057997323e-01 8.641065175482818272e-01 8.541144883393675391e-01 9.316515359009943653e-01 9.275482013320374142e-01 8.596196161958941095e-01 1.085388003992491468e+00 9.206772929619786439e-01 8.583333474835177501e-01 9.235122165057998433e-01 8.641065175482818272e-01 8.541144883393675391e-01 9.316515359009943653e-01 8.559086209576647342e-01
8.225780690168805753e-01 9.122749636687585983e-01 8.462116341721930279e-01 8.097491341445860469e-01 9.449871595353606102e-01 8.820865966339690445e-01 8.089601156936260251e-01 1.139267780395150309e+00 9.056184047065998222e-01 7.854196043784182901e-01 9.122749636687587094e-01 8.462116341721930279e-01 8.097491341445860469e-01 9.449871595353604992e-01 8.356193633561797007e-01
8.100583695848473376e-01 9.075384799401687852e-01 8.507826573126286984e-01 7.764603245218877348e-01 9.726774783000318170e-01 8.436064621596613966e-01 7.697545902970556186e-01 1.186628898945766952e+00 9.037092193635856141e-01 7.285402637085830468e-01 9.075384799401688962e-01 8.507826573126285874e-01 7.764603245218877348e-01 9.726774783000317059e-01 8.335724041918410876e-01
8.024095429271999036e-01 9.011276820856818359e-01 8.647856203591315349e-01 7.461505768851776077e-01 1.002235895599193238e+00 8.104602930693766139e-01 7.328565962349008478e-01 1.222624586264178026e+00 9.079929759955296387e-01 6.864903163419395771e-01 9.011276820856818359e-01 8.647856203591314239e-01 7.461505768851776077e-01 1.002235895599193016e+00 8.362369612696225474e-01
7.970211978350779658e-01 8.929931621717006607e-01 8.836951323126144286e-01 7.170544948626694781e-01 1.030619488488446311e+00 7.810090594444136780e-01 6.967998774960757480e-01 1.247748885880883174e+00 9.145291614328071583e-01 6.575847389904084794e-01 8.929931621717005497e-01 8.836951323126143176e-01 7.170544948626694781e-01 1.030619488488446311e+00 8.396206394785731275e-01
7.936008445394991950e-01 8.845239627960108653e-01 9.055901515519840794e-01 6.891067118109350798e-01 1.057194295915533155e+00 7.543393693902146202e-01 6.624976686161483386e-01 1.263560721507794193e+00 9.209107989822062912e-01 6.400619841870899274e-01 8.845239627960107542e-01 9.055901515519839684e-01 6.891067118109350798e-01 1.057194295915533155e+00 8.424744145622286018e-01
7.921050148972237359e-01 8.767684930357814155e-01 9.293882411578617830e-01 6.623403897048603106e-01 1.081828812218062819e+00 7.299910825186675112e-01 6.310894800209608801e-01 1.271421145415613685e+00 9.255500560502050167e-01 6.320907327017165622e-01 8.767684930357813045e-01 9.293882411578616720e-01 6.623403897048603106e-01 1.081828812218062819e+00 8.442391344741140280e-01
7.923741417427520028e-01 8.703305630707729446e-01 9.544454854322955706e-01 6.366195295304616364e-01 1.104592215930411347e+00 7.076600944027022777e-01 6.032833260181388324e-01 1.272402355739319812e+00 9.274624138434606202e-01 6.318219690051160020e-01 8.703305630707728335e-01 9.544454854322954596e-01 6.366195295304616364e-01 1.104592215930411347e+00 8.446644367769775563e-01
7.941258313074822661e-01 8.655245528383265219e-01 9.804079906704434855e-01 6.116931108228211844e-01 1.125706509121136456e+00 6.870258534734684508e-01 5.792446717983567028e-01 1.267391269507722074e+00 9.261473483250384220e-01 6.374631807736816924e-01 8.655245528383264109e-01 9.804079906704433744e-01 6.116931108228211844e-01 1.125706509121136456e+00 8.437173451116833922e-01
7.969956642816463654e-01 8.624899995607547831e-01 1.007097853103714913e+00 5.872907596883428782e-01 1.145491811243746882e+00 6.677071687263358424e-01 5.587081782223057846e-01 1.257159300675154467e+00 9.214613632447963276e-01 6.473563581728670746e-01 8.624899995607546721e-01 1.007097853103714691e+00 5.872907596883428782e-01 1.145491811243746882e+00 8.415010197805335990e-01
8.005722511217077120e-01 8.612449496120173631e-01 1.034415144024000588e+00 5.631965123087262493e-01 1.164301989681010951e+00 6.492897963924171290e-01 5.411510039965279351e-01 1.242398557524462932e+00 9.134959198311969342e-01 6.600320323798153366e-01 8.612449496120172521e-01 1.034415144024000366e+00 5.631965123087262493e-01 1.164301989681010951e+00 8.381757602872919044e-01
8.044224871323860659e-01 8.617029306377597120e-01 1.062263697101273330e+00 5.392913176100762040e-01 1.182473254453644929e+00 6.313734611673273989e-01 5.259456032651270707e-01 1.223752720147877726e+00 9.024850905047421268e-01 6.742315361654797057e-01 8.617029306377596010e-01 1.062263697101272886e+00 5.392913176100762040e-01 1.182473254453644929e+00 8.339022305674409496e-01
8.081117546278392405e-01 8.636758127228726378e-01 1.090504393543384909e+00 5.155674381215578084e-01 1.200292161966898252e+00 6.136117955654947220e-01 5.124667154688257176e-01 1.201852603021079213e+00 8.887490123751569104e-01 6.889078609197717418e-01 8.636758127228725268e-01 1.090504393543384465e+00 5.155674381215578084e-01 1.200292161966898252e+00 8.288111316443528276e-01
8.112247981710735134e-01 8.668776506634554568e-01 1.118935136687854826e+00 4.921197289243655071e-01 1.217978689426252092e+00 5.957381856835265443e-01 5.001569922691804226e-01 1.177350205670539607e+00 8.726643545089332044e-01 7.032195960016889291e-01 8.668776506634553458e-01 1.118935136687854381e+00 4.921197289243655071e-01 1.217978689426252092e+00 8.229930845336816958e-01
8.133907810550986550e-01 8.709393152891308221e-01 1.147294725625080947e+00 4.691188953976722642e-01 1.235678945391740946e+00 5.775783753119081432e-01 4.885635870738691544e-01 1.150938991631426545e+00 8.546483317673168045e-01 7.165270191232980812e-01 8.709393152891307111e-01 1.147294725625080503e+00 4.691188953976722642e-01 1.235678945391740946e+00 8.165010558389120821e-01
8.143117125114613941e-01 8.754384088335623870e-01 1.175285923269735022e+00 4.467733267509551576e-01 1.253465341916734976e+00 5.590518217149961222e-01 4.773552569696115633e-01 1.123350162044274292e+00 8.351445311241511016e-01 7.283912818252538113e-01 8.754384088335622760e-01 1.175285923269734578e+00 4.467733267509551576e-01 1.253465341916734976e+00 8.093599751713087542e-01
8.137887929516249841e-01 8.799421982825194055e-01 1.202610055275326273e+00 4.252887013923716819e-01 1.271344773859789834e+00 5.401633749876143531e-01 4.663246146923341051e-01 1.095322393369459135e+00 8.146035903756690955e-01 7.385712786634374138e-01 8.799421982825192945e-01 1.202610055275325829e+00 4.252887013923716819e-01 1.271344773859789834e+00 8.015803211495360348e-01
8.117387686296442251e-01 8.840545828938043416e-01 1.229002858392726605e+00 4.048356073304086866e-01 1.289275076714146540e+00 5.209872953545477969e-01 4.553773491833351672e-01 1.067552896036144450e+00 7.934578348291194683e-01 7.470107484087925576e-01 8.840545828938042305e-01 1.229002858392726161e+00 4.048356073304086866e-01 1.289275076714146540e+00 7.931729856719895722e-01
