4.490967902575555115e+00 1.488035603224244108e+00 1.702763355717413996e+00 2.150446333300788826e+00 3.332273942706115433e-01 3.515295603635346655e+00 4.653845228184164129e-01 2.672338494165928946e+00 1.464486925896234304e+00 1.305774022822949076e+00 1.766316477738652857e+00 6.014189615279852852e+00 4.326474953316107985e+00 5.880542044375226318e+00 8.894541732240042187e-01
4.450445735184780816e+00 1.526521784741145193e+00 1.742420459359149021e+00 2.109887862437157757e+00 3.224181599485229643e-01 3.524552978942471881e+00 4.547396962574602464e-01 2.677609708560465762e+00 1.471142260822895009e+00 1.315162437466631529e+00 1.804802659255553277e+00 6.053846718921587211e+00 4.285916482452476473e+00 5.869732810053137406e+00 9.243367549570353781e-01
4.386890665813242052e+00 1.585956771118573805e+00 1.805141374433411716e+00 2.049598317219870847e+00 2.976923501519931903e-01 3.529381067585655618e+00 4.457458283939562116e-01 2.684109859902547246e+00 1.479812464859232124e+00 1.329080163622248234e+00 1.864237645632982110e+00 6.116567633995849462e+00 4.225626937235189118e+00 5.845007000256607910e+00 9.733184939698376059e-01
4.299896200710126237e+00 1.666264476164298847e+00 1.891576377320959512e+00 1.968482420695702784e+00 2.594764370741599602e-01 3.527600730260759487e+00 4.372816385669873185e-01 2.690047652275171508e+00 1.485503885731425111e+00 1.345632667499801594e+00 1.944545350678707152e+00 6.203002636883396370e+00 4.144511040711020833e+00 5.806791087178774902e+00 1.038350781285498403e+00
4.224989731360561329e+00 1.735274496873167482e+00 1.965549930782609422e+00 1.897710242005980374e+00 2.290615342938286114e-01 3.525265209576840864e+00 4.261840903518351875e-01 2.697271702274209648e+00 1.488627726465572509e+00 1.363410834704944286e+00 2.013555371387576010e+00 6.276976190345046724e+00 4.073738862021298424e+00 5.776376184398444025e+00 1.096044262281874238e+00
4.196392307427286639e+00 1.763367406931787729e+00 1.991567877874460990e+00 1.871815595402282373e+00 2.168986555117494441e-01 3.533201302518824249e+00 4.157843152110901053e-01 2.711066773076924452e+00 1.499875875957088267e+00 1.381077354226755816e+00 2.041648281446196034e+00 6.302994137436898292e+00 4.047844215417600644e+00 5.764213305616364913e+00 1.114030370854879326e+00
4.187424349828967607e+00 1.774138928070369436e+00 1.997745831924298887e+00 1.865649136006347186e+00 2.099871499083972026e-01 3.544667220722017564e+00 4.083447335315335547e-01 2.725704982338848392e+00 1.513068254069384055e+00 1.395365481164988042e+00 2.052419802584777742e+00 6.309172091486735745e+00 4.041677756021665679e+00 5.757301800013012283e+00 1.114208504122548460e+00
4.183220236244470591e+00 1.780342644182131950e+00 1.999677808536999057e+00 1.863841300061188422e+00 2.046780260755212411e-01 3.554952135923131085e+00 4.028029114873596384e-01 2.738162680400595850e+00 1.524403506868995173e+00 1.406607099954354956e+00 2.058623518696539367e+00 6.311104068099437470e+00 4.039869920076506915e+00 5.751992676180138098e+00 1.111222094950477413e+00
4.180500531611919257e+00 1.784825968061490853e+00 2.000630012300940397e+00 1.863048782095828360e+00 2.003578121403223056e-01 3.563434970473426944e+00 3.985164741056587134e-01 2.748312205294740629e+00 1.533620276831696660e+00 1.415527048346764571e+00 2.063106842575898270e+00 6.312056271863379031e+00 4.039077402111146853e+00 5.747672462244938885e+00 1.108153411012281264e+00
4.178467018187354221e+00 1.788338960843331771e+00 2.001290126095253363e+00 1.862548793044870088e+00 1.968092478666348122e-01 3.570315326997416605e+00 3.951394025170508750e-01 2.756518876572400689e+00 1.541045854237821588e+00 1.422660618463921223e+00 2.066619835357738744e+00 6.312716385657693330e+00 4.038577413060187915e+00 5.744123897971252113e+00 1.105535305471535334e+00
