1.000000000000000000e+00 1.000000000000000000e+00 1.000000000000000000e+00 1.000000000000000000e+00 1.000000000000000000e+00 1.000000000000000000e+00 1.000000000000000000e+00 1.000000000000000000e+00 1.000000000000000000e+00 1.000000000000000000e+00 1.000000000000000000e+00 1.000000000000000000e+00 1.000000000000000000e+00 1.000000000000000000e+00 1.000000000000000000e+00
1.111124302515092976e+00 1.001022070838366584e+00 1.104310526738571108e+00 1.103165449730494352e+00 9.991856804908483269e-01 1.086256756746660779e+00 1.070471640855149120e+00 9.212717774566350215e-01 1.093231354629515595e+00 1.051581100868705709e+00 1.001022070838366584e+00 1.104310526738571108e+00 1.103165449730494352e+00 9.991856804908483269e-01 1.111124302515093198e+00
1.192139132302868498e+00 1.014156611216591619e+00 1.172270713312534074e+00 1.163772167696827786e+00 1.014290754750779788e+00 1.149533989922616906e+00 1.136608324000048187e+00 8.624001173905470052e-01 1.141748851422933253e+00 1.094458210874806436e+00 1.014156611216591619e+00 1.172270713312534074e+00 1.163772167696827786e+00 1.014290754750779788e+00 1.186177913736871314e+00
1.222787527699741528e+00 1.021327102538020171e+00 1.194532081487392983e+00 1.166016967912512303e+00 1.032553886667289644e+00 1.182163323340599037e+00 1.175502619966176221e+00 8.327336096062061266e-01 1.141066827839035902e+00 1.114226746095882570e+00 1.021327102538020171e+00 1.194532081487392983e+00 1.166016967912512303e+00 1.032553886667289644e+00 1.210081273399937762e+00
1.234774500277446840e+00 1.025003299690282699e+00 1.200615971537061011e+00 1.147558773609300697e+00 1.048036457271545929e+00 1.202744163237309039e+00 1.202784719011407155e+00 8.132459489200711822e-01 1.122680498861237997e+00 1.125925019607392885e+00 1.025003299690282699e+00 1.200615971537061011e+00 1.147558773609300697e+00 1.048036457271545929e+00 1.214642793311208946e+00
1.243015722136529666e+00 1.028204161055759736e+00 1.203825807050372232e+00 1.124294120381802653e+00 1.062472690078889448e+00 1.220375211705183593e+00 1.227314747689757013e+00 7.950409602100405593e-01 1.099442879521492777e+00 1.136227548207983107e+00 1.028204161055759736e+00 1.203825807050372232e+00 1.124294120381802653e+00 1.062472690078889448e+00 1.215146242701899748e+00
1.250605154340321601e+00 1.031467661080870180e+00 1.207180225868742074e+00 1.099664770798635116e+00 1.076643215496277506e+00 1.237430776524786502e+00 1.250805095480734375e+00 7.761756804717979685e-01 1.074373007411840053e+00 1.146118364495261499e+00 1.031467661080870180e+00 1.207180225868742074e+00 1.099664770798635116e+00 1.076643215496277506e+00 1.215168393647586109e+00
1.258010869367886864e+00 1.034814825166525676e+00 1.211260000303410189e+00 1.074460116084596129e+00 1.090803945464409175e+00 1.254558285145100704e+00 1.273390329270140953e+00 7.563241452487149408e-01 1.048253079765518514e+00 1.155543972383242357e+00 1.034814825166525676e+00 1.211260000303410189e+00 1.074460116084596129e+00 1.090803945464409175e+00 1.215479294850406067e+00
1.265202268436012689e+00 1.038206944364294504e+00 1.216113942042104323e+00 1.048975616901273389e+00 1.105060883410570627e+00 1.271977609004514509e+00 1.294940151798476657e+00 7.355188645812283932e-01 1.021371824511219106e+00 1.164331634829269824e+00 1.038206944364294504e+00 1.216113942042104323e+00 1.048975616901273389e+00 1.105060883410570627e+00 1.216229512628120180e+00
1.272062867286533061e+00 1.041613709140867483e+00 1.221672853422484328e+00 1.023427898807041103e+00 1.119473635989587823e+00 1.289786076670817794e+00 1.315304868368069036e+00 7.138876020240514375e-01 9.938989978944033910e-01 1.172327343382272957e+00 1.041613709140867483e+00 1.221672853422484328e+00 1.023427898807041103e+00 1.119473635989587601e+00 1.217417490499926647e+00
1.278466030112911156e+00 1.045017887545346413e+00 1.227841621325004740e+00 9.980264979202592146e-01 1.134082691999195092e+00 1.308032333769839184e+00 1.334358462678622459e+00 6.915906891740020157e-01 9.659683022431956312e-01 1.179408323940939418e+00 1.045017887545346413e+00 1.227841621325004740e+00 9.980264979202592146e-01 1.134082691999194870e+00 1.218989581048189663e+00
1.284288739185742489e+00 1.048413237325150238e+00 1.234520860891899607e+00 9.729805118525329810e-01 1.148916585245366662e+00 1.326735248712308080e+00 1.352006749668913432e+00 6.687973288334234656e-01 9.376966523679055587e-01 1.185481067381173093e+00 1.048413237325150238e+00 1.234520860891899385e+00 9.729805118525329810e-01 1.148916585245366440e+00 1.220862353586500415e+00
1.289415236102443574e+00 1.051803263392097953e+00 1.241612544942807039e+00 9.484943222603071655e-01 1.163993629213216252e+00 1.345889617625712464e+00 1.368189342573728817e+00 6.456702828749101286e-01 9.091892320372007008e-01 1.190479875438990254e+00 1.051803263392097953e+00 1.241612544942806817e+00 9.484943222603071655e-01 1.163993629213216030e+00 1.222928822034583751e+00
1.293739269186098051e+00 1.055200944127621776e+00 1.249022105205880973e+00 9.247626969768641958e-01 1.179322420714612685e+00 1.365469159062345783e+00 1.382879245593925166e+00 6.223544692161001590e-01 8.805415488922697653e-01 1.194366236495244094e+00 1.055200944127621998e+00 1.249022105205880750e+00 9.247626969768641958e-01 1.179322420714612463e+00 1.225061984452689989e+00
1.297165885910191330e+00 1.058628886955818915e+00 1.256660148077842987e+00 9.019670713147431851e-01 1.194902370582416884e+00 1.385429407679610536e+00 1.396080386634957593e+00 5.989696304511408220e-01 8.518410872485693286e-01 1.197128169536260112e+00 1.058628886955819137e+00 1.256660148077842765e+00 9.019670713147431851e-01 1.194902370582416662e+00 1.227118524669034150e+00
1.299612626123317183e+00 1.062119603038530036e+00 1.264444555795237068e+00 8.802731221271327122e-01 1.210724543749867710e+00 1.405710864763618728e+00 1.407823504449363883e+00 5.756073953506446461e-01 8.231690352866201099e-01 1.198779201482990775e+00 1.062119603038530258e+00 1.264444555795236846e+00 8.802731221271327122e-01 1.210724543749867488e+00 1.228943074354212017e+00
1.301010038250905998e+00 1.065715800807466085e+00 1.272302990160015135e+00 8.598293845700734073e-01 1.226772742353989143e+00 1.426242094066253019e+00 1.418161166854935873e+00 5.523323902160978127e-01 7.946020004108874657e-01 1.199357038673250164e+00 1.065715800807466307e+00 1.272302990160014913e+00 8.598293845700734073e-01 1.226772742353988921e+00 1.230372854637638902e+00
1.301301596931144333e+00 1.069470688485987253e+00 1.280175543660099446e+00 8.407665981589862447e-01 1.243024674796957996e+00 1.446942337832135994e+00 1.427162785107166876e+00 5.291864711576462765e-01 7.662135222809259849e-01 1.198922108472070258e+00 1.069470688485987475e+00 1.280175543660099224e+00 8.407665981589862447e-01 1.243024674796957774e+00 1.231242444606758024e+00
1.300443172427529825e+00 1.073448267175833859e+00 1.288017213289297302e+00 8.231975094036373397e-01 1.259453079347617743e+00 1.467723327946216072e+00 1.434910329252737649e+00 5.061948685441196583e-01 7.380752552869358496e-01 1.197556082086300266e+00 1.073448267175834081e+00 1.288017213289297080e+00 8.231975094036373397e-01 1.259453079347617743e+00 1.231388504497152203e+00
1.298402195816413585e+00 1.077723522549371982e+00 1.295799898750860768e+00 8.072169402119192538e-01 1.276026738101161184e+00 1.488490122518269620e+00 1.441495170190556729e+00 4.833730543994395612e-01 7.102578096237955885e-01 1.195360352148444605e+00 1.077723522549372204e+00 1.295799898750860546e+00 8.072169402119192538e-01 1.276026738101161184e+00 1.230654384451018712e+00
