1.000000000000000000e+00 1.000000000000000000e+00 1.000000000000000000e+00 1.000000000000000000e+00 1.000000000000000000e+00 1.000000000000000000e+00 1.000000000000000000e+00 1.000000000000000000e+00 1.000000000000000000e+00 1.000000000000000000e+00 1.000000000000000000e+00 1.000000000000000000e+00 1.000000000000000000e+00 1.000000000000000000e+00 1.000000000000000000e+00
8.463869935820772517e-01 9.404491078207540822e-01 8.582499011825387436e-01 8.571048241744622098e-01 9.386127174732358247e-01 9.336288398331477056e-01 8.832766247933647730e-01 1.077380242656853504e+00 9.060363385677311365e-01 8.989531839551923031e-01 9.404491078207540822e-01 8.582499011825386326e-01 8.571048241744620988e-01 9.386127174732359357e-01 8.463869935820771406e-01
7.926540614789047146e-01 9.450472024468655752e-01 8.031727058554758436e-01 7.802534254906990929e-01 9.679199318293785215e-01 8.458740094940726539e-01 8.077211833305313338e-01 1.183913829223347092e+00 8.634649063875105002e-01 7.805234590709283493e-01 9.450472024468655752e-01 8.031727058554757326e-01 7.802534254906990929e-01 9.679199318293786325e-01 7.994129840715965551e-01
7.934163140729955099e-01 9.582827658721642106e-01 8.110319258937280784e-01 7.473076413571427823e-01 1.023100470516449256e+00 7.952758786602098784e-01 7.769540910023200464e-01 1.256096911444537723e+00 8.654418993089483259e-01 7.149054879519574079e-01 9.582827658721642106e-01 8.110319258937280784e-01 7.473076413571426713e-01 1.023100470516449478e+00 8.082031717560549389e-01
7.826146504327284870e-01 9.417134000651826709e-01 8.205972893481063846e-01 7.098347615731023241e-01 1.052703659232192113e+00 7.681083222675534339e-01 7.414450978362132627e-01 1.282583688748687889e+00 8.679928131939613767e-01 6.845297828255844097e-01 9.417134000651826709e-01 8.205972893481063846e-01 7.098347615731022131e-01 1.052703659232192335e+00 8.026265099749578802e-01
7.837731283750792866e-01 9.276186322649651039e-01 8.429766327215341137e-01 6.842062137496448537e-01 1.083850041259314612e+00 7.495787117160719326e-01 7.139775385091789994e-01 1.296268142911012333e+00 8.750595183372292807e-01 6.730628400864291372e-01 9.276186322649651039e-01 8.429766327215341137e-01 6.842062137496446317e-01 1.083850041259314834e+00 8.064249508385207266e-01
7.844580542445837024e-01 9.093179452530864015e-01 8.664902782670925729e-01 6.599735907890688091e-01 1.108921677480973145e+00 7.366101992095994699e-01 6.865197210197370170e-01 1.297623416524046558e+00 8.782811200685542996e-01 6.726786066740222392e-01 9.093179452530864015e-01 8.664902782670924619e-01 6.599735907890685871e-01 1.108921677480973367e+00 8.072324524603283757e-01
7.886758480502901181e-01 8.928074880051696249e-01 8.926047157490905049e-01 6.399473266637329960e-01 1.133545178854507895e+00 7.257813763965317300e-01 6.618520874333206905e-01 1.293979583267469202e+00 8.788411273896213904e-01 6.786926329299366456e-01 8.928074880051696249e-01 8.926047157490903938e-01 6.399473266637327740e-01 1.133545178854508118e+00 8.097557976692321136e-01
7.935031717297545972e-01 8.764449116821733110e-01 9.186739918948151340e-01 6.214932771562377001e-01 1.156452317574498956e+00 7.164575771440433449e-01 6.383328989759607941e-01 1.285797775491004824e+00 8.751963332709110643e-01 6.887075479876648698e-01 8.764449116821733110e-01 9.186739918948150230e-01 6.214932771562374780e-01 1.156452317574498956e+00 8.114481995132859504e-01
7.994401991641353344e-01 8.612630503963071282e-01 9.447245706307968449e-01 6.050150160974654412e-01 1.179008565298918176e+00 7.077954549709943866e-01 6.163665880332760416e-01 1.275012531325773191e+00 8.677767542187904137e-01 7.011131901135176925e-01 8.612630503963071282e-01 9.447245706307967339e-01 6.050150160974652191e-01 1.179008565298917954e+00 8.132962846106702726e-01
8.056529345421084010e-01 8.467092279131013255e-01 9.699980384129707200e-01 5.898637067579962645e-01 1.201173916798879526e+00 6.996269652471051037e-01 5.954030587053849022e-01 1.262167090610031517e+00 8.565177684806962732e-01 7.148945092607766894e-01 8.467092279131014365e-01 9.699980384129706090e-01 5.898637067579960425e-01 1.201173916798879304e+00 8.148268660028921140e-01
8.120414877019399569e-01 8.327387402898728253e-01 9.942675440785144758e-01 5.761183350134558845e-01 1.223388468010315089e+00 6.917866866017839955e-01 5.752596935305328563e-01 1.248055122238203030e+00 8.418007742809621163e-01 7.293219155614927285e-01 8.327387402898730473e-01 9.942675440785144758e-01 5.761183350134557735e-01 1.223388468010314867e+00 8.162871072819840590e-01
8.182968389899311079e-01 8.189651300717191162e-01 1.017129036487976368e+00 5.637149199055986326e-01 1.245783201601439627e+00 6.843182031230892193e-01 5.555800786184692530e-01 1.233179124774016033e+00 8.239624924408033291e-01 7.438994837933445847e-01 8.189651300717193383e-01 1.017129036487976368e+00 5.637149199055985216e-01 1.245783201601439405e+00 8.176411763589006565e-01
8.243073677815505595e-01 8.050863425201983947e-01 1.038244812402394857e+00 5.527898721642875435e-01 1.268551914975025285e+00 6.773332703181712544e-01 5.361110852097055179e-01 1.218052456685470686e+00 8.034676396113035191e-01 7.582841554392034666e-01 8.050863425201986168e-01 1.038244812402394857e+00 5.527898721642874325e-01 1.268551914975025285e+00 8.190026998720308926e-01
8.299773751369330377e-01 7.907324019289381223e-01 1.057194835159912749e+00 5.434882257204252110e-01 1.291811488207149194e+00 6.710523454313800373e-01 5.166182134578655161e-01 1.203093981081618358e+00 7.808114933700779359e-01 7.722567593370416317e-01 7.907324019289383443e-01 1.057194835159912749e+00 5.434882257204250999e-01 1.291811488207149194e+00 8.204458519127985072e-01
8.353031698486034218e-01 7.755620758011296800e-01 1.073520292381908936e+00 5.360162259851025679e-01 1.315686884434675408e+00 6.657717805558223123e-01 4.969444601682772022e-01 1.188665541420313110e+00 7.565511770306170281e-01 7.856787659362414189e-01 7.755620758011299021e-01 1.073520292381908936e+00 5.360162259851025679e-01 1.315686884434675408e+00 8.220960909432238894e-01
8.403308827146869220e-01 7.592476668108383286e-01 1.086697034710928378e+00 5.305898302244522746e-01 1.340299284237913113e+00 6.618625185927304866e-01 4.769958714707440706e-01 1.175035832201949848e+00 7.312936924177081410e-01 7.984540182207706671e-01 7.592476668108385507e-01 1.086697034710928156e+00 5.305898302244522746e-01 1.340299284237913113e+00 8.240971867535688000e-01
8.451571092091589854e-01 7.415085457945013170e-01 1.096156579892498151e+00 5.274280188078340759e-01 1.365793918165842280e+00 6.597489167599115412e-01 4.567494487893952737e-01 1.162370069710120468e+00 7.057178316811351104e-01 8.104788162650656824e-01 7.415085457945015390e-01 1.096156579892498151e+00 5.274280188078340759e-01 1.365793918165842280e+00 8.266221351567968334e-01
8.499007672243499290e-01 7.221278758515570217e-01 1.101311099060740650e+00 5.267169498708864639e-01 1.392341820685568665e+00 6.598830330776045416e-01 4.362452996673743533e-01 1.150715149175649543e+00 6.805998820418215356e-01 8.215882605762772073e-01 7.221278758515572438e-01 1.101311099060740650e+00 5.267169498708864639e-01 1.392341820685568665e+00 8.298446764639224593e-01
8.546791385203583724e-01 7.009892116698916986e-01 1.101616887709925718e+00 5.285663855845820214e-01 1.420134759160035953e+00 6.626979954581829757e-01 4.155809860497003960e-01 1.140004154451047746e+00 6.568536762496743897e-01 8.315017352106579551e-01 7.009892116698918096e-01 1.101616887709925718e+00 5.285663855845820214e-01 1.420134759160035953e+00 8.338977310785431474e-01
