8.093649745022095665e-01 4.603077633773968724e-01 6.514145112923539482e-01 4.750658331650689625e+00 4.701305539595098892e+00 5.808142839712084005e+00 4.595970215438474504e+00 3.928956120879896208e+00 2.307182117888468831e+00 4.431465490662449547e+00 7.298420628612128924e-01 2.930111524315007987e+00 4.827475843080915041e+00 2.621041629929965922e+00 3.904538112352065937e+00
7.688444199581508931e-01 4.371161585387788873e-01 6.429971961868177210e-01 4.756488389154349683e+00 4.708266295480330044e+00 5.837600114902379289e+00 4.647302736031218018e+00 3.872148118177651810e+00 2.362395677474482536e+00 4.471677354762653600e+00 7.066504580225944077e-01 2.921694209209471538e+00 4.833305900584575099e+00 2.628002385815197517e+00 3.863787003494904226e+00
7.261419899995789073e-01 4.130993309762280852e-01 6.351312898956232855e-01 4.763257208301397760e+00 4.713644688336534827e+00 5.870184166905879408e+00 4.705212678924452163e+00 3.809252169600827909e+00 2.423741914869745884e+00 4.515139313086852013e+00 6.826336304600437721e-01 2.913828302918277213e+00 4.840074719731623176e+00 2.633380778671402744e+00 3.817981597069986854e+00
6.876813518696200944e-01 3.913200787107142253e-01 6.299271780700310686e-01 4.768340972765897412e+00 4.717951730866782434e+00 5.899936539662302692e+00 4.759838215608763079e+00 3.750452984699700565e+00 2.481258623242790229e+00 4.554133223840589828e+00 6.608543781945296347e-01 2.908624191092685329e+00 4.845158484196122828e+00 2.637687821201649907e+00 3.773857824660672211e+00
6.582036660742326406e-01 3.738781294195834826e-01 6.278500955056580679e-01 4.770100559042225186e+00 4.722424257088563948e+00 5.921678434758331555e+00 4.801508395867581491e+00 3.705310241878343014e+00 2.525391990034355327e+00 4.582805820734073166e+00 6.434124289033992250e-01 2.906547108528311885e+00 4.846918070472450601e+00 2.642160347423430977e+00 3.738943848327866970e+00
6.374482580602109927e-01 3.605290402010404294e-01 6.276690087645119265e-01 4.769139271543172853e+00 4.727569358205553129e+00 5.934937391395893158e+00 4.828367335937919336e+00 3.675372959961401342e+00 2.554422494468939320e+00 4.601397166859232613e+00 6.300633396848560608e-01 2.906366021787166076e+00 4.845956782973398269e+00 2.647305448540420159e+00 3.715482335172481498e+00
6.228026192931156446e-01 3.500779638876126976e-01 6.281764123524425925e-01 4.766795323125008643e+00 4.733086151638499217e+00 5.942132516523799701e+00 4.844129391225768799e+00 3.656762556065509262e+00 2.572135267569256811e+00 4.613164715675555527e+00 6.196122633714286065e-01 2.906873425375096076e+00 4.843612834555234059e+00 2.652822241973365358e+00 3.701109293340482331e+00
6.120305442588699352e-01 3.415644793101090260e-01 6.287903088208891544e-01 4.763972272275223574e+00 4.738582230395774531e+00 5.945649732182993752e+00 4.852896508200031711e+00 3.645341693855949305e+00 2.582669601358546618e+00 4.620906268524063165e+00 6.110987787939249349e-01 2.907487321843542638e+00 4.840789783705448990e+00 2.658318320730640671e+00 3.692713372719138576e+00
6.037223383826380019e-01 3.343911969375488735e-01 6.293141896618339448e-01 4.761107380792448218e+00 4.743827527472258332e+00 5.947061670283586565e+00 4.857503775276149405e+00 3.638274447198700745e+00 2.588886501346558511e+00 4.626327442618904939e+00 6.039254964213656152e-01 2.908011202684486651e+00 4.837924892222674522e+00 2.663563617807124917e+00 3.687990135283797155e+00
5.970372000448995742e-01 3.281925330120622486e-01 6.297082026358489237e-01 4.758381102615069302e+00 4.748725722530575233e+00 5.947296628344225233e+00 4.859680537349107432e+00 3.633828850482421213e+00 2.592536058948198718e+00 4.630382030996454290e+00 5.977268324958793233e-01 2.908405215658500964e+00 4.835198614045295606e+00 2.668461812865441374e+00 3.685472057104369092e+00
