1.000000000000000000e+00 1.000000000000000000e+00 1.000000000000000000e+00 1.000000000000000000e+00 1.000000000000000000e+00 1.000000000000000000e+00 1.000000000000000000e+00 1.000000000000000000e+00 1.000000000000000000e+00 1.000000000000000000e+00 1.000000000000000000e+00 1.000000000000000000e+00 1.000000000000000000e+00 1.000000000000000000e+00 1.000000000000000000e+00
1.127466111708488983e+00 1.004761142629577053e+00 1.119499454242029790e+00 1.118354377233953256e+00 1.002924752282059018e+00 1.095678233099346865e+00 1.082026888760197592e+00 9.116354524442757956e-01 1.104786602534564066e+00 1.061002577221391574e+00 1.004761142629577053e+00 1.119499454242029790e+00 1.118354377233953256e+00 1.002924752282059018e+00 1.127466111708489205e+00
1.209798532831183104e+00 1.020625645982919716e+00 1.187998816826416393e+00 1.177152913539449841e+00 1.022611173079657432e+00 1.157745745162552353e+00 1.151589113159611211e+00 8.530573756029334875e-01 1.149996849701721890e+00 1.104950079652953665e+00 1.020625645982919716e+00 1.187998816826416615e+00 1.177152913539449841e+00 1.022611173079657432e+00 1.203105818622973722e+00
1.229589074663151260e+00 1.025455387398538143e+00 1.201107634676856994e+00 1.167490432211583107e+00 1.039962069533694189e+00 1.183296574128497092e+00 1.184690281550376589e+00 8.300787859375786670e-01 1.138733512520342828e+00 1.119790733436344832e+00 1.025455387398538143e+00 1.201107634676857217e+00 1.167490432211583107e+00 1.039962069533694189e+00 1.215879033979035961e+00
1.237686782517235962e+00 1.027997267581730156e+00 1.204149561637768207e+00 1.144957283305875206e+00 1.054570334025092038e+00 1.201012564914987868e+00 1.210297627478734928e+00 8.130111656078224946e-01 1.115930168439315251e+00 1.130076112563182633e+00 1.027997267581730156e+00 1.204149561637768429e+00 1.144957283305875206e+00 1.054570334025092038e+00 1.216210813208935981e+00
1.245027489001264032e+00 1.030668481129504155e+00 1.207122726220060338e+00 1.120760872482593928e+00 1.068735638366885343e+00 1.217799240362007041e+00 1.234968361178544471e+00 7.953647835555204271e-01 1.090901272608654882e+00 1.140127818057933506e+00 1.030668481129503933e+00 1.207122726220060782e+00 1.120760872482593928e+00 1.068735638366885343e+00 1.215702707902353019e+00
1.252330035663356433e+00 1.033505606122460563e+00 1.210955512631184616e+00 1.095923442818337756e+00 1.082873850675218907e+00 1.234623953425604714e+00 1.258934192279801412e+00 7.765943965513077973e-01 1.064765770239709530e+00 1.149860437507263855e+00 1.033505606122460563e+00 1.210955512631185060e+00 1.095923442818337756e+00 1.082873850675218907e+00 1.215529531008259667e+00
1.259487016971900797e+00 1.036434539314539105e+00 1.215662464641028340e+00 1.070658807062593088e+00 1.097108137765951952e+00 1.251727860100514844e+00 1.281986049120793725e+00 7.567324603852984000e-01 1.037803983890263515e+00 1.159020657033078772e+00 1.036434539314539105e+00 1.215662464641028784e+00 1.070658807062593088e+00 1.097108137765951952e+00 1.215816488435592424e+00
1.266354896139942898e+00 1.039411685373937910e+00 1.221152112924550615e+00 1.045156426633950586e+00 1.111501392322821635e+00 1.269219769840362222e+00 1.303934301160790676e+00 7.358968054733923125e-01 1.010184223489895672e+00 1.167423889592417385e+00 1.039411685373937910e+00 1.221152112924551281e+00 1.045156426633950586e+00 1.111501392322821635e+00 1.216555531926621470e+00
1.272799139746356500e+00 1.042414466642611837e+00 1.227316416566948565e+00 1.019624522274857670e+00 1.126095715006911524e+00 1.287161403901039947e+00 1.324624796737278398e+00 7.142399913330709227e-01 9.820462585409421852e-01 1.174931985191128181e+00 1.042414466642611837e+00 1.227316416566949231e+00 1.019624522274857670e+00 1.126095715006911524e+00 1.217699003652040535e+00
1.278691775928566976e+00 1.045433209979597100e+00 1.234045742598196549e+00 9.942809416457466520e-01 1.140921407715558500e+00 1.305584904628828813e+00 1.343935941639503806e+00 6.919331291792131244e-01 9.535151050748107426e-01 1.181438768349638124e+00 1.045433209979597100e+00 1.234045742598197215e+00 9.942809416457465410e-01 1.140921407715558500e+00 1.219172098934519388e+00
1.283911100008888972e+00 1.048468210034275261e+00 1.241232802332850271e+00 9.693438573515934520e-01 1.155998751877630903e+00 1.324497234697830983e+00 1.361779689697136808e+00 6.691512277470191838e-01 9.247041857546114407e-01 1.186866230887920981e+00 1.048468210034275261e+00 1.241232802332850937e+00 9.693438573515933410e-01 1.155998751877630903e+00 1.220875826707866540e+00
1.288343710476566262e+00 1.051529111813589656e+00 1.248774196613572141e+00 9.450247188719562708e-01 1.171338070642363949e+00 1.343882068149069742e+00 1.378103008063237267e+00 6.460595158122263149e-01 8.957165248499678878e-01 1.191164373862336978e+00 1.051529111813589878e+00 1.248774196613572807e+00 9.450247188719561597e-01 1.171338070642363949e+00 1.222689320836237270e+00
1.291887016323075565e+00 1.054635083055259104e+00 1.256571725277669582e+00 9.215230664094399282e-01 1.186939834423313078e+00 1.363702018738162547e+00 1.392887487611455199e+00 6.228026839426697991e-01 8.666459385543229255e-01 1.194311404486958050e+00 1.054635083055259326e+00 1.256571725277670248e+00 9.215230664094398172e-01 1.186939834423313078e+00 1.224473035819066524e+00
1.294451227201860233e+00 1.057815139467094712e+00 1.264534171459981593e+00 8.990229316088151901e-01 1.202795282818628131e+00 1.383901695196720238e+00 1.406146605624859047e+00 5.994983954910825252e-01 8.375786040459343162e-01 1.196313241874131128e+00 1.057815139467094934e+00 1.264534171459982259e+00 8.990229316088150791e-01 1.202795282818628131e+00 1.226072935698666821e+00
1.295960481096387396e+00 1.061108414393068688e+00 1.272579647739431996e+00 8.776905717515028904e-01 1.218887515752997475e+00 1.404411199521009346e+00 1.417921205393761319e+00 5.762353959328525566e-01 8.085948538795538765e-01 1.197202282066847534e+00 1.061108414393068688e+00 1.272579647739432662e+00 8.776905717515027794e-01 1.218887515752997475e+00 1.227325367625955010e+00
1.296353124975873516e+00 1.064564344561182985e+00 1.280638277080890397e+00 8.576732403007277794e-01 1.235192836491814106e+00 1.425149460324460104e+00 1.428274178436763409e+00 5.530756433631168756e-01 7.797709031457572548e-01 1.197035701450650969e+00 1.064564344561182985e+00 1.280638277080891063e+00 8.576732403007276684e-01 1.235192836491814106e+00 1.228062240230068047e+00
1.295581323503059989e+00 1.068242780914711476e+00 1.288654862496518394e+00 8.390986910197263393e-01 1.251682134908463473e+00 1.446026881494283600e+00 1.437285315703441535e+00 5.300593189908729963e-01 7.511802753070366823e-01 1.195893565468563402e+00 1.068242780914711476e+00 1.288654862496519282e+00 8.390986910197262283e-01 1.251682134908463473e+00 1.228116211154992365e+00
1.293610197280831375e+00 1.072213985616983667e+00 1.296591201510379765e+00 8.220751623372871686e-01 1.268322179120745297e+00 1.466946987999834473e+00 1.445047028771465847e+00 5.072113997512858186e-01 7.228948364757046274e-01 1.193876852469986982e+00 1.072213985616983667e+00 1.296591201510380653e+00 8.220751623372870576e-01 1.268322179120745297e+00 1.227325717828761542e+00
1.290416648691253609e+00 1.076558381961235211e+00 1.304427760823221094e+00 8.066916653872550080e-01 1.285076774804163602e+00 1.487806946890405602e+00 1.451661300645722408e+00 4.845486029435047137e-01 6.949855016843591304e-01 1.191105322491738949e+00 1.076558381961235211e+00 1.304427760823221760e+00 8.066916653872547860e-01 1.285076774804163602e+00 1.225539790266726214e+00
