1.000000000000000000e+00 1.000000000000000000e+00 1.000000000000000000e+00 1.000000000000000000e+00 1.000000000000000000e+00 1.000000000000000000e+00 1.000000000000000000e+00 1.000000000000000000e+00 1.000000000000000000e+00 1.000000000000000000e+00 1.000000000000000000e+00 1.000000000000000000e+00 1.000000000000000000e+00 1.000000000000000000e+00 1.000000000000000000e+00
1.088245769644338612e+00 9.957873703306715507e-01 1.083046028233728642e+00 1.081900951225652108e+00 9.939509799831534043e-01 1.073066689852900435e+00 1.054294293788081260e+00 9.347626324739377601e-01 1.077054007562447735e+00 1.038391033974945143e+00 9.957873703306715507e-01 1.083046028233728642e+00 1.081900951225652108e+00 9.939509799831534043e-01 1.088245769644338612e+00
1.161252463264322632e+00 1.003039186443014374e+00 1.144782443097386304e+00 1.139244404482697037e+00 1.000841341922186656e+00 1.134304055263694266e+00 1.111003374057211390e+00 8.788555329287078832e-01 1.125847204129741153e+00 1.076219057607437968e+00 1.003039186443014374e+00 1.144782443097386304e+00 1.139244404482697037e+00 1.000841341922186656e+00 1.156406388136723473e+00
1.203039476146286590e+00 1.011102700922649422e+00 1.176276210790735410e+00 1.156259940946691378e+00 1.016654665923908407e+00 1.175427079293249522e+00 1.154041193446135871e+00 8.413496868509037219e-01 1.139220380506511976e+00 1.101333837735502863e+00 1.011102700922649422e+00 1.176276210790735188e+00 1.156259940946691378e+00 1.016654665923908407e+00 1.191941360809929407e+00
1.224028763165465161e+00 1.016853209288151483e+00 1.189311458674625177e+00 1.148168084122698884e+00 1.032905902950992383e+00 1.202731685064076794e+00 1.185120648925466869e+00 8.158699476006715523e-01 1.131393570561492146e+00 1.116878460628001557e+00 1.016853209288151483e+00 1.189311458674624955e+00 1.148168084122698884e+00 1.032905902950992383e+00 1.206083310992282831e+00
1.236424125191753154e+00 1.021503646356900274e+00 1.195023370434959098e+00 1.129568997411041886e+00 1.048067187253329813e+00 1.223757526212454039e+00 1.210609208800185854e+00 7.949015101766494507e-01 1.114152280516909954e+00 1.128698675855096534e+00 1.021503646356900274e+00 1.195023370434958876e+00 1.129568997411041664e+00 1.048067187253329813e+00 1.211148239927272385e+00
1.245777078579685782e+00 1.025854028963739450e+00 1.198498670403612465e+00 1.106831164438164317e+00 1.062556644836434083e+00 1.242316060266936306e+00 1.233645851913852898e+00 7.749517361840759788e-01 1.092693843683489874e+00 1.139222508925578081e+00 1.025854028963739450e+00 1.198498670403612243e+00 1.106831164438164095e+00 1.062556644836434083e+00 1.213023048010936744e+00
1.254086611464699796e+00 1.030148297034220395e+00 1.201687002120128689e+00 1.082384488576479731e+00 1.076746603708092609e+00 1.260035799870436124e+00 1.255301803049456488e+00 7.547327984086383834e-01 1.069095192598922939e+00 1.149130653177433681e+00 1.030148297034220395e+00 1.201687002120128467e+00 1.082384488576479509e+00 1.076746603708092387e+00 1.214037263365591812e+00
1.261983118681702321e+00 1.034424974232024619e+00 1.205277997451017713e+00 1.057203423599027969e+00 1.090841467926783714e+00 1.277607226498012949e+00 1.275844252633149711e+00 7.338438926219481573e-01 1.044227063789098908e+00 1.158514218421546449e+00 1.034424974232024619e+00 1.205277997451017491e+00 1.057203423599027747e+00 1.090841467926783492e+00 1.215068113832460606e+00
1.269605283799076112e+00 1.038668914764174112e+00 1.209476672650175333e+00 1.031748804713778167e+00 1.104954309804605961e+00 1.295333716427834236e+00 1.295270404832893130e+00 7.122289675255405461e-01 1.018498976758489327e+00 1.167293921666371581e+00 1.038668914764174112e+00 1.209476672650175111e+00 1.031748804713777945e+00 1.104954309804605739e+00 1.216425735994801638e+00
1.276920359945008743e+00 1.042858790591486340e+00 1.214303993583458308e+00 1.006303461508102126e+00 1.119154951781687668e+00 1.313354623869217530e+00 1.313502805424128228e+00 6.899679049175893031e-01 9.921400404757512170e-01 1.175355392189933790e+00 1.042858790591486118e+00 1.214303993583458086e+00 1.006303461508101904e+00 1.119154951781687446e+00 1.218193836305674571e+00
1.283838670067093402e+00 1.046979447478597169e+00 1.219712103966458905e+00 9.810882419533645260e-01 1.133491347396905269e+00 1.331733741010101557e+00 1.330458363714371872e+00 6.671925073580767807e-01 9.653050878540466728e-01 1.182590790885100107e+00 1.046979447478596947e+00 1.219712103966458683e+00 9.810882419533643040e-01 1.133491347396905047e+00 1.220358325191213567e+00
1.290254787194942354e+00 1.051024378345036148e+00 1.225628345838225108e+00 9.562998149488213251e-01 1.147998142395183496e+00 1.350494297469354121e+00 1.346072404849244952e+00 6.440483264707927979e-01 9.381149759271093513e-01 1.188911096496808817e+00 1.051024378345035926e+00 1.225628345838224886e+00 9.562998149488211030e-01 1.147998142395183052e+00 1.222855993843130484e+00
1.296062961366989397e+00 1.054995961105948954e+00 1.231972215757507039e+00 9.321212904371052321e-01 1.162699934828482995e+00 1.369633309233722729e+00 1.360306267272180181e+00 6.206743737098567859e-01 9.106721770581824860e-01 1.194249459421547810e+00 1.054995961105948732e+00 1.231972215757506817e+00 9.321212904371050101e-01 1.162699934828482551e+00 1.225593692432651372e+00
1.301163423416975773e+00 1.058905421073897735e+00 1.238662358783314765e+00 9.087239969647141757e-01 1.177612599379976643e+00 1.389128297252153921e+00 1.373148172645812126e+00 5.971914052645139748e-01 8.830672821256814187e-01 1.198561768571010600e+00 1.058905421073897513e+00 1.238662358783314543e+00 9.087239969647139537e-01 1.177612599379976199e+00 1.228457016509639343e+00
1.305465242289890915e+00 1.062772894146766234e+00 1.245620200535464628e+00 8.862668778800956160e-01 1.192744058628184778e+00 1.408941340706559853e+00 1.384610895428812105e+00 5.736958111851000464e-01 8.553822888022332149e-01 1.201826235396673992e+00 1.062772894146766012e+00 1.245620200535464406e+00 8.862668778800953939e-01 1.192744058628184334e+00 1.231315504765505109e+00
1.308887656868549021e+00 1.066627632209841359e+00 1.252772659182578296e+00 8.648956269678108599e-01 1.208094990031320259e+00 1.429022163150948321e+00 1.394727860041243384e+00 5.502579455931295715e-01 8.276927868211892969e-01 1.204042589962425636e+00 1.066627632209841137e+00 1.252772659182578074e+00 8.648956269678106379e-01 1.208094990031319815e+00 1.234026791943657164e+00
1.311360577024509366e+00 1.070508371088003230e+00 1.260054699814523449e+00 8.447421093495086630e-01 1.223659573826624936e+00 1.449310670023471248e+00 1.403548708176242554e+00 5.269240101898263751e-01 8.000697110751374685e-01 1.205231170596384294e+00 1.070508371088002786e+00 1.260054699814523227e+00 8.447421093495084410e-01 1.223659573826624491e+00 1.236440470815608483e+00
1.312824569495038007e+00 1.074463890701685020e+00 1.267411824412288723e+00 8.259240793603063180e-01 1.239426246832261658e+00 1.469738916204762047e+00 1.411135106127515249e+00 5.037205029860470917e-01 7.725808145534586169e-01 1.205432076015062304e+00 1.074463890701684576e+00 1.267411824412288501e+00 8.259240793603060959e-01 1.239426246832261214e+00 1.238401845777875598e+00
1.313230520489867992e+00 1.078553766393333113e+00 1.274802352769897729e+00 8.085450733025156822e-01 1.255378401513929765e+00 1.490232390112197658e+00 1.417557324304202337e+00 4.806601801187213585e-01 7.452918679686979520e-01 1.204704452392589165e+00 1.078553766393332669e+00 1.274802352769897507e+00 8.085450733025154602e-01 1.255378401513929321e+00 1.239755618524826630e+00
