1.000000000000000000e+00 1.000000000000000000e+00 1.000000000000000000e+00 1.000000000000000000e+00 1.000000000000000000e+00 1.000000000000000000e+00 1.000000000000000000e+00 1.000000000000000000e+00 1.000000000000000000e+00 1.000000000000000000e+00 1.000000000000000000e+00 1.000000000000000000e+00 1.000000000000000000e+00 1.000000000000000000e+00 1.000000000000000000e+00
9.477062105811326909e-01 9.636313529262600097e-01 9.524212517039831738e-01 9.512761746959066400e-01 9.617949625787418633e-01 9.920419932198009105e-01 9.549191618046649621e-01 1.017635027580226614e+00 9.776788755790314367e-01 9.573663373418455080e-01 9.636313529262600097e-01 9.524212517039831738e-01 9.512761746959066400e-01 9.617949625787418633e-01 9.477062105811326909e-01
9.019702873559015677e-01 9.283240285542749826e-01 9.111479255350753981e-01 9.059810735440384510e-01 9.303640368949649408e-01 9.714193840701702554e-01 9.010237181039149057e-01 1.039943957650180106e+00 9.597718353332101993e-01 9.022381518970162828e-01 9.283240285542749826e-01 9.111479255350753981e-01 9.059810735440384510e-01 9.303640368949649408e-01 9.047836333126417774e-01
8.688875908620266042e-01 9.013496758989621993e-01 8.871701786093214581e-01 8.681505863241314458e-01 9.157258214643458905e-01 9.431033336545497914e-01 8.508130367790196491e-01 1.067641255615257689e+00 9.469102250470750048e-01 8.435825962814836876e-01 9.013496758989621993e-01 8.871701786093214581e-01 8.681505863241313348e-01 9.157258214643458905e-01 8.779017352232300064e-01
8.476789996037973340e-01 8.843235212113803589e-01 8.813721185941379987e-01 8.377476318453318527e-01 9.173807187614831937e-01 9.130907007841393419e-01 8.084299125055381952e-01 1.098804756601634125e+00 9.397313307526822257e-01 7.891568252100257252e-01 8.843235212113803589e-01 8.813721185941379987e-01 8.377476318453317417e-01 9.173807187614831937e-01 8.657267162364936652e-01
8.338988417383890184e-01 8.737311045193985048e-01 8.881642624567932520e-01 8.119133182894954226e-01 9.292282850709173703e-01 8.833595269244673975e-01 7.709053834039578668e-01 1.130105510722329676e+00 9.377086613269938198e-01 7.412959853093721296e-01 8.737311045193985048e-01 8.881642624567932520e-01 8.119133182894953116e-01 9.292282850709173703e-01 8.628502169317981974e-01
8.239608090988225220e-01 8.665234531457601808e-01 9.025808493142872813e-01 7.879531027235212592e-01 9.464039855878191299e-01 8.537150431017438423e-01 7.352174355676770467e-01 1.159016911924347415e+00 9.397437197132014752e-01 7.001126812675050326e-01 8.665234531457601808e-01 9.025808493142872813e-01 7.879531027235211482e-01 9.464039855878191299e-01 8.647741896730875011e-01
8.159571405898859986e-01 8.614082275539369782e-01 9.215953905484468578e-01 7.641928077418159715e-01 9.661389136687997814e-01 8.237751565089187489e-01 7.002458779104826503e-01 1.184060357467656255e+00 9.446666825535429135e-01 6.655565179643379015e-01 8.614082275539369782e-01 9.215953905484468578e-01 7.641928077418158605e-01 9.661389136687997814e-01 8.687062270942634834e-01
8.090783345603851373e-01 8.581382401735602183e-01 9.434341249014396302e-01 7.397341428774676375e-01 9.868832008598913408e-01 7.935017599760650908e-01 6.662998083883885370e-01 1.204373527019957812e+00 9.513493516080957502e-01 6.376694902283287503e-01 8.581382401735602183e-01 9.434341249014395192e-01 7.397341428774675265e-01 9.868832008598913408e-01 8.729527182073120173e-01
8.030687093380576291e-01 8.568450005391577973e-01 9.670064148393634484e-01 7.141418067095026689e-01 1.007683243894695213e+00 7.632083183406953575e-01 6.344020640391235810e-01 1.219388023289621037e+00 9.587278425715649588e-01 6.164207935657940451e-01 8.568450005391577973e-01 9.670064148393633374e-01 7.141418067095025579e-01 1.007683243894695213e+00 8.764388744462928704e-01
7.978984634616840266e-01 8.576975053445984321e-01 9.916158958130409928e-01 6.872526155532905356e-01 1.027907539975169815e+00 7.334184301745558798e-01 6.057188080815918418e-01 1.228695664449632963e+00 9.658502235220319809e-01 6.015485837537883906e-01 8.576975053445984321e-01 9.916158958130408818e-01 6.872526155532904246e-01 1.027907539975169815e+00 8.784875715059875523e-01
7.935882880935362094e-01 8.607866981391812944e-01 1.016823399565852437e+00 6.590707578389287669e-01 1.047158830642183958e+00 7.046831389715202398e-01 5.811771551892102039e-01 1.232035867654221573e+00 9.719506421271566499e-01 5.924849031409541444e-01 8.607866981391812944e-01 1.016823399565852437e+00 6.590707578389286558e-01 1.047158830642183958e+00 8.787358051188894903e-01
7.901230578663028803e-01 8.661175841301131939e-01 1.042364422896945531e+00 6.297032532069604116e-01 1.065249622202865343e+00 6.774259958554114114e-01 5.612771577896182862e-01 1.229323083601882249e+00 9.765071134347930171e-01 5.883718543491679442e-01 8.661175841301131939e-01 1.042364422896945531e+00 6.297032532069601896e-01 1.065249622202865121e+00 8.770873225620954283e-01
7.874161229157844444e-01 8.736272299456571133e-01 1.068074675588115197e+00 5.993193472076583372e-01 1.082177368230161418e+00 6.518614370457054275e-01 5.460691483640494059e-01 1.220661689638933955e+00 9.792487999588436187e-01 5.881472902506430511e-01 8.736272299456571133e-01 1.068074675588115197e+00 5.993193472076580042e-01 1.082177368230161196e+00 8.736566485471976007e-01
7.853032306886634784e-01 8.831910365519646255e-01 1.093816815095062678e+00 5.681342684700918522e-01 1.098081901404667438e+00 6.279898834472631419e-01 5.352329930295761651e-01 1.206337443158208567e+00 9.801137924722639339e-01 5.906606832561681619e-01 8.831910365519646255e-01 1.093816815095062678e+00 5.681342684700916301e-01 1.098081901404667216e+00 8.687026924328283828e-01
7.835546950570401181e-01 8.946143300931889142e-01 1.119422868594198039e+00 5.364138834318643578e-01 1.113191582892739895e+00 6.056408031538906833e-01 5.281925872619182005e-01 1.186799451563742780e+00 9.791830311812541598e-01 5.947841580525956573e-01 8.946143300931889142e-01 1.119422868594198039e+00 5.364138834318641358e-01 1.113191582892739673e+00 8.625650290273472187e-01
7.818993117733673559e-01 9.076225367780649256e-01 1.144668831161985922e+00 5.044860492750424807e-01 1.127768668106293504e+00 5.845309613654040559e-01 5.242244169800868159e-01 1.162644661979896021e+00 9.766167026435729204e-01 5.995012090657930726e-01 9.076225367780649256e-01 1.144668831161985922e+00 5.044860492750422587e-01 1.127768668106293282e+00 8.556108768229736539e-01
7.800553703661977645e-01 9.218635063713835898e-01 1.169287277246501278e+00 4.727401207080813017e-01 1.142060347048576174e+00 5.643192764885387458e-01 5.225485683095323353e-01 1.134601773968329397e+00 9.726074848129816486e-01 6.039694168997772339e-01 9.218635063713835898e-01 1.169287277246501278e+00 4.727401207080810241e-01 1.142060347048575952e+00 8.481923164869330511e-01
7.777636076635588980e-01 9.369275071552543022e-01 1.193009021663665070e+00 4.416022852451745861e-01 1.156259320779033484e+00 5.446538975172535713e-01 5.224056765108692213e-01 1.103501887293395933e+00 9.673537056125552924e-01 6.075572017693842142e-01 9.369275071552543022e-01 1.193009021663665070e+00 4.416022852451743641e-01 1.156259320779033262e+00 8.406111631056849554e-01
7.748156542039809080e-01 9.523808484308204925e-01 1.215613321659673618e+00 4.114882901416633820e-01 1.170478170621766401e+00 5.252122219995323249e-01 5.231223013046503167e-01 1.070227858846509505e+00 9.610488861626514945e-01 6.098537240842779594e-01 9.523808484308204925e-01 1.215613321659673396e+00 4.114882901416631600e-01 1.170478170621766179e+00 8.330925817162451175e-01
