6.416461427033481879e-01 3.779731613262445222e+00 4.493907346131685188e+00 3.514026456674023358e+00 8.230346544156899036e-01 5.175180523479401273e+00 2.151631309879411980e+00 2.302317984466865308e+00 3.496885460487840547e+00 5.634083758071959380e+00 1.998478736775649800e+00 5.344133769068471373e+00 1.405009405939159794e+00 1.464615838285243221e+00 1.713642575110391864e+00
6.345961465733970241e-01 3.773577859751837238e+00 4.494781065016460353e+00 3.510168822765750818e+00 8.288263388744784299e-01 5.172670467258167371e+00 2.147108273548515189e+00 2.309186081587525141e+00 3.500534704292141530e+00 5.628278668334631085e+00 1.992324983265041816e+00 5.345007487953246539e+00 1.401151772030887255e+00 1.470407522744031636e+00 1.718388524060943556e+00
6.257894910473553729e-01 3.767163254658037363e+00 4.494283448908507950e+00 3.506620852680344846e+00 8.345838562472417399e-01 5.170614026099168647e+00 2.142032675235531425e+00 2.317045816016991999e+00 3.505913021022614817e+00 5.620784120719639176e+00 1.985910378171242163e+00 5.344509871845294136e+00 1.397603801945481505e+00 1.476165040116794946e+00 1.722637191626032793e+00
6.148681714391546205e-01 3.760400976646251614e+00 4.492184139451009806e+00 3.503452671113059580e+00 8.403334363088702519e-01 5.169057873098190647e+00 2.136219253497844583e+00 2.326144678484749484e+00 3.513330144440329317e+00 5.611215007332970295e+00 1.979148100159458190e+00 5.342410562387795991e+00 1.394435620378194907e+00 1.481914620178421016e+00 1.726367099385326176e+00
6.014053048908989396e-01 3.753175349657900561e+00 4.488224269594458526e+00 3.500745049571315715e+00 8.461190933581893558e-01 5.168043640693436913e+00 2.129428727228636742e+00 2.336783713425294451e+00 3.523144059260395977e+00 5.599118087130901422e+00 1.971922473171107137e+00 5.338450692531243824e+00 1.391727998836451263e+00 1.487700277227740120e+00 1.729569837043823943e+00
5.849169671776940360e-01 3.745348124635182518e+00 4.482120241266564165e+00 3.498596815395349058e+00 8.519980061611323041e-01 5.167606898003055171e+00 2.121365788531734964e+00 2.349307232148606150e+00 3.535752811736744494e+00 5.583983415362695268e+00 1.964095248148389317e+00 5.332346664203349462e+00 1.389579764660484607e+00 1.493579190030683179e+00 1.732246994849830024e+00
5.649011890722651641e-01 3.736772091630443882e+00 4.473584421212080997e+00 3.497130266749166605e+00 8.580332172805774649e-01 5.167772101491026504e+00 2.111687216895012931e+00 2.364073846409450397e+00 3.551563865889912019e+00 5.565282786481776434e+00 1.955519215143650902e+00 5.323810844148866295e+00 1.388113216014301932e+00 1.499614401150128451e+00 1.734408242415174328e+00
5.409236893248576816e-01 3.727317008596131132e+00 4.462375206586361109e+00 3.496489777453665848e+00 8.642818935114640055e-01 5.168541596851548015e+00 2.100032083913666803e+00 2.381395607430613293e+00 3.570924592046635038e+00 5.542555352285547521e+00 1.946064132109338374e+00 5.312601629523146407e+00 1.387472726718801175e+00 1.505863077381015103e+00 1.736071328368531397e+00
5.127714896317492332e-01 3.716913545023095899e+00 4.448389393341099840e+00 3.496825558849812055e+00 8.707767756234708889e-01 5.169878125654570944e+00 2.086091951811639422e+00 2.401431087236104212e+00 3.593996156152973409e+00 5.515562276703076527e+00 1.935660668536302920e+00 5.298615816277885138e+00 1.387808508114947159e+00 1.512357959493022097e+00 1.737264303438293744e+00
4.806764580024586730e-01 3.705616176872998491e+00 4.431797135680402455e+00 3.498253127117736838e+00 8.774997758884004462e-01 5.171684743249587157e+00 2.069737013924647595e+00 2.424031577726985631e+00 3.620568614373868677e+00 5.484513018695992947e+00 1.924363300386205511e+00 5.282023558617187753e+00 1.389236076382871721e+00 1.519080959757951543e+00 1.738029200465236901e+00
4.455477547596018995e-01 3.693669182083543667e+00 4.413179885389077128e+00 3.500787089443605726e+00 8.843528639691896620e-01 5.173794302186811578e+00 2.051185932984648463e+00 2.448582888927757661e+00 3.649866794421868121e+00 5.450301850417433869e+00 1.912416305596750687e+00 5.263406308325862426e+00 1.391770038708740609e+00 1.525934047838740648e+00 1.738424705481817378e+00
4.090500387098479629e-01 3.681531473716324054e+00 4.393569382558744074e+00 3.504274182956049977e+00 8.911435646769951813e-01 5.175987075223943634e+00 2.031138389766042884e+00 2.473954517782020801e+00 3.680481422322830376e+00 5.414589414196564476e+00 1.900278597229531075e+00 5.243795805495528484e+00 1.395257132221184859e+00 1.532724748546546278e+00 1.738524289109794063e+00
3.733305638189164388e-01 3.669804223124848885e+00 4.374270161931861800e+00 3.508382560175088205e+00 8.976106904208523973e-01 5.178044644506260674e+00 2.010724872939116281e+00 2.498689494820860890e+00 3.710590587074117597e+00 5.379529530050011665e+00 1.888551346638056128e+00 5.224496584868646210e+00 1.399365509440222866e+00 1.539191874290403383e+00 1.738408310951427005e+00
3.404057550069334304e-01 3.659059448758530397e+00 4.356482806679087716e+00 3.512689460554608178e+00 9.034973872226880198e-01 5.179815131391932503e+00 1.991199514174011753e+00 2.521425226235462613e+00 3.738468581418826542e+00 5.347151377410873430e+00 1.877806572271738306e+00 5.206709229615873014e+00 1.403672409819743061e+00 1.545078571092239228e+00 1.738153431631452195e+00
3.115714578434515269e-01 3.649668015282875544e+00 4.340958527470248463e+00 3.516822724717411308e+00 9.086330483918391154e-01 5.181243843264760507e+00 1.973537652480863658e+00 2.541295081948997669e+00 3.762984149291647373e+00 5.318764892858966142e+00 1.868415138796083230e+00 5.191184950407033760e+00 1.407805673982545969e+00 1.550214232261390324e+00 1.737824480536071414e+00
2.872286294739549439e-01 3.641741385706145362e+00 4.327914775598162400e+00 3.520553223091479111e+00 9.129684385202916364e-01 5.182353273550545758e+00 1.958219128549058885e+00 2.558044169604884122e+00 3.783757979628044943e+00 5.294784513033974349e+00 1.860488509219353048e+00 5.178141198534947698e+00 1.411536172356613550e+00 1.554549622389842956e+00 1.737470529105012762e+00
2.671160475268112289e-01 3.635192870614066152e+00 4.317189011678501664e+00 3.523795092339248036e+00 9.165524228457393452e-01 5.183201298411165503e+00 1.945282821286255626e+00 2.571867323275308870e+00 3.800977013898011236e+00 5.274962009441766853e+00 1.853939994127273616e+00 5.167415434615286962e+00 1.414778041604382475e+00 1.558133606715290442e+00 1.737124377604364556e+00
2.506572727595153816e-01 3.629837915598088660e+00 4.308447470876140883e+00 3.526555428879242005e+00 9.194846357868997622e-01 5.183849485379391275e+00 1.934509633171836107e+00 2.583170680931128338e+00 3.815105795687785850e+00 5.258733473423699678e+00 1.848585039111295902e+00 5.158673893812926181e+00 1.417538378144376221e+00 1.561065819656451081e+00 1.736804718721660423e+00
2.372117869908395016e-01 3.625470187410865908e+00 4.301328887091393050e+00 3.528884388703767083e+00 9.218768027917360053e-01 5.184349279977851666e+00 1.925584593689624757e+00 2.592400253964123991e+00 3.826673155810044857e+00 5.245469926309806574e+00 1.844217310924072928e+00 5.151555310028178347e+00 1.419867337968901300e+00 1.563457986661286991e+00 1.736519866314014005e+00
2.261976662256736936e-01 3.621900500972440540e+00 4.295510906553776209e+00 3.530844289706826622e+00 9.238319196505284658e-01 5.184739524975656266e+00 1.918190486988148313e+00 2.599958991196846814e+00 3.836165427960673835e+00 5.234599462507687484e+00 1.840647624485647782e+00 5.145737329490562395e+00 1.421827238971960838e+00 1.565413103520079341e+00 1.736271570230254246e+00
2.171304219331997298e-01 3.618970091203469686e+00 4.290728811788906860e+00 3.532495049567393242e+00 9.254367639183500582e-01 5.185048356970740180e+00 1.912047291546052463e+00 2.606181198985945358e+00 3.843990751833655573e+00 5.225645877719231613e+00 1.837717214716676928e+00 5.140955234725692158e+00 1.423477998832527902e+00 1.567017947787900711e+00 1.736057990073332391e+00
2.096224653408898242e-01 3.616551209404920808e+00 4.286773071798176460e+00 3.533888953627765783e+00 9.267613200049469313e-01 5.185295922431240712e+00 1.906922130498629464e+00 2.611333666902416084e+00 3.850477542306369294e+00 5.218228206278237913e+00 1.835298332918127384e+00 5.136999494734961758e+00 1.424871902892900000e+00 1.568342503874497584e+00 1.735875647175697756e+00
2.033688165324963604e-01 3.614542976589488088e+00 4.283480158611879141e+00 3.535069735022847048e+00 9.278609085616098540e-01 5.185496699150831112e+00 1.902626547760047693e+00 2.615625952022724299e+00 3.855885376804960796e+00 5.212046652935391933e+00 1.833290100102694442e+00 5.133706581548664438e+00 1.426052684287981487e+00 1.569442092431160507e+00 1.735720558578048633e+00
1.981305304931327005e-01 3.612866234071097971e+00 4.280722744635071741e+00 3.536073319986400509e+00 9.287789476729443328e-01 5.185661207544384865e+00 1.899009688850147759e+00 2.619222031350409985e+00 3.860418348890759521e+00 5.206866283266327500e+00 1.831613357584304325e+00 5.130949167571857039e+00 1.427056269251535170e+00 1.570360131542494875e+00 1.735588828569438968e+00
1.937199871747353752e-01 3.611458834967854248e+00 4.278401312561975089e+00 3.536929043855948418e+00 9.295495154243988978e-01 5.185797203348395001e+00 1.895951062627375894e+00 2.622250549605101178e+00 3.864237167840275600e+00 5.202502562200413294e+00 1.830205958481060824e+00 5.128627735498759499e+00 1.427911993121083079e+00 1.571130699293949551e+00 1.735476918038487026e+00
1.899890405818465688e-01 3.610271780164270083e+00 4.276437545993716505e+00 3.537660862201759571e+00 9.301994673967954874e-01 5.185910493154897161e+00 1.893354189803523324e+00 2.624813030996707042e+00 3.867469021527719431e+00 5.198809713422859247e+00 1.829018903677476660e+00 5.126663968930500914e+00 1.428643811466894453e+00 1.571780651266346363e+00 1.735381737158454341e+00
1.868198635645181571e-01 3.609266195303091340e+00 4.274769303579936341e+00 3.538288399597386835e+00 9.307500985401421234e-01 5.186005491172466897e+00 1.891141435119134462e+00 2.626990199513840274e+00 3.870215256481948973e+00 5.195671732662898279e+00 1.828013318816297694e+00 5.124995726516720751e+00 1.429271348862521940e+00 1.572331282409693110e+00 1.735300648462570150e+00
1.841180006100699984e-01 3.608411016698830132e+00 4.273346849957619042e+00 3.538827807320035657e+00 9.312184167784506306e-01 5.186085602085983126e+00 1.889249943435876045e+00 2.628846761675082799e+00 3.872557240021629266e+00 5.192995571395014665e+00 1.827158140212036264e+00 5.123573272894403452e+00 1.429810756585170761e+00 1.572799600648001617e+00 1.735231429147829685e+00
1.818071264037576240e-01 3.607681235216613658e+00 4.272130037597034580e+00 3.539292447425203214e+00 9.316181095117024302e-01 5.186153487420800623e+00 1.887628491185232571e+00 2.630435007361522803e+00 3.874560803297632194e+00 5.190705995367746794e+00 1.826428358729820012e+00 5.122356460533818989e+00 1.430275396690338097e+00 1.573199293381253305e+00 1.735172218576822578e+00
1.798250881202133333e-01 3.607056565579874086e+00 4.271086193544270770e+00 3.539693432974631015e+00 9.319602754961713309e-01 5.186211253419306111e+00 1.886235058919147223e+00 2.631797524381966458e+00 3.876279608465813098e+00 5.188741702531114441e+00 1.825803689093080440e+00 5.121312616481055180e+00 1.430676382239766120e+00 1.573541459365722206e+00 1.735121463974047540e+00
