1.000000000000000000e+00 1.000000000000000000e+00 1.000000000000000000e+00 1.000000000000000000e+00 1.000000000000000000e+00 1.000000000000000000e+00 1.000000000000000000e+00 1.000000000000000000e+00 1.000000000000000000e+00 1.000000000000000000e+00 1.000000000000000000e+00 1.000000000000000000e+00 1.000000000000000000e+00 1.000000000000000000e+00 1.000000000000000000e+00
9.542429342584910490e-01 9.651269816427443526e-01 9.584968227053667356e-01 9.573517456972900908e-01 9.632905912952260952e-01 9.958105837608752786e-01 9.595412609666843506e-01 1.013780497575282880e+00 9.823009747410507142e-01 9.611349278829199871e-01 9.651269816427443526e-01 9.584968227053666245e-01 9.573517456972900908e-01 9.632905912952260952e-01 9.542429342584910490e-01
9.133206816219546775e-01 9.302677508625908365e-01 9.215825292096176957e-01 9.171935971006373034e-01 9.312680087077993552e-01 9.803087921564072049e-01 9.102564597447392325e-01 1.031040999206311870e+00 9.681258339612505148e-01 9.112706250415311127e-01 9.302677508625908365e-01 9.215825292096175847e-01 9.171935971006373034e-01 9.312680087077993552e-01 9.158003668509585582e-01
8.818118571321955645e-01 9.014400380301311744e-01 8.981391075699796112e-01 8.825469109399058931e-01 9.122997718129491895e-01 9.566125903893011317e-01 8.621396573758459692e-01 1.052954329461122107e+00 9.572146271852484123e-01 8.571129385103515297e-01 9.014400380301311744e-01 8.981391075699795001e-01 8.825469109399058931e-01 9.122997718129491895e-01 8.898047354966303057e-01
8.599970050764501606e-01 8.814342468787855767e-01 8.904538721440524718e-01 8.539695220654809349e-01 9.077386395180145895e-01 9.297510372326061034e-01 8.200606013025640850e-01 1.078813441004796925e+00 9.500391740922264905e-01 8.052973653508359586e-01 8.814342468787855767e-01 8.904538721440522497e-01 8.539695220654809349e-01 9.077386395180145895e-01 8.762362991406101864e-01
8.450600430416589370e-01 8.684660853639670774e-01 8.950075909689291231e-01 8.297334404456003787e-01 9.136331488127723555e-01 9.021974653076434425e-01 7.827763762261585878e-01 1.106278671001804437e+00 9.467538126277998956e-01 7.584799463624291027e-01 8.684660853639670774e-01 8.950075909689289011e-01 8.297334404456003787e-01 9.136331488127723555e-01 8.715631784370277968e-01
8.340926001645495580e-01 8.599515647729742973e-01 9.076178845210350898e-01 8.076629847209696456e-01 9.258284987867670957e-01 8.741992020926546703e-01 7.477910918973950105e-01 1.133090474866082165e+00 9.470203436756013948e-01 7.169928932350093653e-01 8.599515647729742973e-01 9.076178845210348678e-01 8.076629847209696456e-01 9.258284987867670957e-01 8.721552965555190440e-01
8.252194021391465739e-01 8.543806044510843245e-01 9.253641755420654036e-01 7.860882210254351854e-01 9.415839428481735940e-01 8.454492618361225675e-01 7.137394555241508565e-01 1.157664449354176339e+00 9.502536769993962240e-01 6.807731787409425639e-01 8.543806044510843245e-01 9.253641755420651815e-01 7.860882210254351854e-01 9.415839428481735940e-01 8.754357856808346883e-01
8.174610231463670384e-01 8.512054322754932789e-01 9.464093311105900019e-01 7.639057835319587042e-01 9.592386958577115985e-01 8.158122821911303335e-01 6.805030631260341467e-01 1.178918235615862953e+00 9.557547346628419982e-01 6.498744248843010274e-01 8.512054322754932789e-01 9.464093311105897799e-01 7.639057835319587042e-01 9.592386958577115985e-01 8.796961873013546818e-01
8.103926683041027257e-01 8.503633392502195631e-01 9.695673078234455788e-01 7.404343941720629152e-01 9.777255656586798516e-01 7.854859615995656297e-01 6.487875065004132802e-01 1.196032613483789309e+00 9.627570858117356911e-01 6.244106231450062827e-01 8.503633392502195631e-01 9.695673078234453568e-01 7.404343941720629152e-01 9.777255656586798516e-01 8.837706440954149478e-01
8.038842402280987898e-01 8.519320439298092573e-01 9.940260810773567934e-01 7.153032104196266339e-01 9.962920878939012237e-01 7.549614520014604757e-01 6.196756797295880359e-01 1.208323988949839611e+00 9.704691220656588291e-01 6.044002720815596641e-01 8.519320439298092573e-01 9.940260810773565714e-01 7.153032104196267449e-01 9.962920878939012237e-01 8.868490211908818255e-01
7.979340225085517213e-01 8.559552650718779132e-01 1.019204542168294259e+00 6.883862847813555508e-01 1.014388812112312133e+00 7.248943418261526439e-01 5.942494712441400706e-01 1.215226895500567617e+00 9.781440513598494979e-01 5.896374581954110239e-01 8.559552650718779132e-01 1.019204542168294036e+00 6.883862847813556618e-01 1.014388812112312133e+00 8.884056938941308212e-01
7.925680561603952734e-01 8.623881130973803932e-01 1.044678965305792628e+00 6.597513451905865356e-01 1.031645264362082148e+00 6.959400531133965728e-01 5.733174031851113739e-01 1.216341514004008806e+00 9.851639298299142977e-01 5.796297633359073220e-01 8.623881130973803932e-01 1.044678965305792406e+00 6.597513451905865356e-01 1.031645264362082148e+00 8.881774146279707294e-01
7.877830565119459116e-01 8.711030825224407304e-01 1.070132114613594032e+00 6.296065968539297231e-01 1.047871192495638315e+00 6.686089167134472433e-01 5.572728939676736548e-01 1.211491865367124277e+00 9.911007594991708691e-01 5.736164427982610725e-01 8.711030825224407304e-01 1.070132114613593810e+00 6.296065968539298341e-01 1.047871192495638315e+00 8.861405112266647066e-01
7.835197980158328246e-01 8.819100250447415856e-01 1.095303458193997326e+00 5.982528277946722595e-01 1.063046479035754333e+00 6.431828322048556146e-01 5.460758532658936959e-01 1.200757088166251263e+00 9.957281225756605680e-01 5.706535473375031753e-01 8.819100250447415856e-01 1.095303458193997104e+00 5.982528277946723705e-01 1.063046479035754333e+00 8.824677958236807340e-01
7.796592713656357310e-01 8.945675657014426907e-01 1.119943445903387236e+00 5.660534275322783859e-01 1.077288693831413902e+00 6.197016687831454762e-01 5.393184640457479029e-01 1.184467597059014610e+00 9.989858531144485410e-01 5.697323116451772362e-01 8.945675657014426907e-01 1.119943445903387014e+00 5.660534275322784969e-01 1.077288693831413902e+00 8.774692032718539592e-01
7.760358078552671568e-01 9.087861965906007811e-01 1.143787753158125975e+00 5.334220770039426185e-01 1.090804018754388371e+00 5.979994040859508697e-01 5.363287458111963835e-01 1.163176290594169826e+00 1.000921150911876056e+00 5.698955623343125998e-01 9.087861965906007811e-01 1.143787753158125753e+00 5.334220770039427295e-01 1.090804018754388371e+00 8.715280570309622554e-01
7.724612101392829278e-01 9.242335187852803724e-01 1.166563563502211576e+00 5.008137147025158997e-01 1.103832515640754908e+00 5.777638997489896733e-01 5.362810699097682043e-01 1.137613813109516370e+00 1.001631437521909751e+00 5.703286608093079968e-01 9.242335187852803724e-01 1.166563563502211354e+00 5.008137147025160107e-01 1.103832515640754908e+00 8.650414959489053368e-01
7.687529096994022426e-01 9.405491101635375939e-01 1.188024730196219014e+00 4.687024909748567780e-01 1.116597509388657983e+00 5.586029163762871175e-01 5.383010305269668727e-01 1.108628745565755747e+00 1.001224505457232183e+00 5.704139139203885378e-01 9.405491101635375939e-01 1.188024730196218792e+00 4.687024909748568335e-01 1.116597509388657983e+00 8.583692826184455837e-01
7.647585922987139018e-01 9.573677236603802543e-01 1.207997311949964514e+00 4.375416317168531743e-01 1.129266784208819319e+00 5.401074061583186481e-01 5.415587941783956971e-01 1.077113784704757604e+00 9.998001353062562213e-01 5.697459012557131164e-01 9.573677236603802543e-01 1.207997311949964292e+00 4.375416317168532299e-01 1.129266784208819319e+00 8.517948751728668944e-01
