1.349213337659828538e+00 2.269639408344526377e+00 1.816935619958933934e+00 7.615796187330073908e-01 1.467174707916081289e+00 1.537573210726868256e+00 4.529746436833580248e+00 3.834765844541311974e+00 5.408982814309045040e+00 1.320519113523909993e-01 5.859573734646481569e-01 2.773178258561566967e+00 2.623045584622857085e+00 2.657154563156987059e+00 4.954764032727354994e+00
1.363937802924813480e+00 2.269412603560537534e+00 1.802188538263105988e+00 7.733958184771839717e-01 1.467597846773444292e+00 1.540752790946471329e+00 4.530854390777380836e+00 3.831698325222741008e+00 5.409829400562647272e+00 1.441051017602754669e-01 5.857305686806594247e-01 2.758431176865738799e+00 2.634861784367033888e+00 2.657577702014350063e+00 4.953991366201047519e+00
1.384133602874838775e+00 2.269170554967190778e+00 1.782037824264971482e+00 7.897074194656916735e-01 1.468436654938382269e+00 1.544798783313126922e+00 4.532684177830539340e+00 3.827522166001679160e+00 5.410723858535875230e+00 1.607405400110294147e-01 5.854885200873125584e-01 2.738280462867604292e+00 2.651173385355541701e+00 2.658416510179288039e+00 4.953077262735402719e+00
1.411352792865431693e+00 2.268912455428742980e+00 1.754958750468804451e+00 8.117778041786468668e-01 1.469802162395456246e+00 1.549913532378595526e+00 4.535486413618284196e+00 3.821900894302232565e+00 5.411440155956983133e+00 1.834048748218627956e-01 5.852304205488655375e-01 2.711201389071437262e+00 2.673243770068496783e+00 2.659782017636360685e+00 4.951882240370956367e+00
1.446873707558866684e+00 2.268640098942702910e+00 1.719701802018060111e+00 8.406328191014760254e-01 1.471776691583858376e+00 1.556221030736716582e+00 4.539511968789253338e+00 3.814538516984823602e+00 5.411507100833909512e+00 2.134558936578307142e-01 5.849580640628248007e-01 2.675944440620692699e+00 2.702098784991326497e+00 2.661756546824762371e+00 4.950196265974407872e+00
1.490685126219294165e+00 2.268359412584466384e+00 1.676295875407983971e+00 8.762293551375605061e-01 1.474349091699200143e+00 1.563601563878902256e+00 4.544881635876547143e+00 3.805392749281490516e+00 5.410172987785339060e+00 2.513053454775389661e-01 5.846773777045882747e-01 2.632538514010617003e+00 2.737695321027410866e+00 2.664328946940103915e+00 4.947807881288598608e+00
1.540066294137506286e+00 2.268080461160846717e+00 1.627445651885465194e+00 9.163111622145926338e-01 1.477338649792284242e+00 1.571501747029731666e+00 4.551361318835794201e+00 3.794991417258262612e+00 5.406675566475360739e+00 2.950311229736305996e-01 5.843984262809687191e-01 2.583688290488098005e+00 2.777777128104442994e+00 2.667318505033187570e+00 4.944712563119524340e+00
1.589309020450855092e+00 2.267815904306551111e+00 1.578795897435922635e+00 9.562176481448698695e-01 1.480395725098706317e+00 1.578978073346209987e+00 4.558234476702168081e+00 3.784523402251100510e+00 5.400941226426060560e+00 3.397495521210496250e-01 5.841338694266730025e-01 2.535038536038555446e+00 2.817683614034720563e+00 2.670375580339609645e+00 4.941322354268407935e+00
1.632498102648636040e+00 2.267577389432749779e+00 1.536183106638229212e+00 9.911693899316722511e-01 1.483164850270157320e+00 1.585181062160705645e+00 4.564624956811326406e+00 3.775252931679259571e+00 5.393988356815402341e+00 3.798352757992929929e-01 5.838953545528717815e-01 2.492425745240862245e+00 2.852635355821523166e+00 2.673144705511060426e+00 4.938265437719181250e+00
1.667042587584022018e+00 2.267367415331811742e+00 1.502159125226951497e+00 1.019107454148107106e+00 1.485469881918737300e+00 1.589825782275323451e+00 4.570056541398310301e+00 3.767731185831583840e+00 5.387174926088320603e+00 4.123993776720478732e-01 5.836853804519335220e-01 2.458401763829584308e+00 2.880573420037958243e+00 2.675449737159640407e+00 4.935876692298819535e+00
