1.000000000000000000e+00 1.000000000000000000e+00 1.000000000000000000e+00 1.000000000000000000e+00 1.000000000000000000e+00 1.000000000000000000e+00 1.000000000000000000e+00 1.000000000000000000e+00 1.000000000000000000e+00 1.000000000000000000e+00 1.000000000000000000e+00 1.000000000000000000e+00 1.000000000000000000e+00 1.000000000000000000e+00 1.000000000000000000e+00
1.006536723677358358e+00 9.770920113746183189e-01 1.007101390716434786e+00 1.005956313708358252e+00 9.752556210271001724e-01 1.025959308089470445e+00 9.965180542628392368e-01 9.829442575357336676e-01 1.019277768037205600e+00 9.912836522115151539e-01 9.770920113746184299e-01 1.007101390716434786e+00 1.005956313708358252e+00 9.752556210271001724e-01 1.006536723677358358e+00
1.012920308852192752e+00 9.544922271769248345e-01 1.012012620760492698e+00 1.011090300478060033e+00 9.500486209587335473e-01 1.049590122638362821e+00 9.907694428192593827e-01 9.632763667284354181e-01 1.036779081655543555e+00 9.831726074678615035e-01 9.544922271769249456e-01 1.012012620760492698e+00 1.011090300478060033e+00 9.500486209587335473e-01 1.012553196229357910e+00
1.019122656711757724e+00 9.327417334005582150e-01 1.014314442529334226e+00 1.015952723981646377e+00 9.250965337851811965e-01 1.069547591301229117e+00 9.828486277151489148e-01 9.416834080370413140e-01 1.052018057868428613e+00 9.762502196742579574e-01 9.327417334005583260e-01 1.014314442529334226e+00 1.015952723981646377e+00 9.250965337851811965e-01 1.017998110225819985e+00
1.025112733724456993e+00 9.122260839061725468e-01 1.013864702557866204e+00 1.021076260942653136e+00 9.010335003159082312e-01 1.084879794327784364e+00 9.729561399620008100e-01 9.189125831685218682e-01 1.064650678101771053e+00 9.709529817984686728e-01 9.122260839061726578e-01 1.013864702557865982e+00 1.021076260942653136e+00 9.010335003159082312e-01 1.022859077983394149e+00
1.030858718973041599e+00 8.931118467665967176e-01 1.010812470417246312e+00 1.026866708974957909e+00 8.783039261592949787e-01 1.095173613392655065e+00 9.613482781835527291e-01 8.956280441896632416e-01 1.074528425606180448e+00 9.675030052390768409e-01 8.931118467665968286e-01 1.010812470417246089e+00 1.026866708974957909e+00 8.783039261592949787e-01 1.027161302111868846e+00
1.036330619170091616e+00 8.753663983542860905e-01 1.005529040885860814e+00 1.033560322092978545e+00 8.571309054262480354e-01 1.100524592690878434e+00 9.482869319252276163e-01 8.723255690802049767e-01 1.081688616281475390e+00 9.659174820167695241e-01 8.753663983542862015e-01 1.005529040885860592e+00 1.033560322092978545e+00 8.571309054262480354e-01 1.030956974742305299e+00
1.041502528251669224e+00 8.588289798864139346e-01 9.985028862867278976e-01 1.041243702784200309e+00 8.375525543373768533e-01 1.101390302760850481e+00 9.340078181025258663e-01 8.493222960945772115e-01 1.086297609876237358e+00 9.660713236916269597e-01 8.588289798864140456e-01 9.985028862867276755e-01 1.041243702784200309e+00 8.375525543373768533e-01 1.034311117008258174e+00
1.046354125722723127e+00 8.432867213339739765e-01 9.902463222101692830e-01 1.049902171080757451e+00 8.194883486276558493e-01 1.098420789518251395e+00 9.187100231031374298e-01 8.267950942519768365e-01 1.088583178782156269e+00 9.677704785819208899e-01 8.432867213339740875e-01 9.902463222101690610e-01 1.049902171080757451e+00 8.194883486276559603e-01 1.037289523758436527e+00
1.050871432728610388e+00 8.285283395244488203e-01 9.812349709388631380e-01 1.059466443642432143e+00 8.028014887163890112e-01 1.092325543097701246e+00 9.025592268665872941e-01 8.048321623362313382e-01 1.088782350065377935e+00 9.708075902395848500e-01 8.285283395244489313e-01 9.812349709388629160e-01 1.059466443642432143e+00 8.028014887163891222e-01 1.039951371537080727e+00
1.055047014056703869e+00 8.143712603346954237e-01 9.718780181197574919e-01 1.069844956549101944e+00 7.873422321296743576e-01 1.083790808991263122e+00 8.856956586255100294e-01 7.834763303894748399e-01 1.087112063574229737e+00 9.749930894853207075e-01 8.143712603346955348e-01 9.718780181197572698e-01 1.069844956549101944e+00 7.873422321296744686e-01 1.042346211868328876e+00
1.058879791234414558e+00 8.006693712642352079e-01 9.625087779946358557e-01 1.080941765495002427e+00 7.729716276572773381e-01 1.073436810688923160e+00 8.682412640847406715e-01 7.627538088969912922e-01 1.083758278281501175e+00 9.801669386180206223e-01 8.006693712642352079e-01 9.625087779946356337e-01 1.080941765495002427e+00 7.729716276572774492e-01 1.044513887485336578e+00
1.062374562401842137e+00 7.873101496594220317e-01 9.533860852724940216e-01 1.092664432897552329e+00 7.595708759215615835e-01 1.061799957384687465e+00 8.503041793713609353e-01 7.426902736148259798e-01 1.078876155647863433e+00 9.861988940427146577e-01 7.873101496594220317e-01 9.533860852724937995e-01 1.092664432897552329e+00 7.595708759215616945e-01 1.046485927059853660e+00
1.065541284086583440e+00 7.742075396810087495e-01 9.447006356751733724e-01 1.104926269604460165e+00 7.470420106381524539e-01 1.049328879956833660e+00 8.319807709780979721e-01 7.233184478609908652e-01 1.072595255026947969e+00 9.929835121294400269e-01 7.742075396810087495e-01 9.447006356751731504e-01 1.104926269604460165e+00 7.470420106381525649e-01 1.048287416177530185e+00
1.068394165115631234e+00 7.612942570829823730e-01 9.365833107901311294e-01 1.117645950883268569e+00 7.353042231849935551e-01 1.036387796231684533e+00 8.133563363172463534e-01 7.046808956406411806e-01 1.065025910989927826e+00 1.000433747066498569e+00 7.612942570829823730e-01 9.365833107901309074e-01 1.117645950883268569e+00 7.353042231849936661e-01 1.049938779541471190e+00
1.070950634456192541e+00 7.485152699447019664e-01 9.291141314648422300e-01 1.130746260250611757e+00 7.242886266714396726e-01 1.023263849255657387e+00 7.945055895925804412e-01 6.868305448240175082e-01 1.056264798886333622e+00 1.008475140896279321e+00 7.485152699447019664e-01 9.291141314648420080e-01 1.130746260250611757e+00 7.242886266714397836e-01 1.051457219812483412e+00
1.073230254284048391e+00 7.358230338590499020e-01 9.223311574722221629e-01 1.144152844111772094e+00 7.139330721202447050e-01 1.010176672608150028e+00 7.754937061854135782e-01 6.698303347627588833e-01 1.046398910815852457e+00 1.017041423477919482e+00 7.358230338590499020e-01 9.223311574722219408e-01 1.144152844111772094e+00 7.139330721202448160e-01 1.052857748594235199e+00
1.075253647961990966e+00 7.231744177679724217e-01 9.162388706270471195e-01 1.157793332392464736e+00 7.041778243654605030e-01 9.972891146570744825e-01 7.563782405713920243e-01 6.537525611594379171e-01 1.035507877901469254e+00 1.026071658565964384e+00 7.231744177679724217e-01 9.162388706270468974e-01 1.157793332392464736e+00 7.041778243654606140e-01 1.054153848185278575e+00
1.077041499864852980e+00 7.105289501457887624e-01 9.108156680575698605e-01 1.171596885619972994e+00 6.949624027662109071e-01 9.847183239940678900e-01 7.372118333006318913e-01 6.386779891167807532e-01 1.023664939532726414e+00 1.035508722690218431e+00 7.105289501457887624e-01 9.108156680575696384e-01 1.171596885619972994e+00 6.949624027662110182e-01 1.055357847537552018e+00
1.078613665353433726e+00 6.978479224970749462e-01 9.060202002893127382e-01 1.185494082111816727e+00 6.862236102219144707e-01 9.725465592126401049e-01 7.180453635329515638e-01 6.246945699278503294e-01 1.010936995725449039e+00 1.045298766729324980e+00 6.978479224970749462e-01 9.060202002893125162e-01 1.185494082111816727e+00 6.862236102219145817e-01 1.056481103373861696e+00
1.079988410929483722e+00 6.850939274824908720e-01 9.017964432000034058e-01 1.199417003433481232e+00 6.778946430164984882e-01 9.608312494692797801e-01 6.989311011788442718e-01 6.118955561223649031e-01 9.973841732255446235e-01 1.055391302913272211e+00 6.850939274824908720e-01 9.017964432000031838e-01 1.199417003433481232e+00 6.778946430164985992e-01 1.057534063530803037e+00
1.081181791036369244e+00 6.722305229844504071e-01 8.980775645964689247e-01 1.213299374490108828e+00 6.699051342644061213e-01 9.496140057595923167e-01 6.799254400956421529e-01 6.003768904426503017e-01 9.830592553787205201e-01 1.065739621405943804e+00 6.722305229844502961e-01 8.980775645964687026e-01 1.213299374490108828e+00 6.699051342644062323e-01 1.058526266617350053e+00
1.082207160515683109e+00 6.592218564183938145e-01 8.947887951849811117e-01 1.227076641486556152e+00 6.621819873985496097e-01 9.389284388346073040e-01 6.610909062832599492e-01 5.902338847662634835e-01 9.680072175033516135e-01 1.076301326370237676e+00 6.592218564183937035e-01 8.947887951849808896e-01 1.227076641486556152e+00 6.621819873985497207e-01 1.059466308936856560e+00
1.083074819389823862e+00 6.460322244541708558e-01 8.918496131262858562e-01 1.240685910604106157e+00 6.546508693190622452e-01 9.288067537205096924e-01 6.424972887213513673e-01 5.815573540778523620e-01 9.522650044376325118e-01 1.087038862692153218e+00 6.460322244541707448e-01 8.918496131262856341e-01 1.240685910604106157e+00 6.546508693190623562e-01 1.060361791888346339e+00
1.083791787229768655e+00 6.326256625532209465e-01 8.891755930775588901e-01 1.254065713058516662e+00 6.472382360929411771e-01 9.192851548056736322e-01 6.242219008049362250e-01 5.744294907272214923e-01 9.358616024081236606e-01 1.097919965834847522e+00 6.326256625532208355e-01 8.891755930775586680e-01 1.254065713058516662e+00 6.472382360929412881e-01 1.061219253363443693e+00
1.084361705705006118e+00 6.189657452108784375e-01 8.866802612222488555e-01 1.267155602432324057e+00 6.398737506907350436e-01 9.104081155701319039e-01 6.063491219843303304e-01 5.689198299096228650e-01 9.188184009297786226e-01 1.108918002865974861e+00 6.189657452108783264e-01 8.866802612222486335e-01 1.267155602432324057e+00 6.398737506907351547e-01 1.062044085316289577e+00
1.084784868570892069e+00 6.050158255659867645e-01 8.842772513855917671e-01 1.279895623830840323e+00 6.324929245289608870e-01 9.022315559125627660e-01 5.889694726817006343e-01 5.650816556650297695e-01 9.011498132053729071e-01 1.120012182872149653e+00 6.050158255659866535e-01 8.842772513855915451e-01 1.279895623830840323e+00 6.324929245289609980e-01 1.062840445408979484e+00
1.085058377871408464e+00 5.907399495402378964e-01 8.818829890072755751e-01 1.292225718592284522e+00 6.250397800830780337e-01 8.948249396590209903e-01 5.721785244045480834e-01 5.629491283972979376e-01 8.828641222226308871e-01 1.131187603584121071e+00 5.907399495402377854e-01 8.818829890072753530e-01 1.292225718592284522e+00 6.250397800830781447e-01 1.063611181032637854e+00
1.085176423823902780e+00 5.761046451452678241e-01 8.794200508131253535e-01 1.304085141491781341e+00 6.174692998552858691e-01 8.882722627446736352e-01 5.560759280828260209e-01 5.625352942022837643e-01 8.639645380205954739e-01 1.142435074470563805e+00 5.761046451452677131e-01 8.794200508131251315e-01 1.304085141491781341e+00 6.174692998552859802e-01 1.064357795981412336e+00
1.085130684293397874e+00 5.610817147350893874e-01 8.768212631565318604e-01 1.315411970172102762e+00 6.097494064372684930e-01 8.826718523154775120e-01 5.407647502882265700e-01 5.638309882725393019e-01 8.444504807063073493e-01 1.153750623940503539e+00 5.610817147350892764e-01 8.768212631565316384e-01 1.315411970172102762e+00 6.097494064372686040e-01 1.065080500145146214e+00
1.084910838292548974e+00 5.456520509738550517e-01 8.740345080854068360e-01 1.326142781692485784e+00 6.018622170147653883e-01 8.781348425443061823e-01 5.263511434795785648e-01 5.668044996210170883e-01 8.243191340357974850e-01 1.165134572062566765e+00 5.456520509738549407e-01 8.740345080854066140e-01 1.326142781692485784e+00 6.018622170147654993e-01 1.065778387242185321e+00
1.084505186227946893e+00 5.298103605453027276e-01 8.710280934889264026e-01 1.336212562967292516e+00 5.938043401639363505e-01 8.747821451713491125e-01 5.129441629172345474e-01 5.714017507585478217e-01 8.035673363715269968e-01 1.176590046230181041e+00 5.298103605453026166e-01 8.710280934889261806e-01 1.336212562967292516e+00 5.938043401639364616e-01 1.066449781508748140e+00
1.083901366526261345e+00 5.135705174481776103e-01 8.677963999761647562e-01 1.345554915065942270e+00 5.855860393401292052e-01 8.727397154086538045e-01 5.006553188353656259e-01 5.775466846922281405e-01 7.821938811027462357e-01 1.188120853527324661e+00 5.135705174481774993e-01 8.677963999761645342e-01 1.345554915065942048e+00 5.855860393401293162e-01 1.067092778627916072e+00
1.083087152166039457e+00 4.969710864432534958e-01 8.643653355363765112e-01 1.354102608943815511e+00 5.772291809161410603e-01 8.721319649536987129e-01 4.895972769124716795e-01 5.851415547032295938e-01 7.602022783670091544e-01 1.199728716688382990e+00 4.969710864432534403e-01 8.643653355363762891e-01 1.354102608943815289e+00 5.772291809161411713e-01 1.067705977371471437e+00
1.082051300071069422e+00 4.800803705046244874e-01 8.607969186989057331e-01 1.361788551543010373e+00 5.687640158478621810e-01 8.730733386593606538e-01 4.798810662052100939e-01 5.940668863000195810e-01 7.376039726350409609e-01 1.211410038010379164e+00 4.800803705046244318e-01 8.607969186989055110e-01 1.361788551543010151e+00 5.687640158478622920e-01 1.068289356909214893e+00
1.080784411136345158e+00 4.630001720642774043e-01 8.571921080315952901e-01 1.368547219376910373e+00 5.602250054839528204e-01 8.756583838244641482e-01 4.716112936668397926e-01 6.041810312332135391e-01 7.144219015110114812e-01 1.223152564512072216e+00 4.630001720642773488e-01 8.571921080315950681e-01 1.368547219376910151e+00 5.602250054839529314e-01 1.068845204597645759e+00
1.079279741101299539e+00 4.458673643363537664e-01 8.536908694374001350e-01 1.374316596474289387e+00 5.516460738594185509e-01 8.799510951407879533e-01 4.648792418935999149e-01 6.153194640951659133e-01 6.906941078637790499e-01 1.234932542810248890e+00 4.458673643363537109e-01 8.536908694373999129e-01 1.374316596474289165e+00 5.516460738594186619e-01 1.069378949575334525e+00
1.077533887727622597e+00 4.288524122265885974e-01 8.504685183930281722e-01 1.379040593669053294e+00 5.430558189320953133e-01 8.859748379232660342e-01 4.597543202682577990e-01 6.272942691710748919e-01 6.664768883118332710e-01 1.246713092240916199e+00 4.288524122265885419e-01 8.504685183930279502e-01 1.379040593669053072e+00 5.430558189320954243e-01 1.069899723637638411e+00
1.075547275102085809e+00 4.121542321318636959e-01 8.477276885638932447e-01 1.382671810334664464e+00 5.344733052226356973e-01 8.937045766564619687e-01 4.562750295971613745e-01 6.398945701686987730e-01 6.418467296631367169e-01 1.258444489500145425e+00 4.121542321318636404e-01 8.477276885638930226e-01 1.382671810334664242e+00 5.344733052226358083e-01 1.070420470993954432e+00
1.073324368325246025e+00 3.959912781085476174e-01 8.456859112325932903e-01 1.385174336174334719e+00 5.259050553739523792e-01 9.030632452149410794e-01 4.544411659444752560e-01 6.528888438864366428e-01 6.169001641961645577e-01 1.270066774163210122e+00 3.959912781085475619e-01 8.456859112325930683e-01 1.385174336174334497e+00 5.259050553739524902e-01 1.070957478001248742e+00
