1.000000000000000000e+00 1.000000000000000000e+00 1.000000000000000000e+00 1.000000000000000000e+00 1.000000000000000000e+00 1.000000000000000000e+00 1.000000000000000000e+00 1.000000000000000000e+00 1.000000000000000000e+00 1.000000000000000000e+00 1.000000000000000000e+00 1.000000000000000000e+00 1.000000000000000000e+00 1.000000000000000000e+00 1.000000000000000000e+00
1.026146894709433655e+00 9.815788975240711256e-01 1.025328103720585249e+00 1.024183026712508715e+00 9.797425071765529792e-01 1.037265079712693661e+00 1.010384351748897291e+00 9.713806675209025743e-01 1.033144065523263766e+00 1.002589423834738369e+00 9.815788975240711256e-01 1.025328103720585249e+00 1.024183026712508715e+00 9.797425071765529792e-01 1.026146894709433655e+00
1.051546265073014741e+00 9.661311558529785959e-01 1.046745973314489708e+00 1.045776446052905984e+00 9.610919493923599788e-01 1.073449429884918205e+00 1.021926525788415585e+00 9.400604052588414916e-01 1.061516057838252314e+00 1.008619361593038333e+00 9.661311558529785959e-01 1.046745973314489708e+00 1.045776446052905984e+00 9.610919493923599788e-01 1.050073030027962817e+00
1.075622546167467775e+00 9.540793883772288320e-01 1.063119392001603769e+00 1.063963796172634257e+00 9.459053715367270465e-01 1.107138949034341069e+00 1.033786141888293431e+00 9.071785968646175480e-01 1.084790106132666576e+00 1.017899924207577245e+00 9.540793883772288320e-01 1.063119392001603769e+00 1.063963796172634257e+00 9.459053715367270465e-01 1.071364575844883760e+00
1.097987697425164999e+00 9.454578700343805320e-01 1.074115095151920274e+00 1.078308993008255001e+00 9.351055858964482104e-01 1.137481512768596659e+00 1.045113108508177513e+00 8.737183176474359048e-01 1.103413877929179110e+00 1.029673693103636323e+00 9.454578700343805320e-01 1.074115095151920274e+00 1.078308993008255001e+00 9.351055858964482104e-01 1.089953059171792082e+00
1.118469708730252199e+00 9.399698528080558946e-01 1.080032228838470720e+00 1.088721671652515877e+00 9.287273916172599231e-01 1.164227145633548011e+00 1.055257582116553294e+00 8.403827207584975145e-01 1.118162121255013686e+00 1.042976268952184205e+00 9.399698528080558946e-01 1.080032228838470720e+00 1.088721671652515877e+00 9.287273916172599231e-01 1.106014479451148391e+00
1.137085430399366492e+00 9.371272674621493604e-01 1.081485869227043706e+00 1.095359471074424329e+00 9.262362145708309402e-01 1.187540036678561783e+00 1.063815374483572773e+00 8.076075305786840630e-01 1.129786440734356301e+00 1.056954556115597521e+00 9.371272674621493604e-01 1.081485869227043706e+00 1.095359471074424329e+00 9.262362145708309402e-01 1.119850387526723168e+00
1.153985773139022619e+00 9.363766924915565282e-01 1.079160132765988767e+00 1.098538194467997720e+00 9.268555873601999062e-01 1.207782065738860933e+00 1.070579871451047049e+00 7.756245554370118089e-01 1.138879439990882592e+00 1.071009929273696537e+00 9.363766924915565282e-01 1.079160132765988767e+00 1.098538194467997720e+00 9.268555873601999062e-01 1.131804324813884044e+00
1.169398856940060849e+00 9.371778186696163582e-01 1.073684710738214143e+00 1.098666446413924414e+00 9.297832956613227839e-01 1.225365589625048157e+00 1.075475728901393424e+00 7.445236847599112640e-01 1.145880878904063094e+00 1.084801145188650562e+00 9.371778186696163582e-01 1.073684710738214143e+00 1.098666446413924414e+00 9.297832956613227839e-01 1.142217368077110828e+00
1.183583787095680240e+00 9.390420191064828837e-01 1.065596540197513153e+00 1.096198359720892634e+00 9.342972329033539802e-01 1.240678094642677864e+00 1.078505779588174729e+00 7.142999438570664106e-01 1.151131124205902356e+00 1.098185056481314259e+00 9.390420191064828837e-01 1.065596540197513153e+00 1.096198359720892634e+00 9.342972329033538692e-01 1.151407431657587965e+00
1.196798080867695235e+00 9.415471128639680831e-01 1.055340276465853711e+00 1.091598298328664063e+00 9.397902357009382257e-01 1.254051765035178789e+00 1.079715307127645962e+00 6.848876151420376646e-01 1.154921198090090639e+00 1.111147681920271246e+00 9.415471128639681941e-01 1.055340276465853711e+00 1.091598298328664063e+00 9.397902357009381147e-01 1.159659609592623486e+00
1.209277319068517764e+00 9.443400744101706490e-01 1.043280421383050438e+00 1.085315180170190574e+00 9.457690129338501839e-01 1.265755406151103157e+00 1.079169832363400694e+00 6.561850929946387856e-01 1.157524835486179571e+00 1.123747790660102774e+00 9.443400744101708710e-01 1.043280421383050438e+00 1.085315180170190574e+00 9.457690129338500729e-01 1.167221394376808385e+00
1.221224247465461987e+00 9.471342843645434995e-01 1.029714206109313857e+00 1.077765375227750289e+00 9.518391527165128707e-01 1.275996298078148072e+00 1.076942213937872816e+00 6.280728166321297712e-01 1.159213785259546770e+00 1.136077822875178001e+00 9.471342843645437215e-01 1.029714206109313857e+00 1.077765375227750289e+00 9.518391527165127597e-01 1.174300543660800722e+00
1.232804556252303785e+00 9.497046354968239346e-01 1.014882638866426490e+00 1.069322935451043399e+00 9.576875418582491140e-01 1.284926467391990901e+00 1.073106025723346457e+00 6.004258069059954517e-01 1.160261440209947370e+00 1.148239952569211519e+00 9.497046354968241566e-01 1.014882638866426490e+00 1.069322935451043399e+00 9.576875418582490029e-01 1.181064829570425134e+00
1.244147042447571128e+00 9.518820586877132506e-01 9.989801984275322733e-01 1.060315570401522356e+00 9.630669410842518374e-01 1.292651279261125552e+00 1.067733180002215621e+00 5.731220720998950746e-01 1.160939363207451169e+00 1.160333269170710668e+00 9.518820586877134726e-01 9.989801984275322733e-01 1.060315570401522356e+00 9.630669410842517264e-01 1.187643236223560939e+00
1.255346424449723663e+00 9.535481715267343228e-01 9.821642597457638235e-01 1.051024729708912586e+00 9.677839921844391124e-01 1.299239597941694191e+00 1.060894447008155828e+00 5.460480083986549715e-01 1.161509945230331686e+00 1.172448264881916558e+00 9.535481715267345448e-01 9.821642597457638235e-01 1.051024729708912586e+00 9.677839921844390014e-01 1.194128187309127620e+00
1.266467579719634529e+00 9.546303453092592761e-01 9.645650235939466910e-01 1.041688318603631647e+00 9.716904303750651950e-01 1.304735126188298011e+00 1.052661959395326807e+00 5.191017373110757838e-01 1.162217333025872490e+00 1.184665614611574380e+00 9.546303453092594982e-01 9.645650235939466910e-01 1.041688318603631647e+00 9.716904303750650840e-01 1.200578390326313194e+00
1.277550375887932077e+00 9.550972842343182778e-01 9.462961737630674053e-01 1.032504813556240020e+00 9.746768342666456419e-01 1.309168487894417199e+00 1.043113053190251938e+00 4.921951141108645844e-01 1.163277993881758343e+00 1.197057068806952840e+00 9.550972842343184999e-01 9.462961737630674053e-01 1.032504813556240020e+00 9.746768342666455309e-01 1.207021943988098478e+00
1.288614567047261072e+00 9.549550806100631783e-01 9.274659669386866589e-01 1.023637792402048552e+00 9.766682647981607124e-01 1.312569422835808908e+00 1.032334928568553911e+00 4.652549513369659273e-01 1.164871757585290935e+00 1.209686975092945316e+00 9.549550806100634004e-01 9.274659669386866589e-01 1.023637792402048552e+00 9.766682647981606014e-01 1.213459466500370398e+00
1.299664444745386893e+00 9.542435959740518392e-01 9.081880536392423764e-01 1.015220137697815384e+00 9.776212730056168532e-01 1.314978228164898066e+00 1.020429642136430726e+00 4.382238368913007331e-01 1.167133858253420753e+00 1.222613473349592139e+00 9.542435959740520612e-01 9.081880536392423764e-01 1.015220137697815384e+00 9.776212730056167421e-01 1.219867147368681293e+00
