1.000000000000000000e+00 1.000000000000000000e+00 1.000000000000000000e+00 1.000000000000000000e+00 1.000000000000000000e+00 1.000000000000000000e+00 1.000000000000000000e+00 1.000000000000000000e+00 1.000000000000000000e+00 1.000000000000000000e+00 1.000000000000000000e+00 1.000000000000000000e+00 1.000000000000000000e+00 1.000000000000000000e+00 1.000000000000000000e+00
1.045757065741508951e+00 9.860657836735239323e-01 1.043554816724735934e+00 1.042409739716659400e+00 9.842293933260056749e-01 1.048570851335916876e+00 1.024250649234955457e+00 9.598170775060715920e-01 1.047010363009321932e+00 1.013895195457961584e+00 9.860657836735239323e-01 1.043554816724735934e+00 1.042409739716659400e+00 9.842293933260056749e-01 1.045757065741508951e+00
1.089065637499955663e+00 9.782086857738776509e-01 1.080365703293129087e+00 1.078629872622380859e+00 9.733519648619939346e-01 1.095378279902741614e+00 1.052240309017513642e+00 9.184864112975044126e-01 1.084578500783125232e+00 1.032417971303406068e+00 9.782086857738776509e-01 1.080365703293129087e+00 1.078629872622380859e+00 9.733519648619939346e-01 1.086493131052138184e+00
1.126766475172100046e+00 9.756976094095806129e-01 1.107970788501270398e+00 1.104222689514922306e+00 9.702221092774333533e-01 1.137707674929302915e+00 1.080798496124719899e+00 8.789527910254332221e-01 1.110852505914551758e+00 1.052941179802953098e+00 9.756976094095806129e-01 1.107970788501270398e+00 1.104222689514922306e+00 9.702221092774333533e-01 1.119841410177686125e+00
1.157597221148251920e+00 9.771342732517668273e-01 1.126576550444819746e+00 1.117853376715540303e+00 9.741291455384641917e-01 1.174402314395502467e+00 1.107423382691244518e+00 8.428904070742035959e-01 1.126585501784816534e+00 1.072689292120031723e+00 9.771342732517668273e-01 1.126576550444819746e+00 1.117853376715540303e+00 9.741291455384641917e-01 1.145353877325610226e+00
1.182078229057342611e+00 9.811100388422844265e-01 1.137913587711435026e+00 1.120790776475733441e+00 9.827176983874119642e-01 1.205740001683450302e+00 1.131035766058090974e+00 8.105697938458734653e-01 1.133598137451800048e+00 1.090285734998678313e+00 9.811100388422845375e-01 1.137913587711435026e+00 1.120790776475733441e+00 9.827176983874119642e-01 1.164003937800027311e+00
1.201583575989332964e+00 9.865575540722036907e-01 1.143989890081940963e+00 1.115373356190696441e+00 9.938508412851492224e-01 1.232700323596913838e+00 1.151594486881234225e+00 7.814146726088208039e-01 1.133809561139963007e+00 1.105635357956976428e+00 9.865575540722038017e-01 1.143989890081940963e+00 1.115373356190696441e+00 9.938508412851492224e-01 1.177355555759464156e+00
1.217567450899554204e+00 9.927702600705753389e-01 1.146517394100053933e+00 1.103907765435640176e+00 1.006159907006165755e+00 1.256392628621130658e+00 1.169504103056668631e+00 7.545782793969247892e-01 1.128879634102078144e+00 1.119195134520604373e+00 9.927702600705754499e-01 1.146517394100053933e+00 1.103907765435640176e+00 1.006159907006165755e+00 1.186967301523272234e+00
1.231220359645996520e+00 9.992965816034062865e-01 1.146788094808175451e+00 1.088247255577333483e+00 1.018894276718150360e+00 1.277784125424176187e+00 1.185240910249831359e+00 7.292747447218189683e-01 1.120124030399292314e+00 1.131486924611696088e+00 9.992965816034063975e-01 1.146788094808175451e+00 1.088247255577333483e+00 1.018894276718150360e+00 1.194128415353787220e+00
1.243405075856628406e+00 1.005842139255048062e+00 1.145720115329156075e+00 1.069755611350045044e+00 1.031667906778658717e+00 1.297623135508220615e+00 1.199200789595303629e+00 7.048955564548862185e-01 1.108544085055690021e+00 1.142917809786860861e+00 1.005842139255048284e+00 1.145720115329156075e+00 1.069755611350045044e+00 1.031667906778658717e+00 1.199808641909497764e+00
1.254703030078915926e+00 1.012208560914642952e+00 1.143940822527405921e+00 1.049400394937859415e+00 1.044285574386516702e+00 1.316450367246834841e+00 1.211668254379029142e+00 6.810156255821813165e-01 1.094892809214742302e+00 1.153755532094644209e+00 1.012208560914643174e+00 1.143940822527405921e+00 1.049400394937859415e+00 1.044285574386516702e+00 1.204698309153165336e+00
1.265484085835481665e+00 1.018259176605609273e+00 1.141862762143019072e+00 1.027859755732768443e+00 1.056648890149497699e+00 1.334638047737568334e+00 1.222832293675153448e+00 6.573614209969824707e-01 1.079738897717266166e+00 1.164154869049365049e+00 1.018259176605609495e+00 1.141862762143019072e+00 1.027859755732768443e+00 1.056648890149497699e+00 1.209270429380575385e+00
1.275968755237014252e+00 1.023899347489021228e+00 1.139743397643411260e+00 1.005608957431056272e+00 1.068709920675182001e+00 1.352431438868418434e+00 1.232813233415104959e+00 6.337737150479595405e-01 1.063516901589742547e+00 1.174191697546467461e+00 1.023899347489021450e+00 1.139743397643411260e+00 1.005608957431056272e+00 1.068709920675182001e+00 1.213838230453647027e+00
1.286276007917849462e+00 1.029064102404925407e+00 1.137730062012046739e+00 9.829833395567608711e-01 1.080448705828098932e+00 1.369984285688828907e+00 1.241687369630190885e+00 6.101755628846202706e-01 1.046563615460139651e+00 1.183891498085576588e+00 1.029064102404925629e+00 1.137730062012046517e+00 9.829833395567608711e-01 1.080448705828098932e+00 1.218601115772518506e+00
1.296457775797204892e+00 1.033709596051874513e+00 1.135893313127206206e+00 9.602222854782845873e-01 1.091861856854497770e+00 1.387386522822025237e+00 1.249505944705847638e+00 5.865473679162561682e-01 1.029143943073114187e+00 1.193250104256512234e+00 1.033709596051874735e+00 1.135893313127205984e+00 9.602222854782845873e-01 1.091861856854497770e+00 1.223679142743622883e+00
1.306523071072004161e+00 1.037806886939942608e+00 1.134251470692364316e+00 9.374993464119877329e-01 1.102956154242188624e+00 1.404684889635053890e+00 1.256308562279381924e+00 5.629081621089518928e-01 1.011469391865894796e+00 1.202247791071508809e+00 1.037806886939942830e+00 1.134251470692364094e+00 9.374993464119877329e-01 1.102956154242188624e+00 1.229138051393011022e+00
1.316454517895282228e+00 1.041337370461311806e+00 1.132788468333689735e+00 9.149426136175180524e-01 1.113744470913546891e+00 1.421897744716171363e+00 1.262132099635260962e+00 5.393017356625767755e-01 9.937114812311750311e-01 1.210858401398450912e+00 1.041337370461312029e+00 1.132788468333689513e+00 9.149426136175180524e-01 1.113744470913546891e+00 1.235007057286890975e+00
1.326219522335654544e+00 1.044289500990350339e+00 1.131466664988185711e+00 8.926483276003550626e-01 1.124242902195612626e+00 1.439025410306566943e+00 1.267016240422985218e+00 5.157864240191144534e-01 9.760115811646211670e-01 1.219055013422851497e+00 1.044289500990350561e+00 1.131466664988185489e+00 8.926483276003550626e-01 1.124242902195612626e+00 1.241291308299587115e+00
1.335777723646347948e+00 1.046656530903076421e+00 1.130235905694865650e+00 8.706898606570354637e-01 1.134468641698119340e+00 1.456057211821834008e+00 1.271006565276196154e+00 4.924276535757121653e-01 9.584881813359075187e-01 1.226813288170530480e+00 1.046656530903076643e+00 1.130235905694865428e+00 8.706898606570354637e-01 1.134468641698119340e+00 1.247980504748965380e+00
1.345085896433729333e+00 1.048435031968828923e+00 1.129039841817083945e+00 8.491235873607928530e-01 1.144438400208687145e+00 1.472976153746071271e+00 1.274155927488495710e+00 4.692925989524711072e-01 9.412422730534355519e-01 1.234113301165952192e+00 1.048435031968829367e+00 1.129039841817083722e+00 8.491235873607928530e-01 1.144438400208687145e+00 1.255054816867633427e+00
