3.910620149337131757e+00 6.178283093963427675e+00 2.809309896971572851e+00 4.312107041401033847e+00 3.088239541760056550e+00 4.476780272299049734e+00 5.600213027838599755e-01 3.142862689355417682e+00 3.200319755352572404e+00 1.599222550175929847e+00 8.449369266726927119e-01 4.779219271590934959e+00 1.631987439862865596e-01 3.182153229164089936e+00 6.115607674775410452e+00
3.914752050467961819e+00 6.213709941991091057e+00 2.857301880573908548e+00 4.264089574774631686e+00 3.135627195388309918e+00 4.512999896777134090e+00 5.781672260987722467e-01 3.138115116251151360e+00 3.181960905260035943e+00 1.580710129768681194e+00 8.803637747003564273e-01 4.827211255193270212e+00 1.151812773598839545e-01 3.229540882792343304e+00 6.102379010075253518e+00
3.914944926071812770e+00 6.256462277817568030e+00 2.913307691379641184e+00 4.208167188550651083e+00 3.191048204518469156e+00 4.555599637754795594e+00 6.011071088456458877e-01 3.134497895949332147e+00 3.160380980762335756e+00 1.560311672569100416e+00 9.231161105268338440e-01 4.883217065999001960e+00 5.925889113590274843e-02 3.284961891922502542e+00 6.086566384828489440e+00
3.913203797396354933e+00 6.293175307957727505e+00 2.960922008980238829e+00 4.160692843381621486e+00 3.238295612906354037e+00 4.591615045751500368e+00 6.204398382195470685e-01 3.131097906226523619e+00 3.143884342817811817e+00 1.546520612507131576e+00 9.598291406669932080e-01 4.930831383599598716e+00 1.178454596687323469e-02 3.332209300310387423e+00 6.071610228211648419e+00
3.913210909056595632e+00 6.317063625793577941e+00 2.992539142283503484e+00 4.129189879244040462e+00 3.269778475388942951e+00 4.615024942007612374e+00 6.312798162471988661e-01 3.127532701272759841e+00 3.136243860176570308e+00 1.541689266362475053e+00 9.837174585028432006e-01 4.962448516902862927e+00 -1.971841817070762309e-02 3.363692162792976337e+00 6.061765792838368583e+00
3.915206295785198520e+00 6.332102479746660073e+00 3.013233415200293308e+00 4.108561730735889483e+00 3.290435577058334893e+00 4.629914151993971494e+00 6.361471542589048900e-01 3.124231613664677720e+00 3.134122342824155805e+00 1.541535194775700335e+00 9.987563124559257766e-01 4.983142789819652307e+00 -4.034656667885835879e-02 3.384349264462368279e+00 6.056608929903405603e+00
3.918151841518385581e+00 6.342284959848260684e+00 3.027809324803148794e+00 4.094012809134444097e+00 3.305008520873552236e+00 4.640131159225236779e+00 6.379619848155893003e-01 3.121404403611978573e+00 3.134476157752754677e+00 1.543068786553396077e+00 1.008938792557525943e+00 4.997718699422507349e+00 -5.489548828030369615e-02 3.398922208277585622e+00 6.054249544057566546e+00
3.921358509650464175e+00 6.349705076956351668e+00 3.038780122574439968e+00 4.083043028147210762e+00 3.315991886138665468e+00 4.647668366315326871e+00 6.383058911299417382e-01 3.119041303658976805e+00 3.135823713994958073e+00 1.545062509294181430e+00 1.016358909665616927e+00 5.008689497193798523e+00 -6.586526926753739908e-02 3.409905573542698853e+00 6.053398183524749676e+00
3.924488980536398941e+00 6.355431226384591348e+00 3.047450528410138304e+00 4.074358192390013400e+00 3.324683307068572180e+00 4.653542869255949732e+00 6.379609914401855875e-01 3.117070108670898065e+00 3.137502564135668859e+00 1.547057773393507585e+00 1.022085059093856385e+00 5.017359903029497303e+00 -7.455010502473512213e-02 3.418596994472605566e+00 6.053332330909770853e+00
3.927398441723539690e+00 6.360044592396714158e+00 3.054550631851874254e+00 4.067235383646435665e+00 3.331808936432226531e+00 4.658311721244102976e+00 6.373167692155462527e-01 3.115414857342837962e+00 3.139219335236822506e+00 1.548895763867993214e+00 1.026698425105978751e+00 5.024460006471232809e+00 -8.167291376831321836e-02 3.425722623836260361e+00 6.053658871973947697e+00
3.930037666382122374e+00 6.363883620226914672e+00 3.060520276665188000e+00 4.061239293877996204e+00 3.337806029357772264e+00 4.662302482715101171e+00 6.365689751099841143e-01 3.114011109860146842e+00 3.140848475088412695e+00 1.550534845121341210e+00 1.030537452936178822e+00 5.030429651284546999e+00 -8.766900353675302626e-02 3.431719716761806538e+00 6.054164549189209765e+00
3.932403037837902016e+00 6.367157465922060666e+00 3.065641243348594003e+00 4.056090869942909904e+00 3.342954650527500071e+00 4.665719772268945853e+00 6.358150228228034440e-01 3.112807749259124623e+00 3.142342371124556166e+00 1.551978503891581651e+00 1.033811298631325482e+00 5.035550617967953002e+00 -9.281742747183922837e-02 3.436868337931533901e+00 6.054734390976994618e+00
3.934511425072193980e+00 6.370002100519728927e+00 3.070103315103068109e+00 4.051601888227074788e+00 3.347443502966659601e+00 4.668698040633499247e+00 6.351013022594262925e-01 3.111765168542550697e+00 3.143689732048805308e+00 1.553246051256158111e+00 1.036655933228993742e+00 5.040012689722426664e+00 -9.730640918767420600e-02 3.441357190370693431e+00 6.055307668328635984e+00
3.936387631428219347e+00 6.372509847897937618e+00 3.074039671503003834e+00 4.047640000915391667e+00 3.351405141439435909e+00 4.671329494406855076e+00 6.344474813029266080e-01 3.110852867310331948e+00 3.144895705806147745e+00 1.554360613825544579e+00 1.039163680607201323e+00 5.043949046122362390e+00 -1.012682964993574658e-01 3.445318828843470182e+00 6.055853780732037173e+00
3.938058225165471438e+00 6.374745809058532053e+00 3.077547017777900518e+00 4.044108893247594594e+00 3.354935958329182011e+00 4.673679733577909445e+00 6.338593274270470923e-01 3.110047312805950703e+00 3.145972217348935285e+00 1.555344379946714595e+00 1.041399641767795980e+00 5.047456392397259073e+00 -1.047994041671546916e-01 3.448849645733216729e+00 6.056358841915295166e+00
3.939548637028584821e+00 6.376757432022756689e+00 3.080697625492465619e+00 4.040936424176518216e+00 3.358108115976706554e+00 4.675796938990805174e+00 6.333355883271288844e-01 3.109330237722596646e+00 3.146933279235705871e+00 1.556216945669185892e+00 1.043411264732020838e+00 5.050607000111824618e+00 -1.079718732382312224e-01 3.452021803380741272e+00 6.056818125869868119e+00
3.940881932821315381e+00 6.378580317566963309e+00 3.083546849578372662e+00 4.038067221920115024e+00 3.360976986167443226e+00 4.677717495676469994e+00 6.328717088973830895e-01 3.108687343603657283e+00 3.147792777944449227e+00 1.556994972712798520e+00 1.045234150276228124e+00 5.053456224197732105e+00 -1.108410754946341364e-01 3.454890673571478832e+00 6.057231783979755591e+00
3.942078434315452906e+00 6.380241868152986662e+00 3.086137996124668881e+00 4.035457884928154826e+00 3.363585964838140541e+00 4.679469558932152218e+00 6.324618286085400554e-01 3.108107331038284737e+00 3.148563505451169142e+00 1.557692371729539227e+00 1.046895700862251255e+00 5.056047370744027880e+00 -1.134504124865944874e-01 3.457499652242176147e+00 6.057602416146726121e+00
3.943155754889928755e+00 6.381763654615192571e+00 3.088505575931622449e+00 4.033073769565245215e+00 3.365969690648078050e+00 4.681075387524706422e+00 6.320998322177810991e-01 3.107581178986257076e+00 3.149256814226932821e+00 1.558320663512970938e+00 1.048417487324454944e+00 5.058414950550972122e+00 -1.158345278495016145e-01 3.459883378052103442e+00 6.057933704206221570e+00
3.944129022159686748e+00 6.383162995360009084e+00 3.090677540037906290e+00 4.030886778728335784e+00 3.368156258281824744e+00 4.682552913437694642e+00 6.317798768000476572e-01 3.107101609462687541e+00 3.149882576363340903e+00 1.558889368432888833e+00 1.049816828069271457e+00 5.060586914657255520e+00 -1.180215186864112670e-01 3.462069945685850136e+00 6.058229657747879138e+00
3.945011169260563388e+00 6.384454037662929515e+00 3.092676853547579707e+00 4.028873801657204545e+00 3.370168778728763304e+00 4.683916824906403598e+00 6.314966302917706109e-01 3.106662688721046894e+00 3.150449281941069657e+00 1.559406364178725912e+00 1.051107870372189002e+00 5.062586228166929381e+00 -1.200344957575521371e-01 3.464082466132790472e+00 6.058494213299546516e+00
3.945813235082504811e+00 6.385648515745352860e+00 3.094522627715854846e+00 4.027015589103789317e+00 3.372026503553970045e+00 4.685179330947731202e+00 6.312453536209544636e-01 3.106259528640226364e+00 3.150964192039506173e+00 1.559878192383541640e+00 1.052302348454612568e+00 5.064432002335204075e+00 -1.218927083109667409e-01 3.465940190957996769e+00 6.058731036316655327e+00
3.946544645173758248e+00 6.386756293891727054e+00 3.096230950023551198e+00 4.025295926698095883e+00 3.373745650845181299e+00 4.686350712439739219e+00 6.310219008708202182e-01 3.105888061739050965e+00 3.151433503997193242e+00 1.560310312308757608e+00 1.053410126600985430e+00 5.066140324642899984e+00 -1.236123707166609381e-01 3.467659338249207579e+00 6.058943437990902403e+00
3.947213461727114847e+00 6.387785763373467596e+00 3.097815503310107133e+00 4.023701017028446181e+00 3.375340022523669603e+00 4.687439726994146127e+00 6.308226793059922288e-01 3.105544870470148044e+00 3.151862508792216300e+00 1.560707306751325962e+00 1.054439596082725528e+00 5.067724877929456362e+00 -1.252072803863109318e-01 3.469253709927697216e+00 6.059134355394354188e+00
3.947826599704410189e+00 6.388744137860349781e+00 3.099288034708850503e+00 4.022219010666561623e+00 3.376821472849027117e+00 4.688453911639935079e+00 6.306445924783163903e-01 3.105227056722584589e+00 3.152255732065678551e+00 1.561073047462784968e+00 1.055397970569608157e+00 5.069197409328199733e+00 -1.266892867481954621e-01 3.470735160253054730e+00 6.059306364943696899e+00
3.948390010413039608e+00 6.389637676967939939e+00 3.100658715758598749e+00 4.020839645354163494e+00 3.378200268900069858e+00 4.689399812736220419e+00 6.304849789759868761e-01 3.104932141282778613e+00 3.152617056282773333e+00 1.561410827381615185e+00 1.056291509677198315e+00 5.070568090377947534e+00 -1.280686520605940348e-01 3.472113956304097915e+00 6.059461711858715738e+00
3.948908835732570566e+00 6.390471858006399053e+00 3.101936422415925598e+00 4.019553964979360572e+00 3.379485371380670067e+00 4.690283163158096791e+00 6.303415532966356594e-01 3.104657985759884831e+00 3.152949824448776361e+00 1.561723466167104668e+00 1.057125690715657651e+00 5.071845797035274828e+00 -1.293543324353964852e-01 3.473399058784698124e+00 6.059602345800625400e+00
3.949387536816867161e+00 6.391251509764336092e+00 3.103128955261323707e+00 4.018354098254815376e+00 3.380684655811198702e+00 4.691109020660755746e+00 6.302123518844405803e-01 3.104402731471587629e+00 3.153256927096671713e+00 1.562013394478612094e+00 1.057905342473593580e+00 5.073038329880673381e+00 -1.305541991599428187e-01 3.474598343215226759e+00 6.059729957311513537e+00
3.949830001085402387e+00 6.391980918033167036e+00 3.104243214467242051e+00 4.017233082644517062e+00 3.381805088534119541e+00 4.691881877233421427e+00 6.300956854627929316e-01 3.104164751225631846e+00 3.153540874714623854e+00 1.562282721426986321e+00 1.058634750742424524e+00 5.074152589086591725e+00 -1.316752147702404951e-01 3.475718775938147598e+00 6.059846012276175031e+00
3.950239631006240870e+00 6.392663909794288557e+00 3.105285340140594652e+00 4.016184722986612776e+00 3.382852868066522856e+00 4.692605746477138240e+00 6.299900977722295847e-01 3.103942610977443284e+00 3.153803857807301547e+00 1.562533288733341630e+00 1.059317742503546045e+00 5.075194714759944326e+00 -1.327235744281446139e-01 3.476766555470550912e+00 6.059951783130353320e+00
