1.000000000000000000e+00 1.000000000000000000e+00 1.000000000000000000e+00 1.000000000000000000e+00 1.000000000000000000e+00 1.000000000000000000e+00 1.000000000000000000e+00 1.000000000000000000e+00 1.000000000000000000e+00 1.000000000000000000e+00 1.000000000000000000e+00 1.000000000000000000e+00 1.000000000000000000e+00 1.000000000000000000e+00 1.000000000000000000e+00
8.594604409367940789e-01 9.434403652537225460e-01 8.704010431853057561e-01 8.692559661772292223e-01 9.416039749062043995e-01 9.411660209152964418e-01 8.925208231174034390e-01 1.069671182646966034e+00 9.152805368917699136e-01 9.064903650373411503e-01 9.434403652537226570e-01 8.704010431853057561e-01 8.692559661772291113e-01 9.416039749062043995e-01 8.594604409367939679e-01
7.981603303977459207e-01 9.374145172903066703e-01 8.102409633227273256e-01 7.898483681512005194e-01 9.575627288387412728e-01 8.598104164661475313e-01 8.133773331327480705e-01 1.164930044723756275e+00 8.710274394689592192e-01 7.933066059221239863e-01 9.374145172903067813e-01 8.102409633227273256e-01 7.898483681512004084e-01 9.575627288387411618e-01 8.045706603292998027e-01
7.960224683837185955e-01 9.506949427287757493e-01 8.152189819725880193e-01 7.555747907892068627e-01 1.010345593002123676e+00 8.073929563699057121e-01 7.799917173227152167e-01 1.239262645179799671e+00 8.702846675310451641e-01 7.234768053344928784e-01 9.506949427287757493e-01 8.152189819725880193e-01 7.555747907892067516e-01 1.010345593002123454e+00 8.110923281899906634e-01
7.865146030086122009e-01 9.385852551167994662e-01 8.248472150896680732e-01 7.188302568815250204e-01 1.043052865958397302e+00 7.762765015947675762e-01 7.441117967411130518e-01 1.272776249115132430e+00 8.733272275946267760e-01 6.866390902194916546e-01 9.385852551167994662e-01 8.248472150896680732e-01 7.188302568815249094e-01 1.043052865958397080e+00 8.080914093689113287e-01
7.850035477392778294e-01 9.249012780911437526e-01 8.449046545240926909e-01 6.904803271833153122e-01 1.073918074999069994e+00 7.546806503738846539e-01 7.137441629146117350e-01 1.290027309828627677e+00 8.798665731892789665e-01 6.700981354566165615e-01 9.249012780911437526e-01 8.449046545240926909e-01 6.904803271833152012e-01 1.073918074999069994e+00 8.104333400777744556e-01
7.853700349392711555e-01 9.086625451022809496e-01 8.680864536536315734e-01 6.652770996613930343e-01 1.100326554547690794e+00 7.387564069325480709e-01 6.850235046073801515e-01 1.295198379653685228e+00 8.841683994350058029e-01 6.661125687625092384e-01 9.086625451022810607e-01 8.680864536536315734e-01 6.652770996613928123e-01 1.100326554547690794e+00 8.119328614684793166e-01
7.884168099260033813e-01 8.930178743078449610e-01 8.935394811591903519e-01 6.435077240843017909e-01 1.124935139667104123e+00 7.257502281301263514e-01 6.588250114383623623e-01 1.293481962851673384e+00 8.855234441932042788e-01 6.699815759323831665e-01 8.930178743078450720e-01 8.935394811591903519e-01 6.435077240843016799e-01 1.124935139667104123e+00 8.138583971397376216e-01
7.928745787967910186e-01 8.780437050667556642e-01 9.196997855891788642e-01 6.238964740674346476e-01 1.147984067430690702e+00 7.145162572839105497e-01 6.346017426858877597e-01 1.286716301530612006e+00 8.830431595388807953e-01 6.788747573304401151e-01 8.780437050667557752e-01 9.196997855891788642e-01 6.238964740674346476e-01 1.147984067430690702e+00 8.153980702726935093e-01
7.983752204329971347e-01 8.640963675287083312e-01 9.459991238773814981e-01 6.060548937313006146e-01 1.170181635169780687e+00 7.042766433793326009e-01 6.122032795882992318e-01 1.276444691847812063e+00 8.766667929234214229e-01 6.909128361556116094e-01 8.640963675287084422e-01 9.459991238773814981e-01 6.060548937313006146e-01 1.170181635169780687e+00 8.166821595446820403e-01
8.044099177155604741e-01 8.510612088896991612e-01 9.719378426082623257e-01 5.895862153126576466e-01 1.191883761145966059e+00 6.946264374389005125e-01 5.912411376303536859e-01 1.263601728453637385e+00 8.664671923022915223e-01 7.048108796488831151e-01 8.510612088896992722e-01 9.719378426082623257e-01 5.895862153126576466e-01 1.191883761145966059e+00 8.176520684912871317e-01
8.106421369308546288e-01 8.387727225967080980e-01 9.971874286901049045e-01 5.743400214580001162e-01 1.213423163151513329e+00 6.853295183800934831e-01 5.713392616301408156e-01 1.248953089058483679e+00 8.527074945426391661e-01 7.196619855634015517e-01 8.387727225967082090e-01 9.971874286901049045e-01 5.743400214580002272e-01 1.213423163151513329e+00 8.183707485763600520e-01
8.167866253292620504e-01 8.269581730685504617e-01 1.021438140815113860e+00 5.602767173495781794e-01 1.235030742192304576e+00 6.762983265126908394e-01 5.521082893886095633e-01 1.233118113151543405e+00 8.357327999054602330e-01 7.348307728069131128e-01 8.269581730685505727e-01 1.021438140815113860e+00 5.602767173495782904e-01 1.235030742192304576e+00 8.188837092828724629e-01
8.226412531076022772e-01 8.153036638591516505e-01 1.044379667727002081e+00 5.474659980272502668e-01 1.256881679779920713e+00 6.675573120601839827e-01 5.332007024721875377e-01 1.216643552379465198e+00 8.159570511959610695e-01 7.498856287873527648e-01 8.153036638591517615e-01 1.044379667727002081e+00 5.474659980272503779e-01 1.256881679779920713e+00 8.192503577745402499e-01
8.280754503313261239e-01 8.034664381629729180e-01 1.065667709824826836e+00 5.360464476887515373e-01 1.279101081495664483e+00 6.592320840175320829e-01 5.143261039690200098e-01 1.200014609276192301e+00 7.938395898596621869e-01 7.645546008258898851e-01 8.034664381629730290e-01 1.065667709824826836e+00 5.360464476887515373e-01 1.279101081495664483e+00 8.195353388659066818e-01
8.330343423729718033e-01 7.910988220304389085e-01 1.084913125718422133e+00 5.262051928307247550e-01 1.301784842000783371e+00 6.515378903684364564e-01 4.952650578689882233e-01 1.183655752625069058e+00 7.698751617290917615e-01 7.786891919094687253e-01 7.910988220304390195e-01 1.084913125718422133e+00 5.262051928307247550e-01 1.301784842000783371e+00 8.198223558431956270e-01
8.375350428023373706e-01 7.778645635738925534e-01 1.101674951801208335e+00 5.181588887076999939e-01 1.325017805141674998e+00 6.447704321143370443e-01 4.758713955326048795e-01 1.167915706846130330e+00 7.445868528066940106e-01 7.922290149020695393e-01 7.778645635738926645e-01 1.101674951801208335e+00 5.181588887076999939e-01 1.325017805141674998e+00 8.202242853055123906e-01
8.416588671260373244e-01 7.634534914362725022e-01 1.115460089709819025e+00 5.121403694429214060e-01 1.348893307391267005e+00 6.392951050843213023e-01 4.560690482629319309e-01 1.153047292548087022e+00 7.185271876998394758e-01 8.051618747337312421e-01 7.634534914362726132e-01 1.115460089709819025e+00 5.121403694429214060e-01 1.348893307391267005e+00 8.208916740183557215e-01
8.455361657035560530e-01 7.475931674393110349e-01 1.125729525980617041e+00 5.083851325095138929e-01 1.373529988259373669e+00 6.355334442429115827e-01 4.358452274481073307e-01 1.139187093979973309e+00 6.922902379897080127e-01 8.174770615066316859e-01 7.475931674393111459e-01 1.125729525980617041e+00 5.083851325095138929e-01 1.373529988259373669e+00 8.220123420699022576e-01
8.493247813578159722e-01 7.300614725088437895e-01 1.131917043850340088e+00 5.071122045317570937e-01 1.399083072979684594e+00 6.339431115587923493e-01 4.152433484057833080e-01 1.126340787494923168e+00 6.665380018989013333e-01 8.291121695359141563e-01 7.300614725088439005e-01 1.131917043850340088e+00 5.071122045317572047e-01 1.399083072979684594e+00 8.237973721786766568e-01
