1.000000000000000000e+00 1.000000000000000000e+00 1.000000000000000000e+00 1.000000000000000000e+00 1.000000000000000000e+00 1.000000000000000000e+00 1.000000000000000000e+00 1.000000000000000000e+00 1.000000000000000000e+00 1.000000000000000000e+00 1.000000000000000000e+00 1.000000000000000000e+00 1.000000000000000000e+00 1.000000000000000000e+00 1.000000000000000000e+00
8.954124211622653817e-01 9.516663231943859325e-01 9.038166836929151238e-01 9.026716066848384790e-01 9.498299328468677860e-01 9.618932688912056328e-01 9.179423685085099649e-01 1.048471267619776048e+00 9.407020822828764395e-01 9.272176130132503413e-01 9.516663231943860435e-01 9.038166836929150127e-01 9.026716066848384790e-01 9.498299328468677860e-01 8.954124211622652707e-01
8.275003868170864862e-01 9.250498735907037862e-01 8.409196264395349951e-01 8.274496955569203838e-01 9.373488396007229051e-01 9.023202161625156759e-01 8.394307011461928925e-01 1.113210266491006406e+00 9.002628474067904119e-01 8.336559081659574710e-01 9.250498735907037862e-01 8.409196264395348841e-01 8.274496955569203838e-01 9.373488396007229051e-01 8.326831530512568413e-01
8.078303365849391904e-01 9.250414068550421032e-01 8.312088448153913678e-01 7.853786985838691059e-01 9.681646707086550840e-01 8.514522889150051288e-01 7.941649875565641725e-01 1.178812039318676508e+00 8.890457223376606599e-01 7.585196955204114300e-01 9.250414068550421032e-01 8.312088448153912568e-01 7.853786985838691059e-01 9.681646707086550840e-01 8.222663159600422933e-01
7.993385309560100405e-01 9.218235846063538297e-01 8.397174789874157774e-01 7.516304861001348314e-01 1.003199598484743049e+00 8.129788820009878902e-01 7.571654521909099156e-01 1.226452331708567600e+00 8.906601496460347933e-01 7.063530027655475774e-01 9.218235846063538297e-01 8.397174789874156664e-01 7.516304861001348314e-01 1.003199598484743049e+00 8.234329639589387240e-01
7.935394292861235321e-01 9.128908396937869263e-01 8.555901897994865335e-01 7.202380131189568546e-01 1.034825167467938511e+00 7.826732814341442745e-01 7.214784243454440693e-01 1.256805962327911974e+00 8.964372115609733349e-01 6.729476893469668042e-01 9.128908396937869263e-01 8.555901897994864225e-01 7.202380131189568546e-01 1.034825167467938511e+00 8.257659577248921412e-01
7.903493421068800151e-01 9.017094846474326131e-01 8.760337712219155026e-01 6.913538366083519238e-01 1.063450897497011383e+00 7.575990602098696680e-01 6.875111683592555201e-01 1.274493658299214127e+00 9.027257453168580081e-01 6.542163057286698447e-01 9.017094846474326131e-01 8.760337712219153916e-01 6.913538366083519238e-01 1.063450897497011383e+00 8.281734126910862415e-01
7.896267256849298644e-01 8.902805107673582574e-01 8.993052450513692175e-01 6.649309791667782354e-01 1.089532875775685694e+00 7.361177916875641936e-01 6.561239334544900492e-01 1.282698372284513333e+00 9.073499357414402944e-01 6.466984573133854886e-01 8.902805107673582574e-01 8.993052450513691065e-01 6.649309791667783465e-01 1.089532875775685694e+00 8.301023767371098483e-01
7.910116708215827463e-01 8.796036631747592427e-01 9.242776104206695820e-01 6.406154729255023605e-01 1.113466036487740229e+00 7.172406866818087368e-01 6.278563138276866962e-01 1.283516210457448681e+00 9.090575681268111552e-01 6.475768764588359927e-01 8.796036631747592427e-01 9.242776104206694709e-01 6.406154729255024716e-01 1.113466036487740229e+00 8.312303015449696852e-01
7.940538710451666704e-01 8.701524657590681278e-01 9.502637602211561063e-01 6.179383096661921204e-01 1.135671853665026987e+00 7.002579266494680654e-01 6.027985343278126074e-01 1.278428508188321988e+00 9.072396771978015195e-01 6.545453018079503416e-01 8.701524657590682388e-01 9.502637602211559953e-01 6.179383096661922314e-01 1.135671853665026987e+00 8.314483422069776086e-01
7.982785996727129740e-01 8.621141999127303057e-01 9.768563972002498597e-01 5.964553253950818368e-01 1.156588031298799280e+00 6.845892062757834573e-01 5.806718561191621664e-01 1.268560141241756201e+00 9.017134326871431016e-01 6.657186174674641910e-01 8.621141999127304167e-01 9.768563972002497486e-01 5.964553253950819478e-01 1.156588031298799280e+00 8.307882069687034798e-01
8.032209053515465547e-01 8.555048236740451228e-01 1.003802307983863606e+00 5.758270151488236177e-01 1.176628584493949914e+00 6.697441256771229368e-01 5.609760509818944030e-01 1.254814680041770547e+00 8.925591693419921979e-01 6.795755988513624279e-01 8.555048236740452339e-01 1.003802307983863606e+00 5.758270151488237287e-01 1.176628584493949914e+00 8.293444933951220621e-01
8.084435139277650340e-01 8.502225864950726519e-01 1.030913342700683577e+00 5.558488148997182687e-01 1.196150145156570366e+00 6.553224756755303693e-01 5.431236305279699694e-01 1.237955954450752349e+00 8.800115711604272750e-01 6.949114327978102024e-01 8.502225864950728740e-01 1.030913342700683355e+00 5.558488148997183798e-01 1.196150145156570366e+00 8.272184423159707478e-01
8.135478020812043631e-01 8.460747588080700377e-01 1.058009762101111972e+00 5.364479343656504140e-01 1.215434208007398542e+00 6.410218847590484215e-01 5.265345609343683453e-01 1.218666534275627544e+00 8.643958966577111047e-01 7.107943915461937268e-01 8.460747588080702597e-01 1.058009762101111750e+00 5.364479343656505250e-01 1.215434208007398542e+00 8.244875066039581979e-01
8.181840174161861823e-01 8.427958553877741288e-01 1.084889640762241481e+00 5.176609189477473505e-01 1.234682874950481013e+00 6.266421833510438244e-01 5.106937841740147865e-01 1.197589936999971183e+00 8.460937189422157445e-01 7.265292224142136934e-01 8.427958553877743508e-01 1.084889640762241259e+00 5.176609189477474615e-01 1.234682874950481013e+00 8.211954930230291883e-01
8.220637729727975351e-01 8.400670404423667970e-01 1.111318317291283941e+00 4.996023182487122627e-01 1.254023429539320000e+00 6.120845268708406950e-01 4.951818258301014519e-01 1.175354532070891578e+00 8.255230265387024646e-01 7.416291490852923163e-01 8.400670404423670190e-01 1.111318317291283719e+00 4.996023182487123737e-01 1.254023429539320222e+00 8.173566077124014839e-01
8.249743609427346858e-01 8.375406185623229804e-01 1.137032370731647868e+00 4.824319774626929513e-01 1.273518660236900413e+00 5.973453766164412704e-01 4.796870090070702863e-01 1.152576947131627394e+00 8.031217560675830702e-01 7.557947401467631776e-01 8.375406185623232025e-01 1.137032370731647646e+00 4.824319774626930624e-01 1.273518660236900635e+00 8.129680331015887162e-01
8.267914722829624585e-01 8.348686763531618649e-01 1.161752412646368082e+00 4.663267261972346422e-01 1.293181408924619635e+00 5.825057354783715891e-01 4.640040977675330969e-01 1.129846752739150473e+00 7.793292262106465973e-01 7.688950570824736319e-01 8.348686763531620869e-01 1.161752412646367860e+00 4.663267261972348088e-01 1.293181408924619857e+00 8.080267390523830917e-01
8.274856564984010010e-01 8.317312240984593430e-01 1.185198557352972415e+00 4.514605502887404920e-01 1.312992025885918901e+00 5.677166281814978177e-01 4.480220247433931990e-01 1.107699162203676924e+00 7.545650657042257681e-01 7.809460345457303054e-01 8.317312240984595650e-01 1.185198557352972193e+00 4.514605502887406585e-01 1.312992025885919123e+00 8.025465889870863068e-01
8.271189926194414399e-01 8.278577668220373775e-01 1.207102800575942991e+00 4.379949297740672876e-01 1.332916660006052023e+00 5.531827887248120801e-01 4.317032552555344904e-01 1.086585663272716218e+00 7.292089528294259937e-01 7.920830447348323755e-01 8.278577668220375996e-01 1.207102800575942769e+00 4.379949297740674541e-01 1.332916660006052245e+00 7.965721805021241941e-01
