1.000000000000000000e+00 1.000000000000000000e+00 1.000000000000000000e+00 1.000000000000000000e+00 1.000000000000000000e+00 1.000000000000000000e+00 1.000000000000000000e+00 1.000000000000000000e+00 1.000000000000000000e+00 1.000000000000000000e+00 1.000000000000000000e+00 1.000000000000000000e+00 1.000000000000000000e+00 1.000000000000000000e+00 1.000000000000000000e+00
8.398502699047187825e-01 9.389534791042697393e-01 8.521743301811551818e-01 8.510292531730786481e-01 9.371170887567515928e-01 9.298602492920732265e-01 8.786545256313453844e-01 1.081234772661797017e+00 9.014142394057118590e-01 8.951845934141179351e-01 9.389534791042698503e-01 8.521743301811551818e-01 8.510292531730785370e-01 9.371170887567515928e-01 8.398502699047187825e-01
7.909739923412775209e-01 9.494827520922437536e-01 8.004761360554845107e-01 7.763196298872030443e-01 9.736593427896017561e-01 8.392511790900738511e-01 8.056835401519089057e-01 1.193436343206536021e+00 8.603511087439934535e-01 7.745488660552570792e-01 9.494827520922438646e-01 8.004761360554845107e-01 7.763196298872028223e-01 9.736593427896017561e-01 7.978862226491361120e-01
7.919160889089610356e-01 9.613394128766512559e-01 8.089090846731386009e-01 7.433028037171581781e-01 1.028569235945533178e+00 7.900157726785462797e-01 7.755245411216574736e-01 1.263286801615281396e+00 8.631001056892398937e-01 7.114193324568046650e-01 9.613394128766513669e-01 8.089090846731386009e-01 7.433028037171579561e-01 1.028569235945533178e+00 8.064778681536181049e-01
7.809513964328558266e-01 9.429932449870878086e-01 8.188189879714307118e-01 7.059758928187551685e-01 1.056925171862393542e+00 7.648322445440428607e-01 7.405562700098274886e-01 1.286536089625150092e+00 8.655450292008304292e-01 6.842224845965995117e-01 9.429932449870879196e-01 8.188189879714307118e-01 7.059758928187548355e-01 1.056925171862393542e+00 8.001284851650217744e-01
7.833894148766410437e-01 9.287465692930743089e-01 8.423028722396970203e-01 6.817245192322309855e-01 1.088201270493003525e+00 7.477557011998910985e-01 7.144919696754974403e-01 1.298614508588948002e+00 8.728492283997204559e-01 6.749924747440578798e-01 9.287465692930744199e-01 8.423028722396970203e-01 6.817245192322306524e-01 1.088201270493003303e+00 8.046848836982913866e-01
7.840314640735942531e-01 9.093803055079074937e-01 8.658308286408060717e-01 6.578278506056912667e-01 1.112558772224266246e+00 7.361301690399126851e-01 6.874899334120921912e-01 1.298248666824856290e+00 8.754835817887016702e-01 6.760815142861783533e-01 9.093803055079077158e-01 8.658308286408060717e-01 6.578278506056909336e-01 1.112558772224266024e+00 8.050549968666506073e-01
7.888679266224677411e-01 8.926160898789746723e-01 8.922814361567487085e-01 6.386926763361818749e-01 1.137361759456709365e+00 7.261935790364311138e-01 6.635455399197404125e-01 1.293975221840904632e+00 8.757578433378835348e-01 6.828594631209237154e-01 8.926160898789748943e-01 8.922814361567487085e-01 6.386926763361815418e-01 1.137361759456709143e+00 8.080240465541395078e-01
7.937062839787540902e-01 8.755299653600054910e-01 9.181731483844446373e-01 6.206500822163882880e-01 1.160168312552036785e+00 7.176963174351863595e-01 6.402162697051299034e-01 1.285236438906697254e+00 8.715546633946380517e-01 6.932143455709072200e-01 8.755299653600057130e-01 9.181731483844446373e-01 6.206500822163879549e-01 1.160168312552036562e+00 8.096976527884679475e-01
7.998651110233412354e-01 8.598499878788341544e-01 9.440863801066692318e-01 6.048306945302239779e-01 1.182992004204375114e+00 7.096841281819282754e-01 6.184342189085735297e-01 1.274399304849288317e+00 8.637255043756054684e-01 7.056445183697436230e-01 8.598499878788343764e-01 9.440863801066693428e-01 6.048306945302236448e-01 1.182992004204374892e+00 8.118868372712989556e-01
8.060875536755894855e-01 8.445627153018026023e-01 9.689583955498910495e-01 5.902293434375089909e-01 1.205369397529011399e+00 7.021725340880875521e-01 5.974125160067689233e-01 1.261643042596096498e+00 8.520045479394292576e-01 7.192747697557888564e-01 8.445627153018028244e-01 9.689583955498910495e-01 5.902293434375086578e-01 1.205369397529011177e+00 8.136387221538902148e-01
8.125530654552201026e-01 8.298446429977366368e-01 9.927235073040630020e-01 5.771817793856028889e-01 1.227939515724630226e+00 6.949829385508481394e-01 5.771625582543845612e-01 1.247882860482043776e+00 8.369090269090598833e-01 7.334358448629989535e-01 8.298446429977368588e-01 9.927235073040630020e-01 5.771817793856025558e-01 1.227939515724630004e+00 8.154684003278375171e-01
8.188387695214330853e-01 8.151635985470291335e-01 1.014863261461176780e+00 5.655178714872741708e-01 1.250704833694863627e+00 6.882435340273777014e-01 5.572818613086575334e-01 1.233508321182832601e+00 8.187259063642238210e-01 7.476912274874768505e-01 8.151635985470293555e-01 1.014863261461176780e+00 5.655178714872737267e-01 1.250704833694863405e+00 8.171981015306871710e-01
8.249279300433587370e-01 8.002806657330624462e-01 1.035063735444283983e+00 5.554538073008242760e-01 1.273920712987575365e+00 6.820868053104391926e-01 5.375923924817895827e-01 1.219052845113331340e+00 7.979731678247315996e-01 7.617208740420400304e-01 8.002806657330626683e-01 1.035063735444283983e+00 5.554538073008239429e-01 1.273920712987575365e+00 8.190279361009952241e-01
8.307047296704762607e-01 7.847865927194536129e-01 1.052846058194476742e+00 5.471044233549442470e-01 1.297677634599844199e+00 6.767810478570681632e-01 5.178661019628499895e-01 1.204889964646417289e+00 7.751541461968387559e-01 7.753188231867405023e-01 7.847865927194537239e-01 1.052846058194476742e+00 5.471044233549439140e-01 1.297677634599844199e+00 8.210024647267206710e-01
8.361998171310749406e-01 7.683642872641127664e-01 1.067731162985667615e+00 5.406951362899171665e-01 1.322131435006773881e+00 6.726496863758765210e-01 4.979840805230991152e-01 1.191364633547909557e+00 7.508711835592349892e-01 7.883338321225735745e-01 7.683642872641128774e-01 1.067731162985667615e+00 5.406951362899168334e-01 1.322131435006773881e+00 8.232804804745644800e-01
8.414557876465766917e-01 7.506892767195255667e-01 1.079155250337894723e+00 5.364236232290814366e-01 1.347413188548679752e+00 6.700918604785387478e-01 4.778717493813406936e-01 1.178709766133014591e+00 7.257787888845209645e-01 8.006372608610241581e-01 7.506892767195256777e-01 1.079155250337894723e+00 5.364236232290811035e-01 1.347413188548679752e+00 8.260012694159378777e-01
8.465715528790034305e-01 7.315132389706316962e-01 1.086533815095693134e+00 5.344907585158443775e-01 1.373692343677169525e+00 6.695429486964298293e-01 4.575335736174453993e-01 1.167061843223482942e+00 7.006327887882002337e-01 8.120644389375493155e-01 7.315132389706318072e-01 1.086533815095693134e+00 5.344907585158441554e-01 1.373692343677169525e+00 8.293359150494605814e-01
8.516473270250937144e-01 7.106663339149075220e-01 1.089287519035315732e+00 5.350307698126720579e-01 1.401149684706270548e+00 6.714440105906815948e-01 4.370309019382579985e-01 1.156442414882351777e+00 6.763107163635915242e-01 8.223641608670302361e-01 7.106663339149076331e-01 1.089287519035315954e+00 5.350307698126718359e-01 1.401149684706270548e+00 8.334201518110735396e-01
8.567721573380833178e-01 6.881183277165017209e-01 1.086942301576657055e+00 5.380643447461845863e-01 1.429968437430488848e+00 6.761756390913230552e-01 4.164797318297716044e-01 1.146780271601966605e+00 6.538553870820738023e-01 8.311498896680508119e-01 6.881183277165017209e-01 1.086942301576657277e+00 5.380643447461844753e-01 1.429968437430488848e+00 8.383100167913110079e-01
