2.623176486897197179e+00 4.338691639831167457e+00 1.401308820017361345e+00 3.951138665798482053e-01 4.769161902816565046e+00 4.570794814732616729e+00 1.461780297437885734e+00 5.100012886369113652e+00 1.033597885280768125e+00 3.827615447649282299e+00 3.998419147266091045e+00 2.747316964972585929e+00 5.651113052255996472e+00 4.445649102212400727e+00 2.297993605394099692e+00
2.571450578964169953e+00 4.309149024290159780e+00 1.442855627767985816e+00 4.591784100117745071e-01 4.816063530392844960e+00 4.592024330605009474e+00 1.501916016168321155e+00 5.107529154719324005e+00 1.045298566069144952e+00 3.825891096154862225e+00 3.968876531725082923e+00 2.788863772723209955e+00 5.715177595687922718e+00 4.492550729788680641e+00 2.231266744706060123e+00
2.529360011110632023e+00 4.289432094425960962e+00 1.474427069748775798e+00 5.087102667976602932e-01 4.852221468765767654e+00 4.608022425968536062e+00 1.536149437334466406e+00 5.111156103998174771e+00 1.050375656164150406e+00 3.825054316592124248e+00 3.949159601860884106e+00 2.820435214704000160e+00 5.764709452473808504e+00 4.528708668161603335e+00 2.180092018517270969e+00
2.505789454848313724e+00 4.280750525390889294e+00 1.490638906583617640e+00 5.351912215127068162e-01 4.870968059824391183e+00 4.615886201693422564e+00 1.556010040858637034e+00 5.111556796651753665e+00 1.050839166384736734e+00 3.825458181668170976e+00 3.940478032825805776e+00 2.836647051538843112e+00 5.791190407188857137e+00 4.547455259220227752e+00 2.153066027521268744e+00
2.494899484177004467e+00 4.278158720635552470e+00 1.497138051413384963e+00 5.467392582344633434e-01 4.878557929679551819e+00 4.618586034119451789e+00 1.565486170736573257e+00 5.110488354065655159e+00 1.049677471068664492e+00 3.826676799615605695e+00 3.937886228070467176e+00 2.843146196368616430e+00 5.802738443910612887e+00 4.555045129075385724e+00 2.141525864625124509e+00
2.489814451880329127e+00 4.278002085219123174e+00 1.499400354556391868e+00 5.516401784106130801e-01 4.881250567888387515e+00 4.619066003989645175e+00 1.570106301513593872e+00 5.108965690260708570e+00 1.048132110061681832e+00 3.828185871092220527e+00 3.937729592654037436e+00 2.845408499511621780e+00 5.807639364086761624e+00 4.557737767284222308e+00 2.136834659027540884e+00
2.487144570588890158e+00 4.278717925727240079e+00 1.499991416758676088e+00 5.538452527191510821e-01 4.882002287338232271e+00 4.618708087894132674e+00 1.572678306418519023e+00 5.107373777363193312e+00 1.046566288051300031e+00 3.829721527128488567e+00 3.938445433162154785e+00 2.845999561713906001e+00 5.809844438395299626e+00 4.558489486734067064e+00 2.134900645347633130e+00
2.485487510880762141e+00 4.279704850847465103e+00 1.499948602313711632e+00 5.549647085202874530e-01 4.882013423226730708e+00 4.618066990821146689e+00 1.574375171026888065e+00 5.105844524166571752e+00 1.045083248313990909e+00 3.831184166124994572e+00 3.939432358282379365e+00 2.845956747268941545e+00 5.810963894196436108e+00 4.558500622622565501e+00 2.134060190260210987e+00
2.484281257696916878e+00 4.280736443301033312e+00 1.499679640923163193e+00 5.556363437771546510e-01 4.881757181658774591e+00 4.617357094536970408e+00 1.575669267539340224e+00 5.104418609192025613e+00 1.043709322400061090e+00 3.832543364270738717e+00 3.940463950735947130e+00 2.845687785878393328e+00 5.811635529453303306e+00 4.558244381054609384e+00 2.133655598485364013e+00
2.483300039918896029e+00 4.281730328021635223e+00 1.499342848274165529e+00 5.561121683318056563e-01 4.881417826384260472e+00 4.616658717639873011e+00 1.576751529938041907e+00 5.103104082068528946e+00 1.042446570240897818e+00 3.833794582449047361e+00 3.941457835456549041e+00 2.845350993229394998e+00 5.812111354007954311e+00 4.557905025780095265e+00 2.133428211134224206e+00
2.482451063766355936e+00 4.282659347990248833e+00 1.498998565748971057e+00 5.564925755751871650e-01 4.881065851601157135e+00 4.615999980958918947e+00 1.577701464191618497e+00 5.101897588538526485e+00 1.041289370010127335e+00 3.834942265799023531e+00 3.942386855425162651e+00 2.845006710704200970e+00 5.812491761251336264e+00 4.557553050996991928e+00 2.133276231111542742e+00
2.481694093528294953e+00 4.283517301480953776e+00 1.498668842088736630e+00 5.568184856670937988e-01 4.880727197961035380e+00 4.615388901444231529e+00 1.578554479840143632e+00 5.100792121822798286e+00 1.040229976907504961e+00 3.835993587764753521e+00 3.943244808915868482e+00 2.844676987043966321e+00 5.812817671343242232e+00 4.557214397356870172e+00 2.133159339447973313e+00
2.481009821229145373e+00 4.284305715769362699e+00 1.498360865626934713e+00 5.571074419731070204e-01 4.880410484432691653e+00 4.614825912908668393e+00 1.579328361049290086e+00 5.099779838651895325e+00 1.039260414953974809e+00 3.836956209994786260e+00 3.944033223204276961e+00 2.844369010582165291e+00 5.813106627649255564e+00 4.556897683828526446e+00 2.133061288122229282e+00
2.480387446888601577e+00 4.285028761167738232e+00 1.498076135214635674e+00 5.573677241507271063e-01 4.880117684409463585e+00 4.614308726375966785e+00 1.580033655208286092e+00 5.098853054230414905e+00 1.038373097760505015e+00 3.837837517087627326e+00 3.944756268602652050e+00 2.844084280169866030e+00 5.813366909826876316e+00 4.556604883805298378e+00 2.132975266471740738e+00
2.479819793442124887e+00 4.285691315773324739e+00 1.497814036032337981e+00 5.576038648264612929e-01 4.879848294130294306e+00 4.613834201531547663e+00 1.580677760866901593e+00 5.098004566199819898e+00 1.037561003587132769e+00 3.838644383858671905e+00 3.945418823208239001e+00 2.843822180987568782e+00 5.813603050502609726e+00 4.556335493526129987e+00 2.132898185928864265e+00
2.479301370928821413e+00 4.286298246916116383e+00 1.497573226125935575e+00 5.578188113954790639e-01 4.879600950690296202e+00 4.613399055689308526e+00 1.581266552258522973e+00 5.097227734174036407e+00 1.036817696240248887e+00 3.839383130821806045e+00 3.946025754351030645e+00 2.843581371081166598e+00 5.813817997071627275e+00 4.556088150086131883e+00 2.132828449024034345e+00
2.478827594726983996e+00 4.286854160088019228e+00 1.497352168684062734e+00 5.580147799607517722e-01 4.879374053594705885e+00 4.613000122536092817e+00 1.581805040574845167e+00 5.096516472944240483e+00 1.036137295466956099e+00 3.840059543303965039e+00 3.946581667522933934e+00 2.843360313639293757e+00 5.814013965636899428e+00 4.555861252990541566e+00 2.132765077109042728e+00
2.478394456441651350e+00 4.287363325665434211e+00 1.497149332042474024e+00 5.581935992634571297e-01 4.879165998376026714e+00 4.612634437708218904e+00 1.582297657302927263e+00 5.095865217596780461e+00 1.035514433427767500e+00 3.840678909641080718e+00 3.947090833100349361e+00 2.843157476997704158e+00 5.814192784939604230e+00 4.555653197771863283e+00 2.132707367280357591e+00
2.477998373705960766e+00 4.287829671774724183e+00 1.496963261011752921e+00 5.583568551353734755e-01 4.878975259924898111e+00 4.612299258651907152e+00 1.582748387808057267e+00 5.095268881679639428e+00 1.034944209814474769e+00 3.841246062875074418e+00 3.947557179209639333e+00 2.842971405966983056e+00 5.814356040811520465e+00 4.555462459320734681e+00 2.132654755395418711e+00
2.477636112021034620e+00 4.288256800503901012e+00 1.496792598743704961e+00 5.585059562626178975e-01 4.878800418088800939e+00 4.611992060276509875e+00 1.583160844204621220e+00 5.094722815814209049e+00 1.034422149628906551e+00 3.841765420781218410e+00 3.947984307938816162e+00 2.842800743698935317e+00 5.814505141938764332e+00 4.555287617484638396e+00 2.132606759515310646e+00
2.477304736775129079e+00 4.288648011226317891e+00 1.496636089873037090e+00 5.586421682874905814e-01 4.878640161468818626e+00 4.611710522332869822e+00 1.583538312408760973e+00 5.094222769108364801e+00 1.033944164643565422e+00 3.842241022744846912e+00 3.948375518661232597e+00 2.842644234828267447e+00 5.814641353963637016e+00 4.555127360864656083e+00 2.132562954937759603e+00
2.477001578903848422e+00 4.289006325011728293e+00 1.496492576817749054e+00 5.587666346280782959e-01 4.878493283301572170e+00 4.611452514557945470e+00 1.583883787195511594e+00 5.093764853914645840e+00 1.033506518558079845e+00 3.842676563275804202e+00 3.948733832446642555e+00 2.842500721772979411e+00 5.814765820304224953e+00 4.554980482697409627e+00 2.132522961834224073e+00
2.476724207526730837e+00 4.289334507999813084e+00 1.496360993806172823e+00 5.588803912701217902e-01 4.878358674754532665e+00 4.611216081817296697e+00 1.584200000868155156e+00 5.093345513856252005e+00 1.033105795561194418e+00 3.843075422354920612e+00 3.949062015434727346e+00 2.842369138761402958e+00 5.814879576946268003e+00 4.554845874150370122e+00 2.132486438089058911e+00
2.476470406762511622e+00 4.289635093083293604e+00 1.496240360367153910e+00 5.589843784577563923e-01 4.878235317649838088e+00 4.610999430019709244e+00 1.584489447926652250e+00 5.092961494856189653e+00 1.032738871945697356e+00 3.843440692910640166e+00 3.949362600518207866e+00 2.842248505322384045e+00 5.814983564133902938e+00 4.554722517045675545e+00 2.132453074432797635e+00
2.476238155456259804e+00 4.289910399789789608e+00 1.496129774927517309e+00 5.590794505173012352e-01 4.878122277354822067e+00 4.610800913027793158e+00 1.584754406842612706e+00 5.092609818870723615e+00 1.032402890439406029e+00 3.843775205726855937e+00 3.949637907224703870e+00 2.842137919882747443e+00 5.815078636193447892e+00 4.554609476750660413e+00 2.132422590706940291e+00
2.476025609171338182e+00 4.290162552439908517e+00 1.496028408741953974e+00 5.591663843786693899e-01 4.878018696088861184e+00 4.610619020585978944e+00 1.584996959526123517e+00 5.092287760044413858e+00 1.032095236951956707e+00 3.844081552055957918e+00 3.949890059875107440e+00 2.842036553696785983e+00 5.815165570054961819e+00 4.554505895484285638e+00 2.132394732778030377e+00
2.475831084065169829e+00 4.290393496717102906e+00 1.495935500218565251e+00 5.592458870844029262e-01 4.877923786711451548e+00 4.610452367217002134e+00 1.585219008844463762e+00 5.091992823034662941e+00 1.031813519475202723e+00 3.844362104178677964e+00 3.950121004152301385e+00 2.841943645173396593e+00 5.815245072760694356e+00 4.554410986106875114e+00 2.132369269887523178e+00
2.475653042378658242e+00 4.290605014787557181e+00 1.495850349651111300e+00 5.593186024680105728e-01 4.877836826989917718e+00 4.610299682018686340e+00 1.585422294449561509e+00 5.091722723281497665e+00 1.031555548910542575e+00 3.844619034121108836e+00 3.950332522222756548e+00 2.841858494605942642e+00 5.815317788144302114e+00 4.554324026385341284e+00 2.132345992328569917e+00
2.475490079348880990e+00 4.290798739109965787e+00 1.495772314334752107e+00 5.593851171152106616e-01 4.877757154319565025e+00 4.610159799288292781e+00 1.585608407109953433e+00 5.091475369030376896e+00 1.031319321624436736e+00 3.844854330713672663e+00 3.950526246545165154e+00 2.841780459289583671e+00 5.815384302791501980e+00 4.554244353714988591e+00 2.132324709391960393e+00
2.475340911373767661e+00 4.290976165052875047e+00 1.495700804048893051e+00 5.594459657081929382e-01 4.877684160866023078e+00 4.610031649907885054e+00 1.585778801713766395e+00 5.091248844934999518e+00 1.031103003559911135e+00 3.845069815153209891e+00 3.950703672488075746e+00 2.841708949003718843e+00 5.815445151384480482e+00 4.554171360261464407e+00 2.132305247536647741e+00
