2.074443111084513625e+00 1.285909937463889818e+00 6.210639942248610268e+00 4.320014976374307203e+00 4.029568232791800320e+00 4.019003170871259023e+00 4.392039037162757786e+00 2.533577317092836623e+00 5.959386546893487235e+00 1.677195469904853908e+00 2.810126205485090622e+00 5.660961636526431917e+00 4.035281181037060350e+00 2.688831649236616439e+00 6.006810066540277937e+00
1.977431157279083695e+00 1.336678320515884977e+00 6.169128174324772118e+00 4.402172761197454598e+00 4.111391146146793574e+00 4.045516217857500152e+00 4.308211556390161512e+00 2.494608036528222161e+00 6.017909067325164507e+00 1.724184412896258900e+00 2.860894588537085781e+00 5.619449868602593767e+00 4.117438965860207745e+00 2.770654562591608805e+00 6.035653149337153245e+00
1.915231834108017672e+00 1.366029941723343244e+00 6.153779936188977118e+00 4.451559655753244193e+00 4.158036670471362939e+00 4.072470315098750682e+00 4.246152201132375126e+00 2.468187591939076331e+00 6.065616429560062528e+00 1.754187274608100644e+00 2.890246209744544270e+00 5.604101630466799655e+00 4.166825860415997340e+00 2.817300086916178614e+00 6.068718627063272031e+00
1.878578219445843578e+00 1.382594739522573501e+00 6.148039124147016921e+00 4.479974470267576336e+00 4.184171232223765635e+00 4.090965690994626591e+00 4.208052977194370214e+00 2.453199013417113328e+00 6.095053303531822841e+00 1.768286649556534140e+00 2.906811007543774306e+00 5.598360818424839458e+00 4.195240674930330371e+00 2.843434648668580866e+00 6.092581028891090433e+00
1.856293892633564369e+00 1.392619547849469175e+00 6.145033733015250021e+00 4.497283159871634517e+00 4.200040337085027886e+00 4.102375665952918915e+00 4.184922350704552763e+00 2.444577223892899553e+00 6.112476484510671604e+00 1.774871380207249993e+00 2.916835815870668647e+00 5.595355427293073447e+00 4.212549364534388552e+00 2.859303753529842229e+00 6.107673820486027694e+00
1.842447747352228493e+00 1.398866483993841392e+00 6.143213093436338923e+00 4.508098386279558945e+00 4.209977150137710566e+00 4.109380563792553787e+00 4.170652080675443685e+00 2.439439843303255806e+00 6.122965491327165388e+00 1.778138482084132388e+00 2.923082752015040864e+00 5.593534787714162348e+00 4.223364590942312979e+00 2.869240566582524909e+00 6.117063004026344508e+00
1.833756594814841989e+00 1.402795751033745875e+00 6.142080930393532867e+00 4.514912618740954287e+00 4.216250823141709958e+00 4.113738153665076780e+00 4.161737462611201366e+00 2.436301415877756060e+00 6.129406862815781842e+00 1.779863356663947460e+00 2.927012019054944680e+00 5.592402624671351852e+00 4.230178823403709210e+00 2.875514239586521636e+00 6.122940159419544059e+00
1.828276798344304899e+00 1.405274109878382527e+00 6.141379082864760086e+00 4.519216305753192664e+00 4.220217864307966416e+00 4.116479686242485947e+00 4.156128615034041296e+00 2.434355193258594507e+00 6.133417373822910967e+00 1.780821965185529931e+00 2.929490377899581333e+00 5.591700777142579071e+00 4.234482510415948475e+00 2.879481280752777650e+00 6.126645524607725157e+00
1.824814774189501554e+00 1.406838812474160205e+00 6.140945958534763882e+00 4.521936310795693359e+00 4.222726421518706807e+00 4.118215950156267624e+00 4.152586476939505111e+00 2.433137696522430726e+00 6.135935172664684245e+00 1.781376162188131218e+00 2.931055080495357235e+00 5.591267652812582867e+00 4.237202515458498908e+00 2.881989837963488732e+00 6.128992206515023966e+00
1.822625330477254613e+00 1.407827231948499014e+00 6.140678898506314098e+00 4.523655981631708123e+00 4.224312609425581400e+00 4.119318926219126986e+00 4.150345342837065132e+00 2.432372168300340753e+00 6.137523236519371039e+00 1.781705994145970529e+00 2.932043499969695599e+00 5.591000592784133083e+00 4.238922186294513672e+00 2.883576025870362436e+00 6.130481623189632856e+00
1.821239899715177524e+00 1.408451928393388952e+00 6.140513866992200143e+00 4.524743546416404527e+00 4.225315684375948067e+00 4.120020269828727599e+00 4.148926098281136454e+00 2.431889372150855877e+00 6.138527383457738296e+00 1.781906380768062403e+00 2.932668196414584649e+00 5.590835561270020015e+00 4.240009751079210076e+00 2.884579100820729547e+00 6.131427613703084312e+00
1.820362915594576636e+00 1.408846936832224506e+00 6.140411495156641308e+00 4.525431570738406961e+00 4.225950163501172696e+00 4.120466185031754769e+00 4.148026977631266377e+00 2.431584339846451837e+00 6.139163114511833719e+00 1.782029865859561690e+00 2.933063204853420203e+00 5.590733189434461181e+00 4.240697775401212510e+00 2.885213579945954621e+00 6.132028428738155235e+00
1.819807645967475684e+00 1.409096817636313004e+00 6.140347723074996544e+00 4.525866967195883106e+00 4.226351610214983623e+00 4.120749547933836077e+00 4.147457281275556795e+00 2.431391412112839046e+00 6.139565836133843213e+00 1.782106693971786449e+00 2.933313085657508701e+00 5.590669417352816417e+00 4.241133171858688655e+00 2.885615026659765547e+00 6.132409881314447198e+00
1.819456013002628714e+00 1.409254949310005944e+00 6.140307839705501536e+00 4.526142568794210064e+00 4.226605684765562643e+00 4.120929500172277216e+00 4.147096300923382550e+00 2.431269309770866638e+00 6.139821012284847335e+00 1.782154798269252938e+00 2.933471217331202308e+00 5.590629533983320520e+00 4.241408773457015613e+00 2.885869101210345455e+00 6.132651955902945318e+00
1.819233309519681319e+00 1.409355048849762815e+00 6.140282813254164473e+00 4.526317059854849667e+00 4.226766527129993456e+00 4.121043712898016409e+00 4.146867574162905967e+00 2.431192002173371058e+00 6.139982710155194034e+00 1.782185043321341533e+00 2.933571316870958956e+00 5.590604507531984346e+00 4.241583264517655216e+00 2.886029943574775380e+00 6.132805515699417676e+00
1.819092250511961106e+00 1.409418427458650536e+00 6.140267067828512282e+00 4.526427553749491572e+00 4.226868368705187784e+00 4.121116166176015838e+00 4.146722651468225607e+00 2.431143044353721638e+00 6.140085172479038178e+00 1.782204111021509663e+00 2.933634695479846677e+00 5.590588762106333043e+00 4.241693758412298010e+00 2.886131785149970153e+00 6.132902892288343288e+00
1.819002899383348915e+00 1.409458562672650572e+00 6.140257141666769947e+00 4.526497531290342380e+00 4.226932862113025990e+00 4.121162110812337076e+00 4.146630830680608781e+00 2.431112035677406524e+00 6.140150096786438638e+00 1.782216153059765329e+00 2.933674830693846491e+00 5.590578835944590708e+00 4.241763735953148817e+00 2.886196278557808803e+00 6.132964624633675754e+00
1.818946299329475158e+00 1.409483981808405062e+00 6.140250874810400106e+00 4.526541853302526341e+00 4.226973708552494990e+00 4.121191237204175017e+00 4.146572656185870898e+00 2.431092393877398727e+00 6.140191233651631997e+00 1.782223766639749352e+00 2.933700249829600981e+00 5.590572569088219979e+00 4.241808057965332779e+00 2.886237124997277359e+00 6.133003752087931026e+00
1.818910444660615244e+00 1.409500082077840943e+00 6.140246914046841198e+00 4.526569927616895583e+00 4.226999580451468397e+00 4.121209697881980105e+00 4.146535799712499859e+00 2.431079951552050922e+00 6.140217297442560174e+00 1.782228583790358645e+00 2.933716350099040415e+00 5.590568608324663735e+00 4.241836132279702021e+00 2.886262996896249877e+00 6.133028548286435289e+00
1.818887731226237703e+00 1.409510280465432697e+00 6.140244408900842110e+00 4.526587711196353503e+00 4.227015968506434795e+00 4.121221396749210619e+00 4.146512449707922876e+00 2.431072069574645056e+00 6.140233810583143992e+00 1.782231633029154327e+00 2.933726548486632169e+00 5.590566103178664648e+00 4.241853915859159940e+00 2.886279384951215832e+00 6.133044260665656999e+00
1.818873342397091530e+00 1.409516740693613102e+00 6.140242823595150945e+00 4.526598976510709527e+00 4.227026349621380241e+00 4.121228809758790135e+00 4.146497656774600138e+00 2.431067076398874427e+00 6.140244272487736410e+00 1.782233563753982342e+00 2.933733008714813462e+00 5.590564517872973482e+00 4.241865181173516852e+00 2.886289766066161722e+00 6.133054216232940448e+00
1.818864227078739626e+00 1.409520833078786062e+00 6.140241820024007424e+00 4.526606112877172627e+00 4.227032925785798589e+00 4.121233506686468040e+00 4.146488285095305315e+00 2.431063913222899942e+00 6.140250900505423104e+00 1.782234786484804712e+00 2.933737101099986866e+00 5.590563514301830850e+00 4.241872317539979953e+00 2.886296342230580070e+00 6.133060523879296788e+00
1.818858452494472866e+00 1.409523425547319686e+00 6.140241184562987620e+00 4.526610633700853370e+00 4.227037091692920079e+00 4.121236482540680868e+00 4.146482347951508274e+00 2.431061909338087190e+00 6.140255099551686691e+00 1.782235560934730456e+00 2.933739693568520046e+00 5.590562878840811045e+00 4.241876838363660696e+00 2.886300508137702003e+00 6.133064520133121533e+00
1.818854794262281915e+00 1.409525067860993630e+00 6.140240782123136398e+00 4.526613497631198690e+00 4.227039730770172810e+00 4.121238367902925859e+00 4.146478586671611843e+00 2.431060639863837913e+00 6.140257759746737598e+00 1.782236051491162820e+00 2.933741335882193990e+00 5.590562476400959824e+00 4.241879702294006904e+00 2.886303147214954734e+00 6.133067051926087920e+00
1.818852476745373981e+00 1.409526108266137223e+00 6.140240527228388423e+00 4.526615311936311059e+00 4.227041402624349686e+00 4.121239562353272490e+00 4.146476203845670838e+00 2.431059835641590006e+00 6.140259445031865937e+00 1.782236362237291871e+00 2.933742376287337805e+00 5.590562221506211849e+00 4.241881516599119273e+00 2.886304819069131611e+00 6.133068655895772991e+00
1.818851008578969530e+00 1.409526767366245270e+00 6.140240365772934972e+00 4.526616461307202854e+00 4.227042461749327629e+00 4.121240319072532188e+00 4.146474694293870833e+00 2.431059326159528577e+00 6.140260512687723882e+00 1.782236559087524430e+00 2.933743035387445630e+00 5.590562060050758397e+00 4.241882665970011068e+00 2.886305878194110441e+00 6.133069672049283660e+00
1.818850078482211030e+00 1.409527184909949549e+00 6.140240263498816020e+00 4.526617189441337175e+00 4.227043132710993412e+00 4.121240798471472289e+00 4.146473737974244678e+00 2.431059003397759710e+00 6.140261189063143554e+00 1.782236683789892639e+00 2.933743452931148799e+00 5.590561957776640334e+00 4.241883394104144500e+00 2.886306549155776224e+00 6.133070315802312322e+00
1.818849489257037266e+00 1.409527449426954293e+00 6.140240198711081732e+00 4.526617650720106134e+00 4.227043557770095994e+00 4.121241102179610039e+00 4.146473132134614659e+00 2.431058798924979669e+00 6.140261617555833773e+00 1.782236762788406370e+00 2.933743717448153543e+00 5.590561892988906045e+00 4.241883855382913460e+00 2.886306974214878363e+00 6.133070723630389409e+00
1.818849115977090536e+00 1.409527617000699840e+00 6.140240157669027532e+00 4.526617942944267448e+00 4.227043827048589719e+00 4.121241294583502857e+00 4.146472748328405622e+00 2.431058669389406734e+00 6.140261889011177310e+00 1.782236812834088191e+00 2.933743885021899533e+00 5.590561851946852734e+00 4.241884147607072997e+00 2.886307243493373420e+00 6.133070981995312643e+00
1.818848879500496674e+00 1.409527723160192592e+00 6.140240131669141732e+00 4.526618128071007163e+00 4.227043997638957329e+00 4.121241416474044073e+00 4.146472505182971169e+00 2.431058587327296738e+00 6.140262060981282133e+00 1.782236844538266807e+00 2.933743991181392285e+00 5.590561825946966934e+00 4.241884332733813601e+00 2.886307414083741030e+00 6.133071145672838398e+00
