1.000000000000000000e+00 1.000000000000000000e+00 1.000000000000000000e+00 1.000000000000000000e+00 1.000000000000000000e+00 1.000000000000000000e+00 1.000000000000000000e+00 1.000000000000000000e+00 1.000000000000000000e+00 1.000000000000000000e+00 1.000000000000000000e+00 1.000000000000000000e+00 1.000000000000000000e+00 1.000000000000000000e+00 1.000000000000000000e+00
1.042488703902829661e+00 9.853179693152818164e-01 1.040517031224044153e+00 1.039371954215967619e+00 9.834815789677635589e-01 1.046686556065379747e+00 1.021939599653945763e+00 9.617443425085434594e-01 1.044699313428312237e+00 1.012010900187424456e+00 9.853179693152818164e-01 1.040517031224044153e+00 1.039371954215967619e+00 9.834815789677635589e-01 1.042488703902829661e+00
1.082937982914403907e+00 9.761914249633740770e-01 1.074882117004002380e+00 1.073321838266435346e+00 9.712528078623142713e-01 1.091876684476651871e+00 1.047283610217608629e+00 9.219549746109998445e-01 1.080879376070596365e+00 1.028586443474699186e+00 9.761914249633740770e-01 1.074882117004002380e+00 1.073321838266435346e+00 9.712528078623142713e-01 1.080547449297655671e+00
1.118807574570270136e+00 9.722152492224573894e-01 1.100947495846971158e+00 1.098177782435960870e+00 9.661118692059517121e-01 1.133179385791768246e+00 1.073415031868448999e+00 8.831825829759901714e-01 1.107063534086820900e+00 1.047645161784011680e+00 9.722152492224573894e-01 1.100947495846971158e+00 1.098177782435960870e+00 9.661118692059517121e-01 1.112291904405043885e+00
1.148937380719414758e+00 9.723329839515570949e-01 1.118768135929110841e+00 1.112597073889661559e+00 9.678455684124129821e-01 1.169482364463025226e+00 1.098140588621366431e+00 8.470401339647798400e-01 1.123885473793493794e+00 1.066717018604967926e+00 9.723329839515570949e-01 1.118768135929110841e+00 1.112597073889661559e+00 9.678455684124130931e-01 1.137298493320766157e+00
1.173541037379641772e+00 9.753185897811829097e-01 1.129723770966297947e+00 1.117312200132456690e+00 9.745741158289231709e-01 1.200885186560171514e+00 1.120346798556528078e+00 8.140313996050403400e-01 1.132818022698476312e+00 1.084293917689367781e+00 9.753185897811829097e-01 1.129723770966297947e+00 1.117312200132456690e+00 9.745741158289232819e-01 1.156244075263748616e+00
1.193600226242854667e+00 9.801200455307890191e-01 1.135511936029215629e+00 1.114080751065163799e+00 9.843191236801460686e-01 1.228133568673826170e+00 1.139799086233023839e+00 7.838996968407870858e-01 1.135411336155866868e+00 1.099975978570175261e+00 9.801200455307890191e-01 1.135511936029215629e+00 1.114080751065163799e+00 9.843191236801461796e-01 1.170325432482850703e+00
1.210281357037772398e+00 9.859614541978009017e-01 1.137646820701526007e+00 1.104821957358397500e+00 9.956511654183635152e-01 1.252151767902967894e+00 1.156717536145372316e+00 7.560498097084789038e-01 1.133043096416939122e+00 1.113980897958633642e+00 9.859614541978009017e-01 1.137646820701526007e+00 1.104821957358397500e+00 9.956511654183636262e-01 1.180816385899020160e+00
1.224619367083276344e+00 9.923053650383063529e-01 1.137321990342542222e+00 1.091198801862637291e+00 1.007693760398242322e+00 1.273795907485111067e+00 1.171463445278619453e+00 7.298392341099613212e-01 1.126857618669979022e+00 1.126709835203288490e+00 9.923053650383063529e-01 1.137321990342542222e+00 1.091198801862637291e+00 1.007693760398242544e+00 1.188836253803924325e+00
1.237416250731691036e+00 9.987835631011626747e-01 1.135422830722425003e+00 1.074510592696221734e+00 1.019945734020117234e+00 1.293762364902796058e+00 1.184381397445643858e+00 7.047173102013795098e-01 1.117772247615607784e+00 1.138534178363840965e+00 9.987835631011626747e-01 1.135422830722425003e+00 1.074510592696221734e+00 1.019945734020117456e+00 1.195274423003236386e+00
1.249246329892023555e+00 1.005141245091170976e+00 1.132580933427315140e+00 1.055723920598846677e+00 1.032125424231923105e+00 1.312576222231935930e+00 1.195744882338364734e+00 6.802648816444537561e-01 1.106511715339459911e+00 1.149730004013020279e+00 1.005141245091170976e+00 1.132580933427315140e+00 1.055723920598846677e+00 1.032125424231923327e+00 1.200796378816304522e+00
1.260497846309569736e+00 1.011200235078457021e+00 1.129230682719961631e+00 1.035541825839645824e+00 1.044073166547241582e+00 1.330612386875976050e+00 1.205752161635443853e+00 6.561876035682219221e-01 1.093648300193587497e+00 1.160477737697023004e+00 1.011200235078457021e+00 1.129230682719961631e+00 1.035541825839645824e+00 1.044073166547241804e+00 1.205880103947881032e+00
1.271418956980197912e+00 1.016835679067275011e+00 1.125657152810128458e+00 1.014470847771573148e+00 1.055697598942491489e+00 1.348125730920326060e+00 1.214540517751362181e+00 6.322941002871467209e-01 1.079636979624166715e+00 1.170882375181228285e+00 1.016835679067275011e+00 1.125657152810128458e+00 1.014470847771573148e+00 1.055697598942491711e+00 1.210857607536044211e+00
1.282157164348950884e+00 1.021960713703015555e+00 1.122034317781759771e+00 9.928749687469569096e-01 1.066947312126715453e+00 1.365280314407685713e+00 1.222204102910079859e+00 6.084726947686530663e-01 1.064842881974460642e+00 1.180995967581979222e+00 1.021960713703015555e+00 1.122034317781759771e+00 9.928749687469569096e-01 1.066947312126715675e+00 1.215951929166071865e+00
1.292789987851123312e+00 1.026515772165987439e+00 1.118455025566576611e+00 9.710161148330085368e-01 1.077795585883308593e+00 1.382174247078417739e+00 1.228809822072412850e+00 5.846713245825133631e-01 1.049561962074357258e+00 1.190836427572470990e+00 1.026515772165987439e+00 1.118455025566576611e+00 9.710161148330085368e-01 1.077795585883308815e+00 1.221307099829272769e+00
1.303347701069124787e+00 1.030460832755489609e+00 1.114954320543164457e+00 9.490836408056531059e-01 1.088231552833887505e+00 1.398859475972994204e+00 1.234409774699630313e+00 5.608814852466716960e-01 1.034036635777344726e+00 1.200401567880377884e+00 1.030460832755489609e+00 1.114954320543164457e+00 9.490836408056531059e-01 1.088231552833887728e+00 1.227011255864310924e+00
1.313829708106367011e+00 1.033769785324951007e+00 1.111527393000633968e+00 9.272154043905999066e-01 1.098254533044476178e+00 1.415356858327304623e+00 1.239050331732894694e+00 5.371257796346126101e-01 1.018467828823796717e+00 1.209678925687183826e+00 1.033769785324951007e+00 1.111527393000633968e+00 9.272154043905999066e-01 1.098254533044476400e+00 1.233113939462614717e+00
1.324216100420845699e+00 1.036426462219061539e+00 1.108143184287756489e+00 9.055125966240072932e-01 1.107870049486707309e+00 1.431667258450415758e+00 1.242778389360240876e+00 5.134483815856314415e-01 1.003024421364069996e+00 1.218652325779130852e+00 1.036426462219061539e+00 1.108143184287756489e+00 9.055125966240072932e-01 1.107870049486707309e+00 1.239638755933033964e+00
1.334475680606131087e+00 1.038422012152576901e+00 1.104754520773559179e+00 8.840500209373857166e-01 1.117086863922889028e+00 1.447779488547542126e+00 1.245645397910140728e+00 4.899077792742566051e-01 9.878507074310356462e-01 1.227306090609647127e+00 1.038422012152576901e+00 1.104754520773559179e+00 8.840500209373857166e-01 1.117086863922889028e+00 1.246592456623175416e+00
1.344571456321907332e+00 1.039753339975758806e+00 1.101305533606016684e+00 8.628831192981577525e-01 1.125914730774315586e+00 1.463675858433619581e+00 1.247709694071315045e+00 4.665712959350442612e-01 9.730722749241746961e-01 1.235627629060777055e+00 1.039753339975758806e+00 1.101305533606016684e+00 8.628831192981577525e-01 1.125914730774315586e+00 1.253971345166861706e+00
