1.000000000000000000e+00 1.000000000000000000e+00 1.000000000000000000e+00 1.000000000000000000e+00 1.000000000000000000e+00 1.000000000000000000e+00 1.000000000000000000e+00 1.000000000000000000e+00 1.000000000000000000e+00 1.000000000000000000e+00 1.000000000000000000e+00 1.000000000000000000e+00 1.000000000000000000e+00 1.000000000000000000e+00 1.000000000000000000e+00
9.640480197745286972e-01 9.673704247174707005e-01 9.676101792074419672e-01 9.664651021993654334e-01 9.655340343699525540e-01 1.001463469572486886e+00 9.664744097097133224e-01 1.007998702567867388e+00 9.892341234840797970e-01 9.667878136945315948e-01 9.673704247174707005e-01 9.676101792074419672e-01 9.664651021993654334e-01 9.655340343699525540e-01 9.640480197745286972e-01
9.309675231420107000e-01 9.337170355981445624e-01 9.377351853579539709e-01 9.343788706895378438e-01 9.332939649987436193e-01 9.936267625492463118e-01 9.245746512213758317e-01 1.017833292017921165e+00 9.808654492918978951e-01 9.248842752401904566e-01 9.337170355981445624e-01 9.377351853579539709e-01 9.343788706895377327e-01 9.332939649987436193e-01 9.329349083047423496e-01
9.034136514851918154e-01 9.032385061875335408e-01 9.163541484760421296e-01 9.056063144424082445e-01 9.091357584182778728e-01 9.774820551616602016e-01 8.809939727673993248e-01 1.030979174524015329e+00 9.737426775396588186e-01 8.783812942376578725e-01 9.032385061875335408e-01 9.163541484760420186e-01 9.056063144424081335e-01 9.091357584182778728e-01 9.097789201771064871e-01
8.822453559756224806e-01 8.792822347762314639e-01 9.065700416856757871e-01 8.810001370708451240e-01 8.957011322053162194e-01 9.563646343437204322e-01 8.405847752676737228e-01 1.047974588644395633e+00 9.677213688146188986e-01 8.320732207355030496e-01 8.792822347762314639e-01 9.065700416856756760e-01 8.810001370708450130e-01 8.957011322053162194e-01 8.953890404894448984e-01
8.664565729961195562e-01 8.622044519485102532e-01 9.075006281192676827e-01 8.600463603772168231e-01 8.918122049497912984e-01 9.330472163770443528e-01 8.042228486982753166e-01 1.067903813643974242e+00 9.632774373434325188e-01 7.886795333706981825e-01 8.622044519485103642e-01 9.075006281192675717e-01 8.600463603772167120e-01 8.918122049497912984e-01 8.883610819614797816e-01
8.543493187903089536e-01 8.506134844076336243e-01 9.165622929692744947e-01 8.414827933852835340e-01 8.948458633207726498e-01 9.085730703752851189e-01 7.706663200444172634e-01 1.089234196377568242e+00 9.608769113688482300e-01 7.488793020888444563e-01 8.506134844076337354e-01 9.165622929692743837e-01 8.414827933852834230e-01 8.948458633207726498e-01 8.865371242893180792e-01
8.444488415738704568e-01 8.431044275086949646e-01 9.313748368096478325e-01 8.239829521740148488e-01 9.025008561713278032e-01 8.829870863408931791e-01 7.386218603735951183e-01 1.110564504402144603e+00 9.607552425390918360e-01 7.125828150738693356e-01 8.431044275086950757e-01 9.313748368096477215e-01 8.239829521740147378e-01 9.025008561713278032e-01 8.880109515178502555e-01
8.357454094018210711e-01 8.388408072707989049e-01 9.502228073587286605e-01 8.064213852914730030e-01 9.131636733132331152e-01 8.561021555737554634e-01 7.074725566428076151e-01 1.130776720916181199e+00 9.629320175068252219e-01 6.796579104777130675e-01 8.388408072707990160e-01 9.502228073587285495e-01 8.064213852914728919e-01 9.131636733132331152e-01 8.913390934510757591e-01
8.276302185245945076e-01 8.374805433914604968e-01 9.719216916360233771e-01 7.879047912005231469e-01 9.257381205387695822e-01 8.278566081659570752e-01 6.773031118045252930e-01 1.148938504156493234e+00 9.672540997217157210e-01 6.501061323941866865e-01 8.374805433914606079e-01 9.719216916360232661e-01 7.879047912005230359e-01 9.257381205387695822e-01 8.954446074696866820e-01
8.197767709263826807e-01 8.389560523341741405e-01 9.956124011104354743e-01 7.677594170647547012e-01 9.394325327340553589e-01 7.984428399726456460e-01 6.487302951673831197e-01 1.164192405160865196e+00 9.734218915158660002e-01 6.240217286157878629e-01 8.389560523341742515e-01 9.956124011104353633e-01 7.677594170647545901e-01 9.394325327340553589e-01 8.995014548885222894e-01
8.120399174704331369e-01 8.432798867276513066e-01 1.020610033648643444e+00 7.455361159698725704e-01 9.536203468549001583e-01 7.683281010720682813e-01 6.226871669863492942e-01 1.175702979660989467e+00 9.810146985765753058e-01 6.014899146710136479e-01 8.432798867276514176e-01 1.020610033648643222e+00 7.455361159698723483e-01 9.536203468549001583e-01 9.028720337472805335e-01
8.043804587492968672e-01 8.504133420975673596e-01 1.046312353314725385e+00 7.210277936688257450e-01 9.677764882785447886e-01 7.381997946147146328e-01 6.001914224296652778e-01 1.182677060935921176e+00 9.895357547382808150e-01 5.824793758545857569e-01 8.504133420975674706e-01 1.046312353314725163e+00 7.210277936688254119e-01 9.677764882785447886e-01 9.050947436164776816e-01
7.968101414987078801e-01 8.602018774064922324e-01 1.072153684227443282e+00 6.942736341626719598e-01 9.814703071985863003e-01 7.088462729605622403e-01 5.821197068840190392e-01 1.184447778956616348e+00 9.984804621042683292e-01 5.667612123820566783e-01 8.602018774064923434e-01 1.072153684227443060e+00 6.942736341626716268e-01 9.814703071985863003e-01 9.058977729812218715e-01
7.893526171329694474e-01 8.723683870660930983e-01 1.097588937176726231e+00 6.655325522307773412e-01 9.943897397761884971e-01 6.810007798001183055e-01 5.690238422043543132e-01 1.180589353772639516e+00 1.007409357467172306e+00 5.538834219050057239e-01 8.723683870660932094e-01 1.097588937176726009e+00 6.655325522307770081e-01 9.943897397761884971e-01 9.052116428419121341e-01
7.820189342774273022e-01 8.865446294624208523e-01 1.122094925381954766e+00 6.352300612342006714e-01 1.006368508489329905e+00 6.551964672756699359e-01 5.610262258714450168e-01 1.171014925291990361e+00 1.015997352251736929e+00 5.432155946239490829e-01 8.865446294624209633e-01 1.122094925381954544e+00 6.352300612342003383e-01 1.006368508489329905e+00 9.031594768863457912e-01
7.747977497994723572e-01 9.023171681843389358e-01 1.145182658380451413e+00 6.038971987509570427e-01 1.017393030968574807e+00 6.316787155853739177e-01 5.578117366533869026e-01 1.156016288973135353e+00 1.024042133650290953e+00 5.340503786424176669e-01 9.023171681843390468e-01 1.145182658380451191e+00 6.038971987509567096e-01 1.017393030968574807e+00 9.000174485515841649e-01
7.676592963106100287e-01 9.192706043198841659e-01 1.166421299383764598e+00 5.721153480638899724e-01 1.027579217726196648e+00 6.103951991388252285e-01 5.587049206941747670e-01 1.136228816675098230e+00 1.031437777441844617e+00 5.257238093331567663e-01 9.192706043198842769e-01 1.166421299383764376e+00 5.721153480638896394e-01 1.027579217726196648e+00 8.961517710613700061e-01
7.605688580278191502e-01 9.370210919365093982e-01 1.185473951852467955e+00 5.404666014358459059e-01 1.037124621516968714e+00 5.910533888778074507e-01 5.628013485694032259e-01 1.112531202292508237e+00 1.038135504766879880e+00 5.177120498273635185e-01 9.370210919365096203e-01 1.185473951852467733e+00 5.404666014358455728e-01 1.037124621516968714e+00 8.919470000877530724e-01
7.535025239633629246e-01 9.552387140529714493e-01 1.202136281197298651e+00 5.094840498791172179e-01 1.046251027267778966e+00 5.732166544977798095e-01 5.691157265253308228e-01 1.085908068950219629e+00 1.044112476281344959e+00 5.096777845648188254e-01 9.552387140529716714e-01 1.202136281197298429e+00 5.094840498791168848e-01 1.046251027267778966e+00 8.877421485525697209e-01
