1.000000000000000000e+00 1.000000000000000000e+00 1.000000000000000000e+00 1.000000000000000000e+00 1.000000000000000000e+00 1.000000000000000000e+00 1.000000000000000000e+00 1.000000000000000000e+00 1.000000000000000000e+00 1.000000000000000000e+00 1.000000000000000000e+00 1.000000000000000000e+00 1.000000000000000000e+00 1.000000000000000000e+00 1.000000000000000000e+00
1.140539559063205921e+00 1.007752400062545739e+00 1.131650596244796914e+00 1.130505519236720158e+00 1.005916009715027482e+00 1.103215414181495602e+00 1.091271087084236369e+00 9.039263924343884371e-01 1.114030800858602843e+00 1.068539758303540532e+00 1.007752400062545739e+00 1.131650596244796914e+00 1.130505519236720158e+00 1.005916009715027482e+00 1.140539559063205921e+00
1.220991052147202716e+00 1.024772692516365380e+00 1.198002899060241155e+00 1.185209125232177252e+00 1.028264829355335142e+00 1.162692832548544608e+00 1.161379807468296388e+00 8.471310768805710989e-01 1.154642827893989532e+00 1.111786407356581741e+00 1.024772692516365380e+00 1.198002899060241155e+00 1.185209125232177252e+00 1.028264829355335142e+00 1.213758506442837115e+00
1.231844704606653185e+00 1.027343022469754619e+00 1.203521364182184472e+00 1.166456354062754830e+00 1.043985863767092237e+00 1.182834495808519737e+00 1.189331953096597561e+00 8.293830637723091925e-01 1.135520494960285287e+00 1.122804537824830140e+00 1.027343022469754841e+00 1.203521364182184472e+00 1.166456354062754830e+00 1.043985863767092237e+00 1.217385408938458369e+00
1.238825777947075713e+00 1.029471870472175254e+00 1.205783868746789667e+00 1.142771471324601107e+00 1.058209136625662294e+00 1.199558616570756353e+00 1.214684600052233554e+00 8.130185620681705805e-01 1.111067739507822116e+00 1.132808866635268918e+00 1.029471870472175477e+00 1.205783868746789667e+00 1.142771471324601107e+00 1.058209136625662294e+00 1.216398170207588114e+00
1.246069537028002161e+00 1.031928053125162892e+00 1.209039518171688865e+00 1.118492592944181574e+00 1.072315488387046711e+00 1.216161762290076220e+00 1.239689648288375912e+00 7.954094206567279279e-01 1.085382755867673188e+00 1.142849922997537293e+00 1.031928053125163114e+00 1.209039518171688865e+00 1.118492592944181574e+00 1.072315488387046711e+00 1.215787354939692477e+00
1.253271636657913524e+00 1.034533707991186935e+00 1.213256916364980231e+00 1.093634241962696985e+00 1.086479850463786478e+00 1.232959483016604185e+00 1.263953005620236159e+00 7.766149224061728029e-01 1.058743352688677808e+00 1.152461027807601290e+00 1.034533707991187157e+00 1.213256916364980231e+00 1.093634241962696985e+00 1.086479850463786478e+00 1.215627883529250663e+00
1.260262192143481341e+00 1.037218690956971834e+00 1.218350007387867917e+00 1.068349854594238035e+00 1.100783921228458029e+00 1.250103263372066564e+00 1.287240730835198521e+00 7.567226464493834737e-01 1.031340411928284073e+00 1.161404331621950003e+00 1.037218690956972056e+00 1.218350007387867917e+00 1.068349854594238035e+00 1.100783921228458029e+00 1.215932590599149155e+00
1.266902123021177440e+00 1.039950466431727394e+00 1.224207683736948438e+00 1.042837446720387584e+00 1.115275985010125925e+00 1.267677064214407290e+00 1.309373506602989456e+00 7.358601450265744859e-01 1.003325812721782118e+00 1.169520119993963103e+00 1.039950466431727616e+00 1.224207683736948438e+00 1.042837446720387584e+00 1.115275985010125925e+00 1.216671251114590069e+00
1.273061112915332416e+00 1.042713528997311734e+00 1.230713751631978381e+00 1.017314835538197126e+00 1.129990454495312324e+00 1.285730988769341776e+00 1.330204085437876271e+00 7.141854879963627223e-01 9.748341393216563011e-01 1.176685600374020702e+00 1.042713528997311956e+00 1.230713751631978381e+00 1.017314835538197126e+00 1.129990454495312102e+00 1.217784966068427899e+00
1.278613020135636269e+00 1.045503063587261527e+00 1.237753529495338789e+00 9.920067529126872508e-01 1.144952198694476397e+00 1.304289360571811551e+00 1.349615358539435039e+00 6.918739995745771809e-01 9.459881252842573529e-01 1.182805267809694971e+00 1.045503063587261972e+00 1.237753529495338789e+00 9.920067529126871397e-01 1.144952198694476175e+00 1.219189706150427766e+00
1.283437406700847383e+00 1.048323456769641338e+00 1.245216053259614153e+00 9.671361842473403803e-01 1.160176596742314770e+00 1.323352170425898144e+00 1.367523553663427149e+00 6.691033101533661043e-01 9.168997184230555098e-01 1.187810632076524708e+00 1.048323456769641782e+00 1.245216053259614153e+00 9.671361842473403803e-01 1.160176596742314548e+00 1.220777904694480220e+00
1.287422700023831412e+00 1.051188342597552117e+00 1.252995207903181196e+00 9.429177990764338047e-01 1.175669033924326534e+00 1.342896105975981191e+00 1.383880641291944658e+00 6.460394928097964451e-01 8.876706291346573297e-01 1.191661596661000688e+00 1.051188342597552561e+00 1.252995207903181196e+00 9.429177990764338047e-01 1.175669033924326312e+00 1.222420757935567703e+00
1.290469145369565585e+00 1.054120989090155058e+00 1.260991085688530244e+00 9.195530045183268886e-01 1.191424971771023023e+00 1.362876794821628490e+00 1.398674042535502871e+00 6.228265385093630924e-01 8.583934199707200507e-01 1.194347061491293660e+00 1.054120989090155502e+00 1.260991085688530244e+00 9.195530045183268886e-01 1.191424971771022800e+00 1.223971790792797165e+00
1.292490841284694936e+00 1.057154625472820131e+00 1.269111963233374052e+00 8.972264845792486954e-01 1.207430736546763139e+00 1.383232155620264470e+00 1.411923624029562729e+00 5.995804110252274111e-01 8.291531502601334758e-01 1.195884320051243010e+00 1.057154625472820575e+00 1.269111963233374052e+00 8.972264845792486954e-01 1.207430736546762917e+00 1.225271480394634738e+00
1.293416714356793618e+00 1.060332625215841817e+00 1.277276817989384083e+00 8.761040418942406260e-01 1.223664811283466269e+00 1.403886171681349770e+00 1.423676852464041742e+00 5.763878104482760278e-01 8.000292413569826122e-01 1.196317535537020360e+00 1.060332625215842262e+00 1.277276817989383861e+00 8.761040418942406260e-01 1.223664811283466047e+00 1.226152498957188586e+00
1.293190569810828583e+00 1.063708565447372578e+00 1.285418078973605160e+00 8.563314741836317578e-01 1.240099345158851118e+00 1.424752357792667956e+00 1.434003246979418389e+00 5.533088843443264571e-01 7.710972038327185141e-01 1.195715719654521170e+00 1.063708565447373022e+00 1.285418078973604938e+00 8.563314741836317578e-01 1.240099345158850896e+00 1.226445158277155167e+00
1.291770453267266028e+00 1.067346176462256047e+00 1.293484244203062072e+00 8.380341973565812452e-01 1.256701656482474450e+00 1.445736383545469295e+00 1.442989134185840294e+00 5.303826306918203448e-01 7.424299991326555048e-01 1.194170513333887573e+00 1.067346176462256491e+00 1.293484244203061850e+00 8.380341973565812452e-01 1.256701656482474228e+00 1.225982765984915845e+00
1.289127545327526825e+00 1.071319124645279119e+00 1.301442030112131887e+00 8.213173703488223509e-01 1.273435611707216086e+00 1.466737566119862946e+00 1.450733377091451892e+00 5.076336409913720926e-01 7.140989902503398490e-01 1.191793857570791593e+00 1.071319124645279564e+00 1.301442030112131665e+00 8.213173703488223509e-01 1.273435611707215864e+00 1.224606743958198241e+00
1.285244747452628955e+00 1.075710470256505680e+00 1.309277788668600007e+00 8.062663466406262414e-01 1.290262860327969996e+00 1.487649152882171810e+00 1.457344380217849622e+00 4.850790242973753164e-01 6.861746001417430296e-01 1.188715450071336832e+00 1.075710470256506124e+00 1.309277788668600007e+00 8.062663466406262414e-01 1.290262860327969774e+00 1.222171454668415036e+00
