1.000000000000000000e+00 1.000000000000000000e+00 1.000000000000000000e+00 1.000000000000000000e+00 1.000000000000000000e+00 1.000000000000000000e+00 1.000000000000000000e+00 1.000000000000000000e+00 1.000000000000000000e+00 1.000000000000000000e+00 1.000000000000000000e+00 1.000000000000000000e+00 1.000000000000000000e+00 1.000000000000000000e+00 1.000000000000000000e+00
8.921440593235860916e-01 9.509185088361438165e-01 9.007788981922233429e-01 8.996338211841468091e-01 9.490821184886256701e-01 9.600089736206685043e-01 9.156313189275002706e-01 1.050398532622247805e+00 9.383910327018667452e-01 9.253333177427131018e-01 9.509185088361439275e-01 9.007788981922232319e-01 8.996338211841466981e-01 9.490821184886256701e-01 8.921440593235860916e-01
8.240148517742194034e-01 9.256552689411605694e-01 8.374762471455087232e-01 8.233973426642299254e-01 9.386668972648786191e-01 8.982355785709520424e-01 8.364549091873435538e-01 1.117877766097749470e+00 8.971391559659656068e-01 8.297058969690147556e-01 9.256552689411606805e-01 8.374762471455086121e-01 8.233973426642298143e-01 9.386668972648786191e-01 8.293243912432549658e-01
8.061120010863568330e-01 9.273921369807200943e-01 8.292499120721932293e-01 7.819855830378881212e-01 9.721602011353208672e-01 8.467997457836402564e-01 7.922947590669291440e-01 1.185023994018732374e+00 8.868050342613139625e-01 7.545973147999033293e-01 9.273921369807202053e-01 8.292499120721930073e-01 7.819855830378880102e-01 9.721602011353208672e-01 8.207039931235562413e-01
7.979614271937113257e-01 9.239126818435781097e-01 8.381519441075830912e-01 7.480785731335350963e-01 1.007736472121539384e+00 8.086480595286082984e-01 7.555481030799027220e-01 1.232052129709984456e+00 8.888380242779859719e-01 7.035330891924989061e-01 9.239126818435782207e-01 8.381519441075828691e-01 7.480785731335349853e-01 1.007736472121539384e+00 8.219908365396066952e-01
7.924089612500772040e-01 9.144184690539642890e-01 8.542898845522983731e-01 7.166549973218087066e-01 1.039359249198991142e+00 7.790360920694920921e-01 7.201517899048287541e-01 1.261182770965610711e+00 8.947182344914790253e-01 6.717102270089708727e-01 9.144184690539644000e-01 8.542898845522981510e-01 7.166549973218085956e-01 1.039359249198991142e+00 8.241608436837655205e-01
7.895970563303873480e-01 9.027426510050685637e-01 8.750070610021496442e-01 6.880061515584681153e-01 1.067865183144599772e+00 7.547998621201235103e-01 6.866488260430813062e-01 1.277608447341616049e+00 9.008770090519157003e-01 6.545918109277292229e-01 9.027426510050686748e-01 8.750070610021494222e-01 6.880061515584680043e-01 1.067865183144599772e+00 8.264432148255376198e-01
7.892937451598339704e-01 8.908597424703308398e-01 8.985119146435068815e-01 6.619737112092056730e-01 1.093793869582786016e+00 7.341960499553663588e-01 6.557884306393276796e-01 1.284661724915244996e+00 9.051767268814395750e-01 6.484897103772975235e-01 8.908597424703309509e-01 8.985119146435066595e-01 6.619737112092055620e-01 1.093793869582786016e+00 8.282908956900093544e-01
7.910795417722950029e-01 8.797371324074159116e-01 9.236601466983244135e-01 6.381278872189152240e-01 1.117600490517478340e+00 7.161676029592324300e-01 6.280052719306308262e-01 1.284506895768533052e+00 9.064272693111692369e-01 6.504963305760007586e-01 8.797371324074161336e-01 9.236601466983241915e-01 6.381278872189152240e-01 1.117600490517478340e+00 8.293969036164791087e-01
7.944711305920151290e-01 8.698212075982160174e-01 9.497559923180430852e-01 6.159615412973274973e-01 1.139742992241841169e+00 6.999661776824694925e-01 6.033152769594296583e-01 1.278656286760584848e+00 9.040756067156766607e-01 6.582924195138841750e-01 8.698212075982162395e-01 9.497559923180428632e-01 6.159615412973274973e-01 1.139742992241841169e+00 8.296631781537243677e-01
7.989796666978924433e-01 8.612756688062993549e-01 9.763826161075492838e-01 5.950202346141361121e-01 1.160674130539602888e+00 6.849992195071648027e-01 5.814013125849500918e-01 1.268246137049506173e+00 8.979785699089933848e-01 6.700217398444316963e-01 8.612756688062995769e-01 9.763826161075490617e-01 5.950202346141361121e-01 1.160674130539602888e+00 8.291225903410633924e-01
8.041392574756159872e-01 8.540950643399662923e-01 1.003274777100205739e+00 5.749705859851677037e-01 1.180807766842666418e+00 6.707841502824020141e-01 5.617537462903628986e-01 1.254181607794500275e+00 8.882413996221654173e-01 6.842119788695203431e-01 8.540950643399665143e-01 1.003274777100205517e+00 5.749705859851677037e-01 1.180807766842666418e+00 8.278636671742379827e-01
8.095210901760039324e-01 8.481586414258825979e-01 1.030231195766812213e+00 5.556210186533422357e-01 1.200491637512952625e+00 6.569415438027241816e-01 5.437941554114061882e-01 1.237223892189399654e+00 8.751140426619488100e-01 6.997146445078855637e-01 8.481586414258828199e-01 1.030231195766811991e+00 5.556210186533422357e-01 1.200491637512952625e+00 8.259785346388908156e-01
8.147421334712980912e-01 8.432584097239405052e-01 1.057059791101177426e+00 5.369120727182491448e-01 1.219994572262186106e+00 6.431968153482875428e-01 5.269610296263006477e-01 1.218050536220850244e+00 8.589316819633272537e-01 7.156552512166931557e-01 8.432584097239407273e-01 1.057059791101176982e+00 5.369120727182491448e-01 1.219994572262186106e+00 8.235359610625097027e-01
8.194739022021612085e-01 8.391190464341079513e-01 1.083548403966291263e+00 5.188904286203988026e-01 1.239505661085223087e+00 6.293803806572860760e-01 5.107610938749417295e-01 1.197296688651064311e+00 8.400826869474242731e-01 7.313936025361034154e-01 8.391190464341081734e-01 1.083548403966290818e+00 5.188904286203988026e-01 1.239505661085223087e+00 8.205738151807525638e-01
8.234535628922772243e-01 8.354185550412304151e-01 1.109454538526975398e+00 5.016766394163323373e-01 1.259141236844782741e+00 6.154240676324764792e-01 4.947959690044859138e-01 1.175576682219487301e+00 8.189891957304097359e-01 7.464939564560119090e-01 8.354185550412306371e-01 1.109454538526974954e+00 5.016766394163322262e-01 1.259141236844782741e+00 8.171045480001839501e-01
8.264963726857875725e-01 8.318128393772904472e-01 1.134508382855786701e+00 4.854335641611065566e-01 1.278956980626743345e+00 6.013535154615099465e-01 4.787718078217854112e-01 1.153485322211511566e+00 7.960903671789435476e-01 7.607021103618862856e-01 8.318128393772906692e-01 1.134508382855786257e+00 4.854335641611064456e-01 1.278956980626743345e+00 8.131285683627678118e-01
8.285059270962445988e-01 8.279628028265005879e-01 1.158423412036711397e+00 4.703405407090726076e-01 1.298963671310101375e+00 5.872767845393900288e-01 4.624962089126434805e-01 1.131581907319730185e+00 7.718237913045160603e-01 7.739244764788268949e-01 8.279628028265009210e-01 1.158423412036710953e+00 4.703405407090724966e-01 1.298963671310101375e+00 8.086512746805601948e-01
8.294779490690481483e-01 8.235594479958551206e-01 1.180908784964569191e+00 4.565764390321963573e-01 1.319145137676153379e+00 5.733701227567149505e-01 4.458649759634251142e-01 1.110364186352348570e+00 7.466053821219175157e-01 7.862044041434450570e-01 8.235594479958554537e-01 1.180908784964568747e+00 4.565764390321962463e-01 1.319145137676153379e+00 8.036998453408736864e-01
8.294947946774499092e-01 8.183416634251587940e-01 1.201678436227390900e+00 4.443123630197519658e-01 1.339476351186621450e+00 5.598627559414609545e-01 4.288414081420363066e-01 1.090241617555951281e+00 7.208112985708007292e-01 7.976932297032980346e-01 8.183416634251591271e-01 1.201678436227390456e+00 4.443123630197518548e-01 1.339476351186621450e+00 7.983364338504785884e-01
