3.821465725244037159e+00 4.098863658285953449e+00 2.636780754983412134e+00 5.941310127794988460e+00 4.982307205971866715e+00 3.956595964674277877e+00 3.923938003968440835e+00 3.368100327001688488e+00 6.144695403340299400e+00 1.829612498588211178e+00 1.038619431627000544e+00 3.894105885782547904e+00 4.263223384199909205e+00 6.222052402311571001e-02 2.700455711410214121e+00
3.803228182347409447e+00 4.116208399865036505e+00 2.630462503941165320e+00 5.943809222329686115e+00 4.982112349746595115e+00 3.961968657445006592e+00 3.918215341724817335e+00 3.358078490058151733e+00 6.139664849711256700e+00 1.846407547027355989e+00 1.055964173206084045e+00 3.887787634740301090e+00 4.265722478734606860e+00 6.202566779784400575e-02 2.711249674738104520e+00
3.779067082587507453e+00 4.137722317596745469e+00 2.622520931628990137e+00 5.947304249813271326e+00 4.981996780421638960e+00 3.967331953924545740e+00 3.908968020636532259e+00 3.343818626154369866e+00 6.134857845155089251e+00 1.868701557483363196e+00 1.077478090937793231e+00 3.879846062428125908e+00 4.269217506218192071e+00 6.191009847288778817e-02 2.723563470257567953e+00
3.747715689987412446e+00 4.163946475898545607e+00 2.612867996874877807e+00 5.951918221962333888e+00 4.981858633425850336e+00 3.972337122643194718e+00 3.895202300540693496e+00 3.324345023724528669e+00 6.130354792184482093e+00 1.897631108075887862e+00 1.103702249239593813e+00 3.870193127674013578e+00 4.273831478367254633e+00 6.177195147709958756e-02 2.737676176304907560e+00
3.708529342450306743e+00 4.194798291118968514e+00 2.601766428236798046e+00 5.957595635617650487e+00 4.981498989356492046e+00 3.976493131131515479e+00 3.876239652131457714e+00 3.299156991251408932e+00 6.126081796739584640e+00 1.933715542223073625e+00 1.134554064460016720e+00 3.859091559035934260e+00 4.279508892022571231e+00 6.141230740774131225e-02 2.753824025873242043e+00
3.662422875536010203e+00 4.228994578012210681e+00 2.590029018759700374e+00 5.963977368295572568e+00 4.980644280158208481e+00 3.979282254297923149e+00 3.852377008781028067e+00 3.268950219431999038e+00 6.121716983164285253e+00 1.975983541288210743e+00 1.168750351353258665e+00 3.847354149558836589e+00 4.285890624700493312e+00 6.055759820945803146e-02 2.771999349532371593e+00
3.612639538591419619e+00 4.263813688989102957e+00 2.578945310290321036e+00 5.970412965042899422e+00 4.979091013132491916e+00 3.980444117676487537e+00 3.825521200287500090e+00 3.236193708070680852e+00 6.116757212872133920e+00 2.021292809619685826e+00 1.203569462330150275e+00 3.836270441089457250e+00 4.292326221447820167e+00 5.900433118374170949e-02 2.791635527938125527e+00
3.564134338555611681e+00 4.295936325731585903e+00 2.569692091648520194e+00 5.976258075932489255e+00 4.976938270158697719e+00 3.980242668039428722e+00 3.798913093137915808e+00 3.204618637082308208e+00 6.110857143047158324e+00 2.064975035424375438e+00 1.235692099072632999e+00 3.827017222447656408e+00 4.298171332337410000e+00 5.685158820994760248e-02 2.811460133829594810e+00
3.521287647306963642e+00 4.323084300327873386e+00 2.562649202244215552e+00 5.981243988313899251e+00 4.974634125657076744e+00 3.979339693580242532e+00 3.775578785862204523e+00 3.177434925118832965e+00 6.104158766099370581e+00 2.103006705468796422e+00 1.262840073668920038e+00 3.819974333043351766e+00 4.303157244718819996e+00 5.454744370832687733e-02 2.829915736484881261e+00
3.486057251150866065e+00 4.344802570921572737e+00 2.557420102280998364e+00 5.985482324982350555e+00 4.972683170523678697e+00 3.978343168086354797e+00 3.756930515285730188e+00 3.155945037931812358e+00 6.097181947755545117e+00 2.133694643078148712e+00 1.284558344262619833e+00 3.814745233080134579e+00 4.307395581387271299e+00 5.259648857492866397e-02 2.845901420328312170e+00
3.458198833271721284e+00 4.361831595885623969e+00 2.553389709178753186e+00 5.989190072364735329e+00 4.971356085345508546e+00 3.977554211826262343e+00 3.742827699530484775e+00 3.139783127399432772e+00 6.090451375794362576e+00 2.157408508664777180e+00 1.301587369226671509e+00 3.810714839977889401e+00 4.311103328769656073e+00 5.126940339675846448e-02 2.859080380623735262e+00
3.436476777269181770e+00 4.375214923667675393e+00 2.550094196123287027e+00 5.992518065628432922e+00 4.970670807904833843e+00 3.977032907564114428e+00 3.732422513309775702e+00 3.127887895467899693e+00 6.084290778911332076e+00 2.175416793276777838e+00 1.314970697008722933e+00 3.807419326922423242e+00 4.314431322033353666e+00 5.058412595608333118e-02 2.869655672551016057e+00
3.419529869222597718e+00 4.385861269382219874e+00 2.547268000946365074e+00 5.995539837378944803e+00 4.970513472777461139e+00 3.976736983908916390e+00 3.724788387393151101e+00 3.119168483621193921e+00 6.078828693439603192e+00 2.189069852658593440e+00 1.325617042723267636e+00 3.804593131745500845e+00 4.317453093783865548e+00 5.042679082871092539e-02 2.878046152933005697e+00
3.406205569478919948e+00 4.394454928126521942e+00 2.544775727232037710e+00 5.998287399693476019e+00 4.970738384079449013e+00 3.976603100516964862e+00 3.719160447396152147e+00 3.112742184627258268e+00 6.074071764559689335e+00 2.199490899064528548e+00 1.334210701467569926e+00 3.802100858031173480e+00 4.320200656098396763e+00 5.065170213069863925e-02 2.884690883710686382e+00
3.395615957813927110e+00 4.401489266813594092e+00 2.542549259038027643e+00 6.000777790508626808e+00 4.971215025661887665e+00 3.976576383976589302e+00 3.714969529431178863e+00 3.107957188727885622e+00 6.069966769074103929e+00 2.207531229771277026e+00 1.341245040154642520e+00 3.799874389837163413e+00 4.322691046913547552e+00 5.112834371313755566e-02 2.889971669996143966e+00
3.387100635405601246e+00 4.407318811777797940e+00 2.540551297877206682e+00 6.003025215173839690e+00 4.971841772852743979e+00 3.976616363770953289e+00 3.711809174453248872e+00 3.104349338040965023e+00 6.066437982277292917e+00 2.213812720589579452e+00 1.347074585118846590e+00 3.797876428676342453e+00 4.324938471578760435e+00 5.175509090399380702e-02 2.894195867889171048e+00
3.380173314982852339e+00 4.412201515718653155e+00 2.538757611872069386e+00 6.005044981103631940e+00 4.972545216366758503e+00 3.976695240053703895e+00 3.709393150821985063e+00 3.101592016007707731e+00 6.063406444609686474e+00 2.218784161965168700e+00 1.351957289059699141e+00 3.796082742671200272e+00 4.326958237508582883e+00 5.245853441800334138e-02 2.897602361735132970e+00
3.374475384314391757e+00 4.416328426273746999e+00 2.537149237038158756e+00 6.006853976032352271e+00 4.973274943896554667e+00 3.976794649020897410e+00 3.707520155338319245e+00 3.099455483883240881e+00 6.060798721996350835e+00 2.222769293123695977e+00 1.356084199614793206e+00 3.794474367837289641e+00 4.328767232437303214e+00 5.318826194779938121e-02 2.900373909615745038e+00
3.369740556241691110e+00 4.419843684931487715e+00 2.535709373655502308e+00 6.008470029222433340e+00 4.973997821632054617e+00 3.976902794329766344e+00 3.706047925613796146e+00 3.097777299051182265e+00 6.058550162110302395e+00 2.226002915712650854e+00 1.359599458272534367e+00 3.793034504454633193e+00 4.330383285627384282e+00 5.391113968329967060e-02 2.902649504109267031e+00
3.365769222744130929e+00 4.422857961720858100e+00 2.534422329471065272e+00 6.009911104761139100e+00 4.974693119458576618e+00 3.977012303529863679e+00 3.704875125509135891e+00 3.096441673336016276e+00 6.056605466513434344e+00 2.228656770800929721e+00 1.362613735061904974e+00 3.791747460270196157e+00 4.331824361166090043e+00 5.460643750982194233e-02 2.904534803800274734e+00
3.362410161117764140e+00 4.425457584726355087e+00 2.533273278547112817e+00 6.011194643787383107e+00 4.975348743373318783e+00 3.977118729599177893e+00 3.703928885167188767e+00 3.095365284883267343e+00 6.054918065150304507e+00 2.230857742432358126e+00 1.365213358067401517e+00 3.790598409346243702e+00 4.333107900192334050e+00 5.526206142456391995e-02 2.906110352937465890e+00
3.359547527652028354e+00 4.427710852216897308e+00 2.532248295491424273e+00 6.012337119265881213e+00 4.975958464492602928e+00 3.977219534673856138e+00 3.703156263313542862e+00 3.094487555192543926e+00 6.053449043703860610e+00 2.232700598999156405e+00 1.367466625557943960e+00 3.789573426290555158e+00 4.334250375670832156e+00 5.587178254384848886e-02 2.907437852533455658e+00
3.357091581995946594e+00 4.429672480089831055e+00 2.531334444312854703e+00 6.013353778919433346e+00 4.976519939928218506e+00 3.977313411015985789e+00 3.702518382369633709e+00 3.093763967208718491e+00 6.052165985322628394e+00 2.234256925521389103e+00 1.369428253430877707e+00 3.788659575111985589e+00 4.335267035324384288e+00 5.643325797946420475e-02 2.908564868964901518e+00
3.354972031090211804e+00 4.431386794233652893e+00 2.530519842988632639e+00 6.014258530075781373e+00 4.977033327197311507e+00 3.977399831039843292e+00 3.701986376913545485e+00 3.093161446957854110e+00 6.051041887860783675e+00 2.235581417017954209e+00 1.371142567574699767e+00 3.787844973787763969e+00 4.336171786480732315e+00 5.694664524855701931e-02 2.909528342410475421e+00
3.353133215950526491e+00 4.432890062254017494e+00 2.529793684536986831e+00 6.015063922235611038e+00 4.977500329431307158e+00 3.977478750857160961e+00 3.701538574823970418e+00 3.092655148508299146e+00 6.050054217236329634e+00 2.236716343068984703e+00 1.372645835595064145e+00 3.787118815336118161e+00 4.336977178640561981e+00 5.741364748255294720e-02 2.910357193248516161e+00
3.351530601597899395e+00 4.434212223989702828e+00 2.529146218166788085e+00 6.015781192101637309e+00 4.977923547103546120e+00 3.977550416092587415e+00 3.701158520672399366e+00 3.092226198185618280e+00 6.049184109047939906e+00 2.237694740007695859e+00 1.373967997330749258e+00 3.786471348965919415e+00 4.337694448506589140e+00 5.783686515479150719e-02 2.911074258078825139e+00
3.350128194740859655e+00 4.435378194575596567e+00 2.528568700873003117e+00 6.016420345256078939e+00 4.978306044858552326e+00 3.977615235634235802e+00 3.700833578410132496e+00 3.091860098828046688e+00 6.048415708904781418e+00 2.238542712684381986e+00 1.375133967916643218e+00 3.785893831672134002e+00 4.338333601661030769e+00 5.821936290979835837e-02 2.911697730304728893e+00
3.348896626938010712e+00 4.436408858586266213e+00 2.528053330196287529e+00 6.016990256597268605e+00 4.978651067661893137e+00 3.977673700428701498e+00 3.700553935402528971e+00 3.091545591515972191e+00 6.047735633712942871e+00 2.239281108777210427e+00 1.376164631927312643e+00 3.785378460995417971e+00 4.338903513002220436e+00 5.856438571313889868e-02 2.912242235367780818e+00
3.347811718878347609e+00 4.437321837561484017e+00 2.527593166991987328e+00 6.017498777678821575e+00 4.978961859600055995e+00 3.977726332080102623e+00 3.700311886624715108e+00 3.091273836782288509e+00 6.047132534475905707e+00 2.239926747638742555e+00 1.377077610902530225e+00 3.784918297791117325e+00 4.339412034083773406e+00 5.887517765130206859e-02 2.912719636584348848e+00
3.346853395284203447e+00 4.438132089011221026e+00 2.527182054740694461e+00 6.017952843447121225e+00 4.979241552545945915e+00 3.977773651104762997e+00 3.700101315909877009e+00 3.091037820646923784e+00 6.046596742413336223e+00 2.240493330406093886e+00 1.377887862352267456e+00 3.784507185539824459e+00 4.339866099852073944e+00 5.915487059719217594e-02 2.913139642055821987e+00
