1.000000000000000000e+00 1.000000000000000000e+00 1.000000000000000000e+00 1.000000000000000000e+00 1.000000000000000000e+00 1.000000000000000000e+00 1.000000000000000000e+00 1.000000000000000000e+00 1.000000000000000000e+00 1.000000000000000000e+00 1.000000000000000000e+00 1.000000000000000000e+00 1.000000000000000000e+00 1.000000000000000000e+00 1.000000000000000000e+00
9.673163816132078763e-01 9.681182390757128164e-01 9.706479647081337481e-01 9.695028877000571033e-01 9.662818487281946700e-01 1.003347764843024015e+00 9.687854592907230167e-01 1.006071437565395632e+00 9.915451730650894913e-01 9.686721089650687233e-01 9.681182390757128164e-01 9.706479647081337481e-01 9.695028877000571033e-01 9.662818487281946700e-01 9.673163816132078763e-01
9.369960946978447280e-01 9.349996070732845554e-01 9.432366064954704754e-01 9.401872324982064599e-01 9.341404954276687489e-01 9.980520792677674002e-01 9.294579623830527826e-01 1.013473612926036438e+00 9.851537389457861726e-01 9.294292816824318848e-01 9.349996070732845554e-01 9.432366064954704754e-01 9.401872324982064599e-01 9.341404954276687489e-01 9.387898725643916142e-01
9.111697067373284442e-01 9.042896811324808715e-01 9.228784848168414268e-01 9.136350291690839009e-01 9.086417459360222049e-01 9.845655798209339560e-01 8.877573413607717789e-01 1.023700915210893569e+00 9.794969692718319410e-01 8.856912356070796299e-01 9.042896811324808715e-01 9.228784848168414268e-01 9.136350291690839009e-01 9.086417459360222049e-01 9.169723172106538644e-01
8.907012335181807572e-01 8.792637107964311749e-01 9.126650040217805238e-01 8.907000265163659281e-01 8.925235034487242203e-01 9.656409800815670685e-01 8.482986630901967473e-01 1.037559692131128086e+00 9.741956601503796165e-01 8.416521519706090526e-01 8.792637107964310639e-01 9.126650040217805238e-01 8.907000265163659281e-01 8.925235034487242203e-01 9.027270293348597097e-01
8.749885249557940448e-01 8.607845047246386327e-01 9.123864032348559805e-01 8.711328862777458770e-01 8.853166326774046802e-01 9.440028140647152011e-01 8.124628387510903771e-01 1.054550265408220833e+00 9.696653255293848916e-01 7.999389254303047592e-01 8.607845047246385217e-01 9.123864032348559805e-01 8.711328862777458770e-01 8.853166326774046802e-01 8.951380032281789356e-01
8.627213014386074796e-01 8.479165865195172902e-01 9.200448872042182868e-01 8.539551936100823193e-01 8.849639558958436458e-01 9.209533959780588086e-01 7.794894982769143832e-01 1.073434193901392941e+00 9.665065645498768232e-01 7.613361049854978635e-01 8.479165865195171792e-01 9.200448872042182868e-01 8.539551936100823193e-01 8.849639558958436458e-01 8.925084554827293903e-01
8.526292644776716223e-01 8.394065955268661394e-01 9.335412676481650296e-01 8.380146944158751721e-01 8.894102305750697379e-01 8.967346710048238467e-01 7.482411642121071793e-01 1.092942630180258945e+00 9.651654669923624974e-01 7.257759132776525623e-01 8.394065955268660284e-01 9.335412676481650296e-01 8.380146944158751721e-01 8.894102305750696269e-01 8.932107565148873496e-01
8.437637759068697951e-01 8.343841834710151728e-01 9.512669911995320637e-01 8.222600222230498357e-01 8.971162209263644494e-01 8.712130001572185867e-01 7.180206692194301965e-01 1.112010393978833278e+00 9.658784092872373384e-01 6.930576597323353516e-01 8.343841834710150618e-01 9.512669911995320637e-01 8.222600222230498357e-01 8.971162209263643383e-01 8.959524752101252210e-01
8.354999611742687238e-01 8.324249888955347343e-01 9.720824922314326155e-01 8.058033588507815814e-01 9.070073207321399655e-01 8.442705444222028399e-01 6.887200112351918868e-01 1.129733610156541168e+00 9.686994827800946561e-01 6.630891240128731212e-01 8.324249888955346233e-01 9.720824922314325045e-01 8.058033588507815814e-01 9.070073207321398545e-01 8.997439559608200188e-01
8.274618174626617861e-01 8.334028235218460257e-01 9.951565237490310745e-01 7.879248083505774325e-01 9.183076597284502984e-01 8.159764178392898692e-01 6.607400951186658267e-01 1.145273597690010359e+00 9.735244881587041821e-01 6.358967403346482694e-01 8.334028235218459146e-01 9.951565237490309634e-01 7.879248083505774325e-01 9.183076597284501874e-01 9.038108926618223515e-01
8.194469561398516344e-01 8.373190092605736767e-01 1.019822830216474463e+00 7.680864145023456047e-01 9.304063391580432718e-01 7.866516360835122956e-01 6.348457700769210010e-01 1.157792490153850773e+00 9.801060064183774179e-01 6.115566075964123938e-01 8.373190092605735657e-01 1.019822830216474241e+00 7.680864145023456047e-01 9.304063391580431608e-01 9.075355328556000689e-01
8.113667302386926572e-01 8.441629116750816175e-01 1.045480137194489068e+00 7.459633849142387474e-01 9.427803038096060906e-01 7.568659232960588401e-01 6.119895418381738894e-01 1.166448501186096776e+00 9.880767457157562106e-01 5.901027152444141555e-01 8.441629116750815065e-01 1.045480137194488846e+00 7.459633849142387474e-01 9.427803038096059796e-01 9.104388773349048058e-01
8.032006161024582980e-01 8.538202316737474318e-01 1.071533399792000463e+00 7.214728920768066489e-01 9.549695546962754245e-01 7.273679489583491087e-01 5.931126220408418082e-01 1.170458417270665352e+00 9.969949059285756476e-01 5.714397936179217430e-01 8.538202316737473208e-01 1.071533399792000241e+00 7.214728920768066489e-01 9.549695546962753134e-01 9.121928918417032683e-01
7.949617124735209872e-01 8.660359684011010861e-01 1.097371302032556395e+00 6.947763969987732491e-01 9.665926237711082170e-01 6.989545659660452159e-01 5.789457298809134178e-01 1.169213815983419336e+00 1.006409033519367391e+00 5.552884172014613817e-01 8.660359684011009751e-01 1.097371302032556173e+00 6.947763969987732491e-01 9.665926237711081059e-01 9.126427823483534985e-01
7.866720697998623724e-01 8.804287030689882387e-01 1.122373432932440851e+00 6.662454372292430094e-01 9.773825221188129353e-01 6.723103506548706587e-01 5.698500429307624682e-01 1.162411832256132982e+00 1.015922312554617069e+00 5.411881548566660483e-01 8.804287030689881277e-01 1.122373432932440629e+00 6.662454372292430094e-01 9.773825221188128243e-01 9.118173683202785984e-01
7.783485227846643761e-01 8.965398551756236234e-01 1.145938824319763238e+00 6.364008977380486431e-01 9.872176965222448919e-01 6.478701518254528224e-01 5.657397632507087382e-01 1.150146720058665917e+00 1.025231878157344845e+00 5.285654295323726215e-01 8.965398551756234014e-01 1.145938824319763016e+00 6.364008977380486431e-01 9.872176965222447809e-01 9.099116551745601855e-01
7.699997907209177317e-01 9.138946759952151222e-01 1.167528118855494901e+00 6.058442274777953163e-01 9.961264080588010383e-01 6.257521596282198395e-01 5.661054954465202238e-01 1.132919494729851539e+00 1.034132855257076766e+00 5.168424118034996573e-01 9.138946759952149002e-01 1.167528118855494679e+00 6.058442274777953163e-01 9.961264080588008163e-01 9.072386063535589074e-01
7.616331386602297471e-01 9.320555345659335966e-01 1.186712246932087877e+00 5.751915532008249343e-01 1.004257239093008902e+00 6.057778308414085711e-01 5.701243102867550316e-01 1.111555639507875393e+00 1.042497490219849388e+00 5.055429369391313266e-01 9.320555345659333746e-01 1.186712246932087655e+00 5.751915532008249343e-01 1.004257239093008680e+00 9.041607961774509317e-01
7.532653892515102090e-01 9.506571498636186002e-01 1.203217108651443379e+00 5.450122935070523811e-01 1.011825123978791430e+00 5.875593631180177079e-01 5.768165283073486416e-01 1.087056916844618915e+00 1.050249410862188038e+00 4.943562645712492043e-01 9.506571498636183781e-01 1.203217108651443157e+00 5.450122935070523811e-01 1.011825123978791208e+00 9.010205817649205029e-01
