1.000000000000000000e+00 1.000000000000000000e+00 1.000000000000000000e+00 1.000000000000000000e+00 1.000000000000000000e+00 1.000000000000000000e+00 1.000000000000000000e+00 1.000000000000000000e+00 1.000000000000000000e+00 1.000000000000000000e+00 1.000000000000000000e+00 1.000000000000000000e+00 1.000000000000000000e+00 1.000000000000000000e+00 1.000000000000000000e+00
8.856073356462277335e-01 9.494228801196595846e-01 8.947033271908397811e-01 8.935582501827632473e-01 9.475864897721414382e-01 9.562403830795940252e-01 9.110092197654808821e-01 1.054253062627191539e+00 9.337689335398473567e-01 9.215647272016387337e-01 9.494228801196595846e-01 8.947033271908397811e-01 8.935582501827632473e-01 9.475864897721414382e-01 8.856073356462276225e-01
8.175166625879590754e-01 9.271734096253265722e-01 8.309696067004757047e-01 8.156542627548430957e-01 9.416186015147761657e-01 8.901855548766000048e-01 8.308550880302617569e-01 1.127235505557272033e+00 8.911536282046809143e-01 8.219621751252392805e-01 9.271734096253266832e-01 8.309696067004757047e-01 8.156542627548430957e-01 9.416186015147761657e-01 8.230710623226819012e-01
8.031840375969663270e-01 9.321767808707333014e-01 8.257131348357480416e-01 7.756926889226802846e-01 9.801495053420032910e-01 8.378832356999476039e-01 7.889811101561160500e-01 1.197067196427930469e+00 8.827102056834629229e-01 7.472123489656852247e-01 9.321767808707334124e-01 8.257131348357481526e-01 7.756926889226803956e-01 9.801495053420034020e-01 8.180251078377843710e-01
7.954078004173803507e-01 9.277647785426207383e-01 8.351823208246759167e-01 7.413734821149400300e-01 1.016265194990475074e+00 8.006204333441934162e-01 7.526263106032076156e-01 1.242370925287985983e+00 8.853967639642963405e-01 6.985735543007913773e-01 9.277647785426208493e-01 8.351823208246760277e-01 7.413734821149400300e-01 1.016265194990475074e+00 8.191894976242167781e-01
7.903783914046738079e-01 9.171485836186840102e-01 8.518808039007409461e-01 7.100542976674109052e-01 1.047738988780872349e+00 7.725099794780158069e-01 7.179146560248030884e-01 1.268972109325763320e+00 8.914152795198940771e-01 6.699462638936580783e-01 9.171485836186841212e-01 8.518808039007410571e-01 7.100542976674109052e-01 1.047738988780872349e+00 8.210562570221368039e-01
7.883268615809487789e-01 9.045234776447056424e-01 8.731595008975542305e-01 6.819977876596284849e-01 1.075944476018180218e+00 7.499766924365626197e-01 6.853961680967893821e-01 1.282933925079888793e+00 8.972783759756787214e-01 6.559139748957618643e-01 9.045234776447057534e-01 8.731595008975543415e-01 6.819977876596284849e-01 1.075944476018180218e+00 8.231426850490803915e-01
7.888166167345715962e-01 8.917700540131471287e-01 8.971168207046689158e-01 6.567954407260607752e-01 1.101553321222219939e+00 7.310869828959335459e-01 6.555746206871344572e-01 1.287821161910197132e+00 9.009319586148398784e-01 6.524059363850008841e-01 8.917700540131471287e-01 8.971168207046690268e-01 6.567954407260607752e-01 1.101553321222219939e+00 8.248816371910002720e-01
7.913288077036358947e-01 8.797914948528564594e-01 9.225829273567539568e-01 6.338862034666166156e-01 1.125128421482510799e+00 7.146698204294321677e-01 6.286971761009898518e-01 1.285901782151816830e+00 9.013130090799174043e-01 6.563952397114697357e-01 8.797914948528565704e-01 9.225829273567540678e-01 6.338862034666166156e-01 1.125128421482510799e+00 8.259961474045789398e-01
7.953301204318151685e-01 8.689787899266199211e-01 9.488482594863921760e-01 6.127073188137841520e-01 1.147182667078405771e+00 6.999254292283241252e-01 6.046593026429222251e-01 1.278723043723491770e+00 8.979716385563578651e-01 6.655787788213743950e-01 8.689787899266200322e-01 9.488482594863922870e-01 6.127073188137842630e-01 1.147182667078405771e+00 8.264031411878591804e-01
8.003166945432667045e-01 8.594486475987106466e-01 9.754796312252164148e-01 5.928000073938621828e-01 1.168184853052554262e+00 6.862580628206135236e-01 5.830921182823144422e-01 1.267424876915416831e+00 8.908340121951808799e-01 6.781822920998181736e-01 8.594486475987107577e-01 9.754796312252165258e-01 5.928000073938621828e-01 1.168184853052554262e+00 8.261338155194326571e-01
8.058304263893587560e-01 8.511540696556865182e-01 1.002190279454490796e+00 5.738527142945624160e-01 1.188539958001239683e+00 6.732154614138177173e-01 5.634844083623560262e-01 1.252902717351148221e+00 8.800477522641896311e-01 6.928419783209331939e-01 8.511540696556865182e-01 1.002190279454490796e+00 5.738527142945625270e-01 1.188539958001239683e+00 8.252641169255640063e-01
8.114659632188636618e-01 8.439385281899768332e-01 1.028754763981542641e+00 5.557040261534822445e-01 1.208574404206699926e+00 6.604683268745782376e-01 5.452854916178341282e-01 1.235903410634887845e+00 8.658889099377098386e-01 7.085235694699043574e-01 8.439385281899768332e-01 1.028754763981542641e+00 5.557040261534824666e-01 1.208574404206699926e+00 8.238706409688749677e-01
8.168753277834598370e-01 8.375661053185422533e-01 1.054957215830265582e+00 5.383222750309596405e-01 1.228532067789798177e+00 6.478017633786251617e-01 5.279748129302442861e-01 1.217087261583017721e+00 8.487102169610839519e-01 7.244627353280681525e-01 8.375661053185422533e-01 1.054957215830265804e+00 5.383222750309598625e-01 1.228532067789798177e+00 8.220097305432583212e-01
8.217740626273456472e-01 8.317438581432836653e-01 1.080563836926751398e+00 5.217748093653465924e-01 1.248579216437162298e+00 6.351087394301550004e-01 5.111028477768175815e-01 1.197066380043479539e+00 8.289126609802308643e-01 7.401210348966762442e-01 8.317438581432836653e-01 1.080563836926751620e+00 5.217748093653468144e-01 1.248579216437162298e+00 8.197138145195120851e-01
8.259496989511063703e-01 8.261439135175583370e-01 1.105312483348633190e+00 5.061955581770907209e-01 1.268815425306942357e+00 6.223825108561121811e-01 4.943114204295671055e-01 1.176421574108688972e+00 8.069268788547039328e-01 7.551534165752665784e-01 8.261439135175583370e-01 1.105312483348633412e+00 5.061955581770909429e-01 1.268815425306942357e+00 8.169991686055868563e-01
8.292706430746327184e-01 8.204272539719551505e-01 1.128913336893407893e+00 4.917565224265372792e-01 1.289288485767744019e+00 6.097070198980037992e-01 4.773394076811086073e-01 1.155699870340763935e+00 7.831963947632469836e-01 7.693823440401834635e-01 8.204272539719551505e-01 1.128913336893408115e+00 4.917565224265375012e-01 1.289288485767744019e+00 8.138803527782637603e-01
8.316919290090636352e-01 8.142672685159568768e-01 1.151055160317623560e+00 4.786467009626259594e-01 1.310011940145041187e+00 5.972451841205884682e-01 4.600173073085325748e-01 1.135397512010077214e+00 7.581600332562504763e-01 7.827732033755552266e-01 8.142672685159568768e-01 1.151055160317623782e+00 4.786467009626262370e-01 1.310011940145041187e+00 8.103872028838001729e-01
8.332543795432126865e-01 8.073690729162078528e-01 1.171412134319149478e+00 4.670599151974358931e-01 1.330983715765051922e+00 5.852258900421597465e-01 4.422531965708146884e-01 1.115935935177316152e+00 7.322350242996662484e-01 7.954068026224565546e-01 8.073690729162078528e-01 1.171412134319149700e+00 4.670599151974362262e-01 1.330983715765051922e+00 8.065806400407647958e-01
8.340755188233658357e-01 7.994808017720566040e-01 1.189647495982397718e+00 4.571908378435628473e-01 1.352203978976168619e+00 5.739312702792769283e-01 4.240130597831777703e-01 1.097638688570472532e+00 7.058046564774065335e-01 8.074471699186159812e-01 7.994808017720567150e-01 1.189647495982397940e+00 4.571908378435631803e-01 1.352203978976168619e+00 8.025643519508098844e-01
