1.000000000000000000e+00 1.000000000000000000e+00 1.000000000000000000e+00 1.000000000000000000e+00 1.000000000000000000e+00 1.000000000000000000e+00 1.000000000000000000e+00 1.000000000000000000e+00 1.000000000000000000e+00 1.000000000000000000e+00 1.000000000000000000e+00 1.000000000000000000e+00 1.000000000000000000e+00 1.000000000000000000e+00 1.000000000000000000e+00
8.725338882915109062e-01 9.464316226866911208e-01 8.825521851880727686e-01 8.814071081799962348e-01 9.445952323391728633e-01 9.487032019974452890e-01 9.017650214414422161e-01 1.061962122637078787e+00 9.245247352158085796e-01 9.140275461194899975e-01 9.464316226866911208e-01 8.825521851880726576e-01 8.814071081799961238e-01 9.445952323391728633e-01 8.725338882915107952e-01
8.064791814431555572e-01 9.314553911732702529e-01 8.195244721010741529e-01 8.016840077516895757e-01 9.487738302378372346e-01 8.746088753040148767e-01 8.211097574362098417e-01 1.146033761690165687e+00 8.802943227813107008e-01 8.071465875329277839e-01 9.314553911732702529e-01 8.195244721010740419e-01 8.016840077516894647e-01 9.487738302378372346e-01 8.124870482321302489e-01
7.989416659977781610e-01 9.417470310746138829e-01 8.198939691233807503e-01 7.647958811262022261e-01 9.957850576261290110e-01 8.216023234959957122e-01 7.837902718866999185e-01 1.219458279828759650e+00 8.758446400203929727e-01 7.342160007344533668e-01 9.417470310746138829e-01 8.198939691233806393e-01 7.647958811262021150e-01 9.957850576261290110e-01 8.140419652495659575e-01
7.907926012446028219e-01 9.340745255464830699e-01 8.297420828732124942e-01 7.293273832694593395e-01 1.031082570584758384e+00 7.869793639451468925e-01 7.478141779867422123e-01 1.259620609864143592e+00 8.791033675780859369e-01 6.911525412750999520e-01 9.340745255464830699e-01 8.297420828732124942e-01 7.293273832694592285e-01 1.031082570584758384e+00 8.136760494453835202e-01
7.871611869714608689e-01 9.215305425364033187e-01 8.478498881639366935e-01 6.989741539882022847e-01 1.062094627049802176e+00 7.621193251462899942e-01 7.149487201500659417e-01 1.281233862763371256e+00 8.853108597455716655e-01 6.688091753578255805e-01 9.215305425364033187e-01 8.478498881639366935e-01 6.989741539882021737e-01 1.062094627049802176e+00 8.153361133231474822e-01
7.865316077683071061e-01 9.071211979158549932e-01 8.702184554662999449e-01 6.723751837736775538e-01 1.089528663486030835e+00 7.429741450193970698e-01 6.844540103452001478e-01 1.290589570211281067e+00 8.904762182257761616e-01 6.602834460776562109e-01 9.071211979158548822e-01 8.702184554662999449e-01 6.723751837736774428e-01 1.089528663486030835e+00 8.171715061566168226e-01
7.884026812999720413e-01 8.927817545198449833e-01 8.949849893156720526e-01 6.488968970915295342e-01 1.114532305138064894e+00 7.272561879208609970e-01 6.565636831787540206e-01 1.291740476897527579e+00 8.928976420370964284e-01 6.610332537188002844e-01 8.927817545198448723e-01 8.949849893156720526e-01 6.488968970915294232e-01 1.114532305138064894e+00 8.188748984249538676e-01
7.920750586122600190e-01 8.792300703284710028e-01 9.209244888982751620e-01 6.277599229834851524e-01 1.137765908143299365e+00 7.136827046947911146e-01 6.312132362996492052e-01 1.286989186198549184e+00 8.917308668384310577e-01 6.680092696095643046e-01 8.792300703284708918e-01 9.209244888982751620e-01 6.277599229834850414e-01 1.137765908143299365e+00 8.201587714956608544e-01
7.969839249983787788e-01 8.667563915324792978e-01 9.473263160156333296e-01 6.083762758478657995e-01 1.159797769469628648e+00 7.014400220768542971e-01 6.081671334432350307e-01 1.277867341714757909e+00 8.867014179504066895e-01 6.790701218727350774e-01 8.667563915324792978e-01 9.473263160156333296e-01 6.083762758478656885e-01 1.159797769469628648e+00 8.209633747495468370e-01
8.026347575709408266e-01 8.553853238854339791e-01 9.737363523380173636e-01 5.903255414250812017e-01 1.181083456247012053e+00 6.899926348078595506e-01 5.870306030839596012e-01 1.265459552741009519e+00 8.778395540627109694e-01 6.926685337130125131e-01 8.553853238854339791e-01 9.737363523380173636e-01 5.903255414250810906e-01 1.181083456247012053e+00 8.213062713731704712e-01
8.086122196431444475e-01 8.449949251297986796e-01 9.998353664883615766e-01 5.733633038696025475e-01 1.201988704022867172e+00 6.789879310842862337e-01 5.673375594068107430e-01 1.250603549849827356e+00 8.653555604036892168e-01 7.076752112252160387e-01 8.449949251297986796e-01 9.998353664883616876e-01 5.733633038696024364e-01 1.201988704022867172e+00 8.212421375284277847e-01
8.145725408131073708e-01 8.353670196592974939e-01 1.025356081752589299e+00 5.573944187165483788e-01 1.222792384371483632e+00 6.682152230450958408e-01 5.486154115558218303e-01 1.233991912696013049e+00 8.495656698322887612e-01 7.232731856222820443e-01 8.353670196592974939e-01 1.025356081752589299e+00 5.573944187165482678e-01 1.222792384371483632e+00 8.208283769395592344e-01
8.202429136726705483e-01 8.262197294851050255e-01 1.050035904420571153e+00 5.424412709719880210e-01 1.243695675372452403e+00 6.575838480262684582e-01 5.304314503780548362e-01 1.216231562044674419e+00 8.308529146305766444e-01 7.388894261241750749e-01 8.262197294851050255e-01 1.050035904420571153e+00 5.424412709719879100e-01 1.243695675372452403e+00 8.201137492996839473e-01
8.254235795380807650e-01 8.172315540783211540e-01 1.073590737563673514e+00 5.286107147619290014e-01 1.264834448981790205e+00 6.471095647069695644e-01 5.124202555295048755e-01 1.197873376902909737e+00 8.096441514701300246e-01 7.541479838719129525e-01 8.172315540783211540e-01 1.073590737563673514e+00 5.286107147619288904e-01 1.264834448981790205e+00 8.191397197188019508e-01
8.299918421039400585e-01 8.080633115021795820e-01 1.095702761553973392e+00 5.160653961570684789e-01 1.286295095637492114e+00 6.369037386417695235e-01 4.942969138992070466e-01 1.179419730714917680e+00 7.863938486737847011e-01 7.688349550123469989e-01 8.080633115021795820e-01 1.095702761553973392e+00 5.160653961570683679e-01 1.286295095637492114e+00 8.179506811724851501e-01
8.339048102916714056e-01 7.983783922173638414e-01 1.116016255817711134e+00 5.050019082125911662e-01 1.308132730730138915e+00 6.271631177005168034e-01 4.758592623456257553e-01 1.161315498472811791e+00 7.615703303017209436e-01 7.828679409483094709e-01 7.983783922173638414e-01 1.116016255817711134e+00 5.050019082125910552e-01 1.308132730730138915e+00 8.166084974448362122e-01
8.371977124918589253e-01 7.878595666744527826e-01 1.134137110128651260e+00 4.956365209581887754e-01 1.330390671292230875e+00 6.181594441203684953e-01 4.569817726047624151e-01 1.143929013537709594e+00 7.356447695650984997e-01 7.962644465641663949e-01 7.878595666744527826e-01 1.134137110128651482e+00 4.956365209581887199e-01 1.330390671292230875e+00 8.152073261990019359e-01
8.399756378075311503e-01 7.762202013241460419e-01 1.149633273832746605e+00 4.881972349861263272e-01 1.353119669119339452e+00 6.102290060740219735e-01 4.376038820369298477e-01 1.127529665976701345e+00 7.090861154062376714e-01 8.091057817263892504e-01 7.762202013241460419e-01 1.149633273832746827e+00 4.881972349861262717e-01 1.353119669119339452e+00 8.138849752308983110e-01
8.423983855155950939e-01 7.632092780017089018e-01 1.162035761065892681e+00 4.829190398746416313e-01 1.376395219233677691e+00 6.037622469361134669e-01 4.177163077523391999e-01 1.112267479529848391e+00 6.823661701709481386e-01 8.214952221810650768e-01 7.632092780017089018e-01 1.162035761065892903e+00 4.829190398746415203e-01 1.376395219233677691e+00 8.128276341448318343e-01
