5.136355189079989891e+00 3.228050913429828306e+00 5.710564935745283677e+00 4.327284975220848651e+00 4.376366062267843304e+00 2.075562748642150179e+00 3.064679801900000111e+00 4.735383992812209342e-01 1.463052410505883749e+00 6.275140508980888043e+00 3.905149960102633155e+00 7.391302311158259863e-01 4.283613665366221568e+00 5.457808875659007519e+00 1.223119548901251408e+00
5.216876349657151302e+00 3.206765538270182070e+00 5.730298546600776533e+00 4.361056561013442412e+00 4.426020910552150411e+00 2.120252966957421936e+00 3.154452847752569067e+00 5.585967381636604001e-01 1.388190654530363943e+00 6.332432252416108298e+00 3.883864584942986475e+00 7.588638419713182870e-01 4.317385251158816217e+00 5.507463723943314626e+00 1.272322015828967423e+00
5.294931858308066452e+00 3.192274408064140090e+00 5.745004920650174540e+00 4.392816394343440400e+00 4.477099673034723004e+00 2.176045818286110212e+00 3.252744366288453204e+00 6.514066221310792493e-01 1.304389283526569798e+00 6.394486196207678219e+00 3.869373454736944939e+00 7.735702160207161837e-01 4.349145084488814206e+00 5.558542486425887219e+00 1.326331094636411301e+00
5.339120098882071730e+00 3.195499802833625669e+00 5.742141170707188103e+00 4.403383537535706438e+00 4.510816705469712140e+00 2.228404987405729454e+00 3.329321592967535715e+00 7.250745804897777980e-01 1.235512164323320228e+00 6.449901946670063779e+00 3.872598849506430518e+00 7.707064660777295240e-01 4.359712227681079355e+00 5.592259518860875467e+00 1.364386946577230919e+00
5.353723729200043024e+00 3.208110531369261942e+00 5.728517270113297144e+00 4.397530897047333909e+00 4.525332087529013059e+00 2.265983945490052331e+00 3.375830916768816969e+00 7.713066139320692294e-01 1.190472881349179834e+00 6.492033875315353697e+00 3.885209578042066347e+00 7.570825654838385654e-01 4.353859587192706826e+00 5.606774900920175497e+00 1.381936469594805983e+00
5.358669891112190165e+00 3.219542173386884087e+00 5.715672908186482992e+00 4.389279020650658225e+00 4.532110262446074955e+00 2.291447760727266747e+00 3.404958350066982664e+00 8.007591974325083406e-01 1.161251458355745392e+00 6.521780704553164831e+00 3.896641220059688493e+00 7.442382035570238585e-01 4.345607710796031142e+00 5.613553075837237394e+00 1.390676681999726716e+00
5.361051662876648471e+00 3.227971722194431958e+00 5.705986483440194768e+00 4.382515802636915758e+00 4.536192553116243253e+00 2.309092743727342523e+00 3.424650853326052680e+00 8.207682223383663267e-01 1.141404744455943199e+00 6.542726160872257779e+00 3.905070768867236364e+00 7.345517788107357449e-01 4.338844492782288675e+00 5.617635366507405692e+00 1.396115683238484229e+00
5.362464670436085434e+00 3.234015737696479764e+00 5.698931771986653239e+00 4.377400653607071312e+00 4.538939067284315954e+00 2.321568231530341198e+00 3.438452345309935154e+00 8.348087659472311906e-01 1.127542721546888727e+00 6.557650056536298067e+00 3.911114784369284170e+00 7.274970673571945490e-01 4.333729343752444230e+00 5.620381880675478392e+00 1.399822578296498810e+00
5.363386155512070985e+00 3.238349366161137777e+00 5.693815526073345623e+00 4.373605359131097714e+00 4.540863318851315000e+00 2.330494455177315682e+00 3.448289107148675203e+00 8.448175009740777064e-01 1.117707938615925212e+00 6.568377042198932259e+00 3.915448412833928415e+00 7.223808214438677267e-01 4.329934049276478625e+00 5.622306132242425925e+00 1.402432560105520087e+00
5.364017266173894072e+00 3.241466015176844184e+00 5.690105077425148039e+00 4.370810785302745138e+00 4.542236532691417139e+00 2.336924197821911076e+00 3.455361728558684398e+00 8.520124301618129392e-01 1.110666559305411027e+00 6.576126649595401830e+00 3.918565061849634823e+00 7.186703727956699206e-01 4.327139475448126049e+00 5.623679346082528951e+00 1.404297917987777256e+00
5.364461144960102956e+00 3.243713578909772188e+00 5.687412715931207785e+00 4.368761553479882487e+00 4.543225516619060933e+00 2.341573141136869207e+00 3.460471039390473180e+00 8.572086684586402994e-01 1.105597698431801890e+00 6.581740952901164121e+00 3.920812625582563271e+00 7.159780113017303327e-01 4.325090243625263398e+00 5.624668330010172745e+00 1.405641350653977995e+00
5.364777895629527116e+00 3.245337832441009152e+00 5.685458146203689722e+00 4.367262767017279224e+00 4.543941087528153844e+00 2.344941667615102698e+00 3.464171647869811022e+00 8.609712312417836522e-01 1.101936629628787356e+00 6.585814475824817826e+00 3.922436879113798902e+00 7.140234415742070517e-01 4.323591457162662799e+00 5.625383900919267433e+00 1.406612836460611637e+00
5.365005731107317821e+00 3.246513479320503048e+00 5.684038674979646544e+00 4.366168493633673542e+00 4.544460050846540256e+00 2.347385424048175295e+00 3.466855851020652857e+00 8.636997501547859502e-01 1.099286820682353616e+00 6.588772488254304172e+00 3.923612525993292355e+00 7.126039703501637623e-01 4.322497183779057117e+00 5.625902864237653844e+00 1.407316905704367516e+00
5.365170333472578434e+00 3.247365400455646700e+00 5.683007543173840936e+00 4.365370542250860630e+00 4.544836871933394917e+00 2.349159567416777339e+00 3.468804429133516720e+00 8.656801368694778676e-01 1.097366346281372307e+00 6.590921418534854581e+00 3.924464447128436007e+00 7.115728385443577109e-01 4.321699232396244206e+00 5.626279685324508506e+00 1.407827792335399675e+00
5.365289546702852519e+00 3.247983255206428943e+00 5.682258372589576112e+00 4.364789183435068054e+00 4.545110644434524616e+00 2.350448137106479596e+00 3.470219669954062169e+00 8.671182763344207345e-01 1.095973218385316805e+00 6.592482945543457262e+00 3.925082301879218694e+00 7.108236679600928865e-01 4.321117873580451629e+00 5.626553457825638205e+00 1.408198757561362369e+00
5.365376009087904130e+00 3.248431627700683944e+00 5.681713991682431519e+00 4.364365895273865981e+00 4.545309605934858332e+00 2.351384282990625518e+00 3.471247848246819867e+00 8.681629782540540852e-01 1.094962021362474003e+00 6.593617784647335611e+00 3.925530674373480799e+00 7.102792870529477387e-01 4.320694585419245115e+00 5.626752419325971033e+00 1.408468230311381353e+00
5.365438769986250911e+00 3.248757153100791051e+00 5.681318384237738606e+00 4.364057840337425276e+00 4.545454218687998704e+00 2.352064508586299230e+00 3.471994956450501491e+00 8.689220319474478815e-01 1.094227742982267104e+00 6.594442589353417539e+00 3.925856199773587463e+00 7.098836796082549361e-01 4.320386530482804410e+00 5.626897032079111405e+00 1.408664024086846434e+00
5.365484349131300235e+00 3.248993566180709447e+00 5.681030873489860689e+00 4.363833723099864059e+00 4.545559334875529878e+00 2.352558831075350465e+00 3.472537890437160435e+00 8.694736139219841897e-01 1.093694394407743076e+00 6.595042085042392088e+00 3.926092612853505859e+00 7.095961688603771300e-01 4.320162413245244082e+00 5.627002148266642578e+00 1.408806304482941751e+00
5.365517460360933022e+00 3.249165301839503694e+00 5.680821913187251937e+00 4.363670712039467325e+00 4.545635743468864121e+00 2.352918083435147523e+00 3.472932476561247928e+00 8.698744674377013597e-01 1.093306913942217573e+00 6.595477829032713402e+00 3.926264348512299218e+00 7.093872085577676012e-01 4.319999402184846460e+00 5.627078556859976821e+00 1.408909706733572298e+00
5.365541518814263888e+00 3.249290075785862708e+00 5.680670037620028978e+00 4.363552167271307347e+00 4.545691284903154994e+00 2.353179185596181000e+00 3.473219262082542613e+00 8.701657986680627621e-01 1.093025366798496378e+00 6.595794554410092658e+00 3.926389122458658232e+00 7.092353329905445314e-01 4.319880857416686482e+00 5.627134098294266806e+00 1.408984858585734079e+00
5.365559001730861866e+00 3.249380741165654118e+00 5.680559649477179285e+00 4.363465970277648154e+00 4.545731657916197044e+00 2.353368959351282541e+00 3.473427704705887020e+00 8.703775401990248017e-01 1.092820770786224083e+00 6.596024771731495484e+00 3.926479787838449642e+00 7.091249448476946160e-01 4.319794660423027288e+00 5.627174471307308856e+00 1.409039480335064987e+00
5.365571707343542052e+00 3.249446627967707446e+00 5.680479414368781121e+00 4.363403300025799680e+00 4.545761004890789714e+00 2.353506893623564356e+00 3.473579209145111868e+00 8.705314397479312349e-01 1.092672083001979155e+00 6.596192110049586610e+00 3.926545674640502970e+00 7.090447097392967857e-01 4.319731990171179703e+00 5.627203818281900638e+00 1.409079181419448989e+00
5.365580941586571839e+00 3.249494511259289009e+00 5.680421095124453146e+00 4.363357738171525391e+00 4.545782336982498784e+00 2.353607150810910209e+00 3.473689330310478773e+00 8.706433003860127862e-01 1.092564020128101943e+00 6.596313743839231414e+00 3.926593557932084533e+00 7.089863904949685880e-01 4.319686428316905413e+00 5.627225150373609708e+00 1.409108038109959660e+00
5.365587653145631464e+00 3.249529312151299809e+00 5.680378705139387918e+00 4.363324615909200510e+00 4.545797843050398690e+00 2.353680023370257057e+00 3.473769372854508042e+00 8.707246065312748140e-01 1.092485479493038980e+00 6.596402156407518369e+00 3.926628358824095333e+00 7.089440005099030273e-01 4.319653306054581421e+00 5.627240656441511391e+00 1.409129012811142889e+00
5.365592531315850344e+00 3.249554605823380182e+00 5.680347893309646068e+00 4.363300537761412023e+00 4.545809114204089063e+00 2.353732991693722187e+00 3.473827552927098772e+00 8.707837046735412700e-01 1.092428394183552864e+00 6.596466421389729717e+00 3.926653652496176150e+00 7.089131886801617322e-01 4.319629227906792934e+00 5.627251927595201764e+00 1.409144258554952955e+00
5.365596076987446672e+00 3.249572990008741780e+00 5.680325497138208668e+00 4.363283034665248472e+00 4.545817307032044674e+00 2.353771492611782534e+00 3.473869842176851463e+00 8.708266610289463472e-01 1.092386902310396923e+00 6.596513134113730636e+00 3.926672036681533307e+00 7.088907925087370998e-01 4.319611724810623166e+00 5.627260120423141387e+00 1.409155340193430694e+00
5.365598654173390436e+00 3.249586352421753865e+00 5.680309217993722015e+00 4.363270311402891899e+00 4.545823262259485631e+00 2.353799477775693205e+00 3.473900581010448185e+00 8.708578846512485816e-01 1.092356743927439977e+00 6.596547088530991587e+00 3.926685399094545392e+00 7.088745133642502250e-01 4.319599001548266592e+00 5.627266075650582344e+00 1.409163395111652006e+00
5.365600527429055688e+00 3.249596064925602601e+00 5.680297385113656006e+00 4.363261062800135370e+00 4.545827591005993540e+00 2.353819819417561021e+00 3.473922924242555332e+00 8.708805802044828903e-01 1.092334823064199822e+00 6.596571769236412308e+00 3.926695111598396348e+00 7.088626804841857698e-01 4.319589752945509176e+00 5.627270404397092030e+00 1.409169250012952013e+00
5.365601889034450345e+00 3.249603124552371991e+00 5.680288784090059551e+00 4.363254340011805787e+00 4.545830737489219509e+00 2.353834605228565025e+00 3.473939164970187843e+00 8.708970769943300549e-01 1.092318889586177066e+00 6.596589709094190290e+00 3.926702171225165294e+00 7.088540794605888706e-01 4.319583030157178705e+00 5.627273550880317998e+00 1.409173505790756398e+00
5.365602878743553461e+00 3.249608255946222712e+00 5.680282532213552393e+00 4.363249453267678213e+00 4.545833024605738792e+00 2.353845352668332946e+00 3.473950969959542778e+00 8.709090680926542261e-01 1.092307308056130299e+00 6.596602749182197911e+00 3.926707302619016016e+00 7.088478275840821574e-01 4.319578143413052018e+00 5.627275837996837282e+00 1.409176599211388714e+00
