4.509646517929485121e+00 1.727701822423497013e+00 5.437438671126786360e+00 4.783259478687379662e+00 2.693737748906738450e+00 1.058468219901934404e+00 2.260973506379666098e+00 6.085274411721274257e-01 5.993996609930961839e+00 2.296172345577963014e+00 1.474039880848363460e+00 5.898031682045724367e+00 3.328574229310571564e+00 3.442782296892792804e+00 5.734085162374313427e+00
4.432069662349847228e+00 1.697553494534802532e+00 5.403213572050930225e+00 4.742018846210459770e+00 2.632314751538710418e+00 1.014485913063149614e+00 2.309207313730838873e+00 6.881082655985021335e-01 5.973047649345588184e+00 2.284483853586394719e+00 1.443891552959668978e+00 5.863806582969868231e+00 3.287333596833651228e+00 3.381359299524764772e+00 5.822891158635787434e+00
4.348262660760297216e+00 1.663507924042963770e+00 5.368797947589556863e+00 4.703066069499685753e+00 2.569823133663007297e+00 9.727280662169176528e-01 2.350953717990146963e+00 7.738294996799542913e-01 5.951383364059471326e+00 2.281536821207137411e+00 1.409845982467829995e+00 5.829390958508493981e+00 3.248380820122877655e+00 3.318867681649060764e+00 5.917242911219336321e+00
4.282726765356406951e+00 1.635213431408186313e+00 5.344810428136544722e+00 4.678987532193787935e+00 2.525673960615629099e+00 9.454068676178071229e-01 2.374118592015392881e+00 8.407349167852873340e-01 5.935238037637112107e+00 2.287471295802189886e+00 1.381551489833052537e+00 5.805403439055481840e+00 3.224302282816978948e+00 3.274718508601683009e+00 5.988685711281299895e+00
4.245057530858623807e+00 1.616972720384677764e+00 5.334115423738524875e+00 4.671699122447443564e+00 2.506067139351820572e+00 9.351472015190576137e-01 2.380153465393052947e+00 8.785754447151842284e-01 5.925552654516886619e+00 2.294065598149049645e+00 1.363310778809543988e+00 5.794708434657461105e+00 3.217013873070635022e+00 3.255111687337874482e+00 6.026780727907291357e+00
4.224901486079385649e+00 1.605516034127833613e+00 5.330967426703862699e+00 4.672813893336989821e+00 2.500335813870998347e+00 9.338913211260304603e-01 2.378727623020830961e+00 8.981168804922290416e-01 5.919863674908270035e+00 2.298369289621904343e+00 1.351854092552700726e+00 5.791560437622798041e+00 3.218128643960182167e+00 3.249380361857051369e+00 6.044735609783572272e+00
4.213129011623044207e+00 1.597764113202011060e+00 5.330741987724870512e+00 4.676417357536114316e+00 2.499861641349478525e+00 9.356526404419962528e-01 2.375364130435611010e+00 9.090531577991600720e-01 5.916302873015102826e+00 2.301093767727055983e+00 1.344102171626878173e+00 5.791334998643805854e+00 3.221732108159307106e+00 3.248906189335531547e+00 6.053725242797503903e+00
4.205491959632165155e+00 1.592196323089576149e+00 5.331419773728772959e+00 4.680210466239879352e+00 2.500984409528638430e+00 9.380143624016653581e-01 2.371981246203000548e+00 9.158929689090572479e-01 5.913907584685737184e+00 2.302930265781815589e+00 1.338534381514443261e+00 5.792012784647707413e+00 3.225525216863072586e+00 3.250028957514691452e+00 6.058791256606354203e+00
4.200147247281715401e+00 1.588062885753277254e+00 5.332257410363889782e+00 4.683496910391401258e+00 2.502394340342875445e+00 9.401864723763554421e-01 2.369104470196186973e+00 9.205602838304086655e-01 5.912200359305453290e+00 2.304230722415351096e+00 1.334400944178144144e+00 5.792850421282824236e+00 3.228811661014594048e+00 3.251438888328928467e+00 6.061993786937514450e+00
4.196234898929158241e+00 1.584943308376149718e+00 5.333014649732431778e+00 4.686153963115491372e+00 2.503675695745808838e+00 9.419759674864017773e-01 2.366799849698655311e+00 9.239244319244395154e-01 5.910936552203068572e+00 2.305177519367228367e+00 1.331281366801016608e+00 5.793607660651366231e+00 3.231468713738684162e+00 3.252720243731862304e+00 6.064197454587458402e+00
4.193301842283071679e+00 1.582570172479176973e+00 5.333635031946780458e+00 4.688240277675904899e+00 2.504730289538039667e+00 9.433878354211818751e-01 2.364998928198323913e+00 9.264240509450270000e-01 5.909980892810202668e+00 2.305877418460671180e+00 1.328908230904041865e+00 5.794228042865715800e+00 3.233555028299099021e+00 3.253774837524092245e+00 6.065794821610657195e+00
4.191076597461349529e+00 1.580758047000821120e+00 5.334123449244455806e+00 4.689857006097272851e+00 2.505564351659992806e+00 9.444813644209060222e-01 2.363606992300439913e+00 9.283107046201386492e-01 5.909250610381994839e+00 2.306399581164773060e+00 1.327096105425685124e+00 5.794716460163392036e+00 3.235171756720465641e+00 3.254608899646047160e+00 6.066986047132976623e+00
4.189378689288837165e+00 1.579371822798895542e+00 5.334501388031022806e+00 4.691102231749638918e+00 2.506212533945303633e+00 9.453216271150604033e-01 2.362536475636261013e+00 9.297458798420161763e-01 5.908690010493622857e+00 2.306791578982741342e+00 1.325709881223759767e+00 5.795094398949959036e+00 3.236416982372831264e+00 3.255257081931358432e+00 6.067887308507106781e+00
4.188079725172846324e+00 1.578310493354656341e+00 5.334791659626011651e+00 4.692058601257584449e+00 2.506712264285983593e+00 9.459651881712837218e-01 2.361714991197448210e+00 9.308417827399821931e-01 5.908258996061581669e+00 2.307087214479414783e+00 1.324648551779520567e+00 5.795384670544947880e+00 3.237373351880776351e+00 3.255756812272038392e+00 6.068573995233948359e+00
4.187084807940751219e+00 1.577497580231697061e+00 5.335013920569490864e+00 4.692792151142520574e+00 2.507096143480016526e+00 9.464575305220784829e-01 2.361085228794980395e+00 9.316801510016701204e-01 5.907927548943145979e+00 2.307310964031690670e+00 1.323835638656560620e+00 5.795606931488426206e+00 3.238106901765712475e+00 3.256140691466069992e+00 6.069098929867366543e+00
4.186322406350411640e+00 1.576874818032234726e+00 5.335183926568161539e+00 4.693354452451308667e+00 2.507390546568429635e+00 9.468340979045017924e-01 2.360602646108156399e+00 9.323220633022480941e-01 5.907672759616088953e+00 2.307480773995547629e+00 1.323212876457099174e+00 5.795776937487096880e+00 3.238669203074501457e+00 3.256435094554482657e+00 6.069500820360063997e+00
4.185738085710808853e+00 1.576397684574425861e+00 5.335313938890979379e+00 4.693785364548934247e+00 2.507616168492349473e+00 9.471221520469498278e-01 2.360232907173650307e+00 9.328137558230638060e-01 5.907477001357774427e+00 2.307609925346696400e+00 1.322735742999290531e+00 5.795906949809914721e+00 3.239100115172126149e+00 3.256660716478402939e+00 6.069808709736634000e+00
4.185290238338657431e+00 1.576032110368664751e+00 5.335413381793260079e+00 4.694115548215757272e+00 2.507789028990730973e+00 9.473425526403099761e-01 2.359949640399140680e+00 9.331904530717105573e-01 5.907326676594035320e+00 2.307708318334882325e+00 1.322370168793529865e+00 5.796006392712196309e+00 3.239430298838948730e+00 3.256833576976783551e+00 6.070044645532007621e+00
4.184946999208307261e+00 1.575752006574673514e+00 5.335489463363463969e+00 4.694368536589853314e+00 2.507921453469049489e+00 9.475112329509002285e-01 2.359732623632192272e+00 9.334790732931182999e-01 5.907211294159925075e+00 2.307783376259195052e+00 1.322090064999538628e+00 5.796082474282400199e+00 3.239683287213044327e+00 3.256966001455102511e+00 6.070225457731529772e+00
4.184683945624328771e+00 1.575537388960281504e+00 5.335547687777225434e+00 4.694562373917380071e+00 2.508022899270737405e+00 9.476403600400588045e-01 2.359566360613593261e+00 9.337002173751616230e-01 5.907122765919770480e+00 2.307840691293167712e+00 1.321875447385146396e+00 5.796140698696161664e+00 3.239877124540570641e+00 3.257067447256790427e+00 6.070364025913050021e+00
4.184482354270541826e+00 1.575372947076633334e+00 5.335592257262354643e+00 4.694710889522065500e+00 2.508100614629828140e+00 9.477392278726908259e-01 2.359438979568440953e+00 9.338696622820482629e-01 5.907054862799588690e+00 2.307884491919762748e+00 1.321711005501498448e+00 5.796185268181290873e+00 3.240025640145256070e+00 3.257145162615881606e+00 6.070470217176106686e+00
4.184327870798860260e+00 1.575246950344875385e+00 5.335626381202840385e+00 4.694824680276954432e+00 2.508160152148716016e+00 9.478149392069404877e-01 2.359341386137823182e+00 9.339994944134316635e-01 5.907002792302189498e+00 2.307917984925356603e+00 1.321585008769740499e+00 5.796219392121776615e+00 3.240139430900147222e+00 3.257204700134769038e+00 6.070551593898204423e+00
4.184209491029335481e+00 1.575150410738291873e+00 5.335652511988169699e+00 4.694911865504045601e+00 2.508205764854560815e+00 9.478729248736040836e-01 2.359266613605680796e+00 9.340989741670652213e-01 5.906962870413059896e+00 2.307943607906997485e+00 1.321488469163157209e+00 5.796245522907105929e+00 3.240226616127238390e+00 3.257250312840614281e+00 6.070613952756641396e+00
4.184118779781580422e+00 1.575076441507557101e+00 5.335672524536377637e+00 4.694978666050577232e+00 2.508240710320560840e+00 9.479173391340250943e-01 2.359209324998351232e+00 9.341751970875812328e-01 5.906932267244618728e+00 2.307963217128240263e+00 1.321414499932422659e+00 5.796265535455313866e+00 3.240293416673769578e+00 3.257285258306614306e+00 6.070661736970590638e+00
4.184049271678068393e+00 1.575019765916815917e+00 5.335687852926142227e+00 4.695029848164208985e+00 2.508267483751479343e+00 9.479513608933616275e-01 2.359165431707313410e+00 9.342336000461965995e-01 5.906908810255534270e+00 2.307978228148658495e+00 1.321357824341682363e+00 5.796280863845077569e+00 3.240344598787402219e+00 3.257312031737534141e+00 6.070698352145975640e+00
4.183996011523517744e+00 1.574976340852511036e+00 5.335699594463149786e+00 4.695069063625696870e+00 2.508287996496582739e+00 9.479774234016079548e-01 2.359131801394079186e+00 9.342783489792291229e-01 5.906890832309061423e+00 2.307989721629900792e+00 1.321314399277377705e+00 5.796292605382086016e+00 3.240383814248889660e+00 3.257332544482637982e+00 6.070726408426250664e+00
4.183955201793220446e+00 1.574943068428692472e+00 5.335708589020987880e+00 4.695099110353073257e+00 2.508303712738392477e+00 9.479973895808933015e-01 2.359106034272174579e+00 9.343126359671001246e-01 5.906877054547860162e+00 2.307998523261475921e+00 1.321281126853559362e+00 5.796301599939927662e+00 3.240413860976266047e+00 3.257348260724446387e+00 6.070747906175888886e+00
4.183923932314939975e+00 1.574917575011736126e+00 5.335715479589365096e+00 4.695122132064097897e+00 2.508315754156597244e+00 9.480126859571720299e-01 2.359086291750271958e+00 9.343389068716017043e-01 5.906866496229088881e+00 2.308005264328459205e+00 1.321255633436603905e+00 5.796308490508304878e+00 3.240436882687291131e+00 3.257360302142650710e+00 6.070764378359830182e+00
4.183899973012988660e+00 1.574898041902733858e+00 5.335720758519569173e+00 4.695139771247105465e+00 2.508324980076629185e+00 9.480244050375578047e-01 2.359071165173299178e+00 9.343590357677757918e-01 5.906858405388209832e+00 2.308010427724109803e+00 1.321236100327601637e+00 5.796313769438509844e+00 3.240454521870299143e+00 3.257369528062682651e+00 6.070776999706717802e+00
4.183881615024962031e+00 1.574883075601782867e+00 5.335724802870227101e+00 4.695153286359992073e+00 2.508332048851118046e+00 9.480333836088888910e-01 2.359059575272907328e+00 9.343744586059056223e-01 5.906852205564507408e+00 2.308014382973161194e+00 1.321221134026650645e+00 5.796317813789167772e+00 3.240468036983185307e+00 3.257376596837171512e+00 6.070786670395251328e+00
