1.000000000000000000e+00 1.000000000000000000e+00 1.000000000000000000e+00 1.000000000000000000e+00 1.000000000000000000e+00 1.000000000000000000e+00 1.000000000000000000e+00 1.000000000000000000e+00 1.000000000000000000e+00 1.000000000000000000e+00 1.000000000000000000e+00 1.000000000000000000e+00 1.000000000000000000e+00 1.000000000000000000e+00 1.000000000000000000e+00
9.967316381613208209e-01 9.748485682998919710e-01 9.979880342143595540e-01 9.968429572062829092e-01 9.730121779523738246e-01 1.020306422277858838e+00 9.895849055198102651e-01 9.887260525431491587e-01 1.012344619294176740e+00 9.856307663999035462e-01 9.748485682998919710e-01 9.979880342143595540e-01 9.968429572062829092e-01 9.730121779523738246e-01 9.967316381613208209e-01
9.935557503373282362e-01 9.490313275352745270e-01 9.945441153881614538e-01 9.933665585419294564e-01 9.451875474740730754e-01 1.037086605073499479e+00 9.751510492038677480e-01 9.754066519090494047e-01 1.024002215863893728e+00 9.699908496368520039e-01 9.490313275352745270e-01 9.945441153881615648e-01 9.933665585419294564e-01 9.451875474740730754e-01 9.937386325280617161e-01
9.905007452478171714e-01 9.232849428351320720e-01 9.898718602727070159e-01 9.902730708517014646e-01 9.173182604433385290e-01 1.048930897481724411e+00 9.573859467353702524e-01 9.608842795123688774e-01 1.034049803241406718e+00 9.538416838001909648e-01 9.232849428351320720e-01 9.898718602727071270e-01 9.902730708517014646e-01 9.173182604433385290e-01 9.910735182400614018e-01
9.875971645216991002e-01 8.984094613991910894e-01 9.844453726430585361e-01 9.881986084972400608e-01 8.902365696177088061e-01 1.055066979224293267e+00 9.372699685085228438e-01 9.461259008917490831e-01 1.041605442827842953e+00 9.380137985155876379e-01 8.984094613991910894e-01 9.844453726430586471e-01 9.881986084972400608e-01 8.902365696177088061e-01 9.887700433992647753e-01
9.848722896398189874e-01 8.750865210655301984e-01 9.789102118179698886e-01 9.875597847354855574e-01 8.646262318199505748e-01 1.055572214059891989e+00 9.158542930893435186e-01 9.320032709810246452e-01 1.046045455912139044e+00 9.232176550331762099e-01 8.750865210655300874e-01 9.789102118179699996e-01 9.875597847354855574e-01 8.646262318199505748e-01 9.868367582297934426e-01
9.823451284404756123e-01 8.537482288007689490e-01 9.739163853640392388e-01 9.884977456485599667e-01 8.409036920111565561e-01 1.051247678590869539e+00 8.940442077061264703e-01 9.191377167405271331e-01 1.047114473255859490e+00 9.099162599241937821e-01 8.537482288007688380e-01 9.739163853640393498e-01 9.884977456485599667e-01 8.409036920111565561e-01 9.852581339526831350e-01
9.800238903351455866e-01 8.345504314014905445e-01 9.699759760417866472e-01 9.909257909932498443e-01 8.192104939823154908e-01 1.043265984953404057e+00 8.724843693629681374e-01 9.078651767069084721e-01 1.044894362608006055e+00 8.983063993830708860e-01 8.345504314014904335e-01 9.699759760417867582e-01 9.909257909932499553e-01 8.192104939823154908e-01 9.840015981980412274e-01
9.779065001272988500e-01 8.174294744556981351e-01 9.674018452307182603e-01 9.946238233229217629e-01 7.994821116534519545e-01 1.032820770397868015e+00 8.515553179736646827e-01 8.982909177119284827e-01 1.039690944357216873e+00 8.883784373914369592e-01 8.174294744556980241e-01 9.674018452307183713e-01 9.946238233229218739e-01 7.994821116534519545e-01 9.830261961148285543e-01
9.759831357220746240e-01 8.021878709598438961e-01 9.663199584948203302e-01 9.993233908230234608e-01 7.815350064778979755e-01 1.020916801783057659e+00 8.314318047008982804e-01 8.903726125881608056e-01 1.031915100717061051e+00 8.799980862064716858e-01 8.021878709598437851e-01 9.663199584948204413e-01 9.993233908230235718e-01 7.815350064778979755e-01 9.822895572421158628e-01
9.742393383546101848e-01 7.885690830613897306e-01 9.667179319125737136e-01 1.004761111541032426e+00 7.651363296222332133e-01 1.008304379937133621e+00 8.121536462741869578e-01 8.839914206554602139e-01 1.021998147822360758e+00 8.729739723266130014e-01 7.885690830613896196e-01 9.667179319125738246e-01 1.004761111541032648e+00 7.651363296222332133e-01 9.817521626986613903e-01
9.726586974889647186e-01 7.763080018235840596e-01 9.684982247440612202e-01 1.010703692364525841e+00 7.500479074380614897e-01 9.954998385547708661e-01 7.936842466256995854e-01 8.789992066278758953e-01 1.010345464576380969e+00 8.671014308714112273e-01 7.763080018235839486e-01 9.684982247440614422e-01 1.010703692364526063e+00 7.500479074380614897e-01 9.813793695919105220e-01
9.712247345119138231e-01 7.651593314442578508e-01 9.715208306189522247e-01 1.016955316493931338e+00 7.360494797105358034e-01 9.828377581555521880e-01 7.759510518247847433e-01 8.752450430290358296e-01 9.973174384728180630e-01 8.621864889973319679e-01 7.651593314442577398e-01 9.715208306189524468e-01 1.016955316493931560e+00 7.360494797105356923e-01 9.811420089544640177e-01
9.699220126912759810e-01 7.549106348078122863e-01 9.756322594713437990e-01 1.023356400940482969e+00 7.229486661244410861e-01 9.705243099195340895e-01 7.588705322390366659e-01 8.725878179141032254e-01 9.832259115240591374e-01 8.580568801846297777e-01 7.549106348078121753e-01 9.756322594713440211e-01 1.023356400940483191e+00 7.229486661244409751e-01 9.810162155813475504e-01
9.687366599611516582e-01 7.453861725075203726e-01 9.806829496971587456e-01 1.029779098006622151e+00 7.105835105308938582e-01 9.586801029112743677e-01 7.423621455593447660e-01 8.709007554702661302e-01 9.683379248506696069e-01 8.545656162986852156e-01 7.453861725075202616e-01 9.806829496971589677e-01 1.029779098006622373e+00 7.105835105308937472e-01 9.809829032929965331e-01
9.676565059258430690e-01 7.364457885794116754e-01 9.865365167901272159e-01 1.036122183170283151e+00 6.988212920066004807e-01 9.473707915707717531e-01 7.263551558743355230e-01 8.700717350112446846e-01 9.528820921040705993e-01 8.515906828929552530e-01 7.364457885794115644e-01 9.865365167901274379e-01 1.036122183170283373e+00 6.988212920066003697e-01 9.810271143003046479e-01
9.666709931889708729e-01 7.279814451837290923e-01 9.930738151061376806e-01 1.042306410416465656e+00 6.875556792630678205e-01 9.366274345448287741e-01 7.107911011558065706e-01 8.700017247840261536e-01 9.370552787648883664e-01 8.490329167409683686e-01 7.279814451837289813e-01 9.930738151061379027e-01 1.042306410416465878e+00 6.875556792630677094e-01 9.811373583971814138e-01
9.657709730276736737e-01 7.199128785003867659e-01 1.000193948493250495e+00 1.048270649132220456e+00 6.767033079222041225e-01 9.264593519840632618e-01 6.956237620409938538e-01 8.706026108857203294e-01 9.210285863522579275e-01 8.468131722518523752e-01 7.199128785003867659e-01 1.000193948493250717e+00 1.048270649132220678e+00 6.767033079222040115e-01 9.813049951323890019e-01
9.649484544024043986e-01 7.121831548694211866e-01 1.007813613004195030e+00 1.053968785903998118e+00 6.662003012121393564e-01 9.168618802247112676e-01 6.808178108098538184e-01 8.717950783578387597e-01 9.049523135785320083e-01 8.448693349342865089e-01 7.121831548694211866e-01 1.007813613004195252e+00 1.053968785903998340e+00 6.662003012121392453e-01 9.815236795314996598e-01
9.641963466386591630e-01 7.047545068105652843e-01 1.015865611083306197e+00 1.059367257586545152e+00 6.559989628866996769e-01 9.078208220254089245e-01 6.663468717755337556e-01 8.735068446223580585e-01 8.889598811917835963e-01 8.431534425985138803e-01 7.047545068105652843e-01 1.015865611083306419e+00 1.059367257586545374e+00 6.559989628866995659e-01 9.817888759895041506e-01
