1.000000000000000000e+00 1.000000000000000000e+00 1.000000000000000000e+00 1.000000000000000000e+00 1.000000000000000000e+00 1.000000000000000000e+00 1.000000000000000000e+00 1.000000000000000000e+00 1.000000000000000000e+00 1.000000000000000000e+00 1.000000000000000000e+00 1.000000000000000000e+00 1.000000000000000000e+00 1.000000000000000000e+00 1.000000000000000000e+00
1.160149730095281218e+00 1.012239286211998435e+00 1.149877309248947377e+00 1.148732232240870843e+00 1.010402895864480177e+00 1.114521185804718817e+00 1.105137384570294312e+00 8.923628024195574548e-01 1.127897098344660787e+00 1.079845529926763525e+00 1.012239286211998435e+00 1.149877309248947377e+00 1.148732232240870843e+00 1.010402895864480177e+00 1.160149730095281218e+00
1.232546107785720935e+00 1.029120184527837045e+00 1.208458042286592926e+00 1.192739984098502681e+00 1.034778019837657936e+00 1.167449241945921257e+00 1.172176305460415069e+00 8.409451255882400833e-01 1.158307512319356247e+00 1.119463750299307003e+00 1.029120184527837045e+00 1.208458042286592926e+00 1.192739984098502681e+00 1.034778019837657936e+00 1.224588339980450469e+00
1.231927404047808539e+00 1.028594018892460049e+00 1.204155026563214381e+00 1.162888258329595859e+00 1.047713391205936428e+00 1.180988977690303754e+00 1.193324156261304836e+00 8.296932466622143343e-01 1.129677254870293579e+00 1.125897412510381557e+00 1.028594018892460049e+00 1.204155026563214381e+00 1.162888258329595859e+00 1.047713391205936428e+00 1.216411365324436611e+00
1.240106641204413940e+00 1.030878078962969679e+00 1.207714410023647655e+00 1.140315943222989015e+00 1.062026497299093597e+00 1.197995739810759019e+00 1.219918407102952740e+00 8.126956228835015006e-01 1.105281080723706344e+00 1.136573669001737841e+00 1.030878078962969679e+00 1.207714410023647655e+00 1.140315943222989015e+00 1.062026497299093597e+00 1.216460353230974123e+00
1.247155485243643058e+00 1.033100728738426399e+00 1.211253949974973931e+00 1.115887460045004609e+00 1.076089356832467425e+00 1.214434161049616101e+00 1.245203582924025776e+00 7.951142621866348348e-01 1.078895275942084009e+00 1.146495039333363719e+00 1.033100728738426399e+00 1.211253949974973931e+00 1.115887460045004609e+00 1.076089356832467425e+00 1.215717517526961888e+00
1.254223945514422844e+00 1.035466120310739147e+00 1.215924380904581659e+00 1.091011758101116058e+00 1.090319846403324133e+00 1.231279147410714980e+00 1.269740646146253482e+00 7.762521051658993754e-01 1.051775337807213440e+00 1.155889769227060659e+00 1.035466120310739147e+00 1.215924380904581659e+00 1.091011758101116058e+00 1.090319846403324133e+00 1.215620141142191191e+00
1.260982046985955396e+00 1.037893163884678893e+00 1.221433418712333019e+00 1.065687156387106649e+00 1.104722786819151592e+00 1.248515791397766028e+00 1.293218598943946640e+00 7.563078232821085489e-01 1.023932021951022620e+00 1.164515031341246898e+00 1.037893163884678893e+00 1.221433418712333019e+00 1.065687156387106649e+00 1.104722786819151592e+00 1.215949461026849088e+00
1.267328667216504279e+00 1.040366810748291071e+00 1.227683636774575371e+00 1.040153648958799248e+00 1.119340157066885277e+00 1.266224833921157034e+00 1.315489011157159327e+00 7.354001104131864253e-01 9.955285223546552764e-01 1.172247715399730827e+00 1.040366810748291071e+00 1.227683636774575371e+00 1.040153648958799248e+00 1.119340157066885277e+00 1.216689866960589228e+00
1.273132862602631921e+00 1.042877723565964532e+00 1.234548212564585690e+00 1.014634448394513111e+00 1.134198248800046827e+00 1.284443271402035736e+00 1.336408657019626744e+00 7.136951363157846284e-01 9.666925211020265252e-01 1.178977934833234542e+00 1.042877723565964532e+00 1.234548212564585690e+00 1.014634448394513111e+00 1.134198248800046827e+00 1.217767131330359964e+00
1.278269913419701753e+00 1.045426028110858052e+00 1.241908397903163319e+00 9.893607034543685508e-01 1.149316560642035911e+00 1.303187901316919639e+00 1.355864987938887101e+00 6.913726766904740861e-01 9.375454232747092442e-01 1.184620667526419480e+00 1.045426028110858052e+00 1.241908397903163319e+00 9.893607034543685508e-01 1.149316560642035911e+00 1.219087839882598168e+00
1.282620603129081660e+00 1.048020739560675763e+00 1.249649596126785278e+00 9.645593089715581714e-01 1.164704931320469816e+00 1.322450718943923631e+00 1.373779333984948670e+00 6.686129855679059375e-01 9.081974986029138774e-01 1.189117943024926127e+00 1.048020739560675763e+00 1.249649596126785278e+00 9.645593089715581714e-01 1.164704931320469816e+00 1.220534880001023170e+00
1.286075944688684247e+00 1.050680329224303433e+00 1.257663101245924953e+00 9.404474154991925294e-01 1.180363000723494205e+00 1.342200155505355319e+00 1.390110188252789758e+00 6.455824517679367158e-01 8.787486705414965238e-01 1.192441344734652908e+00 1.050680329224303433e+00 1.257663101245924953e+00 9.404474154991925294e-01 1.180363000723494205e+00 1.221970900918591729e+00
1.288540195979079206e+00 1.053433112120529369e+00 1.265847605808827492e+00 9.172275611981604015e-01 1.196280467103947309e+00 1.362383680162700950e+00 1.404852539531416866e+00 6.224235688082772056e-01 8.492896426491611805e-01 1.194592478996668206e+00 1.053433112120529369e+00 1.265847605808827492e+00 9.172275611981604015e-01 1.196280467103947309e+00 1.223242344924474700e+00
1.289932720681403522e+00 1.056317432863506767e+00 1.274111479125909163e+00 8.950843383797755237e-01 1.212438186674581031e+00 1.382931677469828813e+00 1.418034325293795250e+00 5.992497331467663280e-01 8.199037421558906802e-01 1.195601927140260257e+00 1.056317432863506767e+00 1.274111479125909163e+00 8.950843383797755237e-01 1.212438186674581031e+00 1.224184598092553866e+00
1.290188649760943163e+00 1.059381670690889399e+00 1.282375460280129609e+00 8.741823517516595921e-01 1.228809721165364355e+00 1.403761556837122892e+00 1.429711127661942749e+00 5.761447958516733303e-01 7.906688798148867603e-01 1.195527245517377102e+00 1.059381670690889399e+00 1.282375460280129609e+00 8.741823517516595921e-01 1.228809721165364355e+00 1.224627590465941163e+00
1.289258597704510789e+00 1.062684113346842985e+00 1.290575431473469425e+00 8.546652313201579254e-01 1.245363020741673044e+00 1.424781319991375250e+00 1.439960362381083492e+00 5.531664030203169435e-01 7.616592589422289672e-01 1.194450520773272073e+00 1.062684113346842985e+00 1.290575431473469425e+00 8.546652313201579254e-01 1.245363020741673044e+00 1.224401447573458368e+00
1.287107704782069595e+00 1.066292701737384663e+00 1.298664907301933624e+00 8.366554150398977097e-01 1.262062034535594401e+00 1.445892081933551898e+00 1.448875951220172764e+00 5.303517765630817449e-01 7.329466499882391073e-01 1.192475759831217896e+00 1.066292701737384885e+00 1.298664907301933846e+00 8.366554150398977097e-01 1.262062034535594401e+00 1.223341930807997802e+00
1.283714230563079317e+00 1.070284561446851246e+00 1.306616933755067933e+00 8.202544578641077777e-01 1.278868162454900093e+00 1.466989321355578468e+00 1.456564080045441356e+00 5.077245843274730275e-01 7.046012571588421425e-01 1.189726150914083069e+00 1.070284561446851468e+00 1.306616933755068155e+00 8.202544578641077777e-01 1.278868162454900093e+00 1.221295544487874585e+00
1.279067849635345366e+00 1.074745134349117004e+00 1.314425163865041046e+00 8.055436865067081564e-01 1.295741554710573729e+00 1.487962837379482206e+00 1.463140265292233844e+00 4.853018036066074070e-01 6.766923630686204616e-01 1.186341048418404043e+00 1.074745134349117226e+00 1.314425163865041268e+00 8.055436865067081564e-01 1.295741554710573729e+00 1.218124263634146942e+00
