1.000000000000000000e+00 1.000000000000000000e+00 1.000000000000000000e+00 1.000000000000000000e+00 1.000000000000000000e+00 1.000000000000000000e+00 1.000000000000000000e+00 1.000000000000000000e+00 1.000000000000000000e+00 1.000000000000000000e+00 1.000000000000000000e+00 1.000000000000000000e+00 1.000000000000000000e+00 1.000000000000000000e+00 1.000000000000000000e+00
1.013073447354716716e+00 9.785876400911026618e-01 1.013176961717818347e+00 1.012031884709741814e+00 9.767512497435844043e-01 1.029727898630544924e+00 1.001140153424858736e+00 9.790897275307899328e-01 1.023899867199224989e+00 9.950522427525896330e-01 9.785876400911026618e-01 1.013176961717818347e+00 1.012031884709741814e+00 9.767512497435844043e-01 1.013073447354716938e+00
1.025846984170539544e+00 9.582848239731931450e-01 1.023651892537815300e+00 1.022796001123529530e+00 9.535535939424627516e-01 1.057728639440364660e+00 1.001194382316488607e+00 9.553739728559594857e-01 1.045168108161331988e+00 9.918070069902878982e-01 9.582848239731931450e-01 1.023651892537815300e+00 1.022796001123529530e+00 9.535535939424627516e-01 1.025111516170230885e+00
1.038237909342762721e+00 9.396050757192380143e-01 1.030741543121600490e+00 1.032591895577778418e+00 9.313737604517320356e-01 1.082711203720631676e+00 9.999775771400868374e-01 9.295568790086267130e-01 1.063519940282250387e+00 9.907069532602177375e-01 9.396050757192380143e-01 1.030741543121600490e+00 1.032591895577778418e+00 9.313737604517320356e-01 1.036024126502300025e+00
1.050174663535577757e+00 9.228196479539102492e-01 1.034115196230011913e+00 1.041754332912410375e+00 9.109411081974433388e-01 1.103759406730028703e+00 9.973291411353172320e-01 9.023461839175744847e-01 1.078973894086493246e+00 9.919112986025143686e-01 9.228196479539102492e-01 1.034115196230011913e+00 1.041754332912410375e+00 9.109411081974433388e-01 1.045817892919614023e+00
1.061599957742072942e+00 9.079328525173903097e-01 1.033799320059910043e+00 1.050570570059402575e+00 8.926621154105359723e-01 1.120428800976333461e+00 9.931338848730520974e-01 8.743264221860691521e-01 1.091790643565514696e+00 9.953086409382350119e-01 9.079328525173901987e-01 1.033799320059910043e+00 1.050570570059402575e+00 8.926621154105359723e-01 1.054577958818917471e+00
1.072472594301956184e+00 8.947509803032871467e-01 1.030086297728300293e+00 1.059245284121102193e+00 8.766413728866284671e-01 1.132683797280302329e+00 9.873260056145852781e-01 8.459031628917422774e-01 1.102364765233451172e+00 1.000608850410510398e+00 8.947509803032870357e-01 1.030086297728300293e+00 1.059245284121102193e+00 8.766413728866284671e-01 1.062435022011811281e+00
1.082767481633457596e+00 8.829837370159406840e-01 1.023414980523251083e+00 1.067908567374026285e+00 8.627662659165237224e-01 1.140758137080895684e+00 9.798799383452755363e-01 8.173145119388880442e-01 1.111120051102488571e+00 1.007452434607531755e+00 8.829837370159405729e-01 1.023414980523251083e+00 1.067908567374026285e+00 8.627662659165237224e-01 1.069532718929548265e+00
1.092474170887479445e+00 8.723279329744628718e-01 1.014274929673080861e+00 1.076641867732177626e+00 8.508018965704133851e-01 1.145021280554636034e+00 9.707977439238201223e-01 7.886771735817317275e-01 1.118438775848926703e+00 1.015492469346016779e+00 8.723279329744627608e-01 1.014274929673080861e+00 1.076641867732177626e+00 8.508018965704133851e-01 1.076004670167707067e+00
1.101594699332943295e+00 8.625168451676846759e-01 1.003150304736949883e+00 1.085502273849578758e+00 8.404657742292938050e-01 1.145887870150687826e+00 9.600997223767678834e-01 7.600370942987103584e-01 1.124628398403401786e+00 1.024437714165681523e+00 8.625168451676845649e-01 1.003150304736949883e+00 1.085502273849578758e+00 8.404657742292938050e-01 1.081962600580321787e+00
1.110141453344060780e+00 8.533410009059737567e-01 9.904961718659026637e-01 1.094537978784627663e+00 8.314757706494551037e-01 1.143770288375945743e+00 9.478199978947150495e-01 7.314099383131112964e-01 1.129914945011465610e+00 1.034065754448034502e+00 8.533410009059735346e-01 9.904961718659026637e-01 1.094537978784627663e+00 8.314757706494551037e-01 1.087492685264184411e+00
1.118135444615929286e+00 8.446519031741560601e-01 9.767337974403729195e-01 1.103795382159604266e+00 8.235765043601106505e-01 1.139060107544578981e+00 9.340059398582212236e-01 7.028084405938204160e-01 1.134450733837303327e+00 1.044219113181851677e+00 8.446519031741558381e-01 9.767337974403729195e-01 1.103795382159604266e+00 8.235765043601106505e-01 1.092656657608723547e+00
1.125605088449583180e+00 8.363577380844970932e-01 9.622538602182625356e-01 1.113320591874809473e+00 8.165514619837210830e-01 1.132124232611809278e+00 9.187194416125945562e-01 6.742587972631070015e-01 1.138327847955667549e+00 1.054793957545174354e+00 8.363577380844968712e-01 9.622538602182625356e-01 1.113320591874809473e+00 8.165514619837210830e-01 1.097495184501843024e+00
1.132585375283476026e+00 8.284161699531052969e-01 9.474207052230977366e-01 1.123157870432029526e+00 8.102264851593738992e-01 1.123305995225173604e+00 9.020381958730535610e-01 6.458091988157289576e-01 1.141592793201677392e+00 1.065726792167630776e+00 8.284161699531050749e-01 9.474207052230977366e-01 1.123157870432029526e+00 8.102264851593738992e-01 1.102032116205765355e+00
1.139117229617883975e+00 8.208264845848943780e-01 9.325742039164109931e-01 1.133346769662198827e+00 8.044680798210902539e-01 1.112925822969755396e+00 8.840555373240177595e-01 6.175329944114963387e-01 1.144260434422814887e+00 1.076981626574928130e+00 8.208264845848940450e-01 9.325742039164109931e-01 1.133346769662198827e+00 8.044680798210902539e-01 1.106278955737928893e+00
1.145246826979838817e+00 8.136218434160588098e-01 9.180281495941789993e-01 1.143919032098988264e+00 7.991784770296955775e-01 1.101279306063921215e+00 8.648779909291619550e-01 5.895281390372997254e-01 1.146326612668788103e+00 1.088538599354655911e+00 8.136218434160584767e-01 9.180281495941789993e-01 1.143919032098988264e+00 7.991784770296955775e-01 1.110239255693635796e+00
1.151024670754493995e+00 8.068618590006280122e-01 9.040656687551165138e-01 1.154895925009007396e+00 7.942886027072546540e-01 1.088632628409812453e+00 8.446203511584889911e-01 5.619139705238944682e-01 1.147779266414518329e+00 1.100384436573898395e+00 8.068618590006276792e-01 9.040656687551165138e-01 1.154895925009007396e+00 7.942886027072546540e-01 1.113912769566091532e+00
1.156504304117934367e+00 8.006256598813535907e-01 8.909330686121312848e-01 1.166286439210657555e+00 7.897498766321535690e-01 1.075216653504170949e+00 8.233988598228481059e-01 5.348260353506040232e-01 1.148607857505859364e+00 1.112504948634558399e+00 8.006256598813532577e-01 8.909330686121312848e-01 1.166286439210657555e+00 7.897498766321535690e-01 1.117299191143482417e+00
1.161740632542516805e+00 7.950057375793596615e-01 8.788339159780671483e-01 1.178086623008780087e+00 7.855257779402960994e-01 1.061221561072905883e+00 8.013236842238198321e-01 5.084095393705760912e-01 1.148810779482156041e+00 1.124879711377166025e+00 7.950057375793593284e-01 8.788339159780671483e-01 1.178086623008780087e+00 7.855257779402960994e-01 1.120401305851227436e+00
1.166787936516747504e+00 7.901029219981370311e-01 8.679249688142934849e-01 1.190280148756106327e+00 7.815841451399920814e-01 1.046793873037685563e+00 7.784922194783187033e-01 4.828119340478930210e-01 1.148400424255357599e+00 1.137478963935315557e+00 7.901029219981366980e-01 8.679249688142934849e-01 1.190280148756106327e+00 7.815841451399920814e-01 1.123227405249428879e+00
1.171697735900949278e+00 7.860226977225692746e-01 8.583149696125987882e-01 1.202839992722263052e+00 7.778910777505962937e-01 1.032037125343374884e+00 7.549846252923901879e-01 4.581750882624732180e-01 1.147405782285483067e+00 1.150262546501714445e+00 7.860226977225689415e-01 8.583149696125987882e-01 1.202839992722263052e+00 7.778910777505962937e-01 1.125792889956810816e+00
1.176516706705874382e+00 7.828727714321189746e-01 8.500664980625519673e-01 1.215730875300520708e+00 7.744070456840832506e-01 1.017016592490924687e+00 7.308625004277358173e-01 4.346274198313913040e-01 1.145872789110160328e+00 1.163180453266513315e+00 7.828727714321186415e-01 8.500664980625519673e-01 1.215730875300520708e+00 7.744070456840832506e-01 1.128121082428327204e+00
1.181284842797024615e+00 7.807614524814706636e-01 8.432003558972623880e-01 1.228911927528173242e+00 7.710854582174376803e-01 1.001767653157784599e+00 7.061708925963161576e-01 4.122762898073598081e-01 1.143862959225804055e+00 1.176174390606130604e+00 7.807614524814703305e-01 8.432003558972623880e-01 1.228911927528173242e+00 7.710854582174376803e-01 1.130243350868943342e+00
1.186034009866425709e+00 7.797961632673696686e-01 8.377015304444095367e-01 1.242338991521874547e+00 7.678736005119377594e-01 9.863068159098530296e-01 6.809431795996415682e-01 3.912009297820007170e-01 1.141451026181528716e+00 1.189179689094486347e+00 7.797961632673693355e-01 8.377015304444095367e-01 1.242338991521874547e+00 7.678736005119377594e-01 1.132198680251520928e+00
1.190786977133665214e+00 7.800813492055668208e-01 8.335257140611612714e-01 1.255966057765709909e+00 7.647155920130375151e-01 9.706441679469016703e-01 6.552079085502379163e-01 3.714461986459249854e-01 1.138722277176581255e+00 1.202127039597768343e+00 7.800813492055663767e-01 8.335257140611612714e-01 1.255966057765709909e+00 7.647155920130375151e-01 1.134032810431545801e+00
1.195556953405487732e+00 7.817152197032282146e-01 8.306055631654296612e-01 1.269745568855321860e+00 7.615568830778804976e-01 9.547959964840510017e-01 6.289964851434771687e-01 3.530175461863490627e-01 1.135770071340386211e+00 1.214943765955411425e+00 7.817152197032277705e-01 8.306055631654296612e-01 1.269745568855321860e+00 7.615568830778804976e-01 1.135797011516619381e+00
1.200347610517259023e+00 7.847850639677376172e-01 8.288562139895433445e-01 1.283627614553195295e+00 7.583497599174585657e-01 9.387964365768228792e-01 6.023506050098079712e-01 3.358776670856665758e-01 1.132693762256732128e+00 1.227554632688568015e+00 7.847850639677371731e-01 8.288562139895433445e-01 1.283627614553195295e+00 7.583497599174585657e-01 1.137546510672214906e+00
1.205153551463984396e+00 7.893612654574467813e-01 8.281798908519144575e-01 1.297558328914057091e+00 7.550593254729542902e-01 9.227071235879807931e-01 5.753284265649898366e-01 3.199454111067663864e-01 1.129597008732601049e+00 1.239882436038292957e+00 7.893612654574463372e-01 8.281798908519144575e-01 1.297558328914057091e+00 7.550593254729542902e-01 1.139338548427858644e+00
1.209961168244281682e+00 7.954905064644038903e-01 8.284696557280866180e-01 1.311478005747753528e+00 7.516694197518793974e-01 9.066239472563472068e-01 5.480086458199995292e-01 3.050975121923542588e-01 1.126586315958322704e+00 1.251848776485945836e+00 7.954905064644034463e-01 8.284696557280866180e-01 1.311478005747753528e+00 7.516694197518793974e-01 1.141230042617271678e+00
1.214749828209682248e+00 8.031889403825022145e-01 8.296124255641512679e-01 1.325319523837316993e+00 7.481879132595687931e-01 8.906801594056132920e-01 5.204918494235971638e-01 2.911735521471992549e-01 1.123769610560716892e+00 1.263375420194654097e+00 8.031889403825017704e-01 8.296124255641512679e-01 1.325319523837316993e+00 7.481879132595687931e-01 1.143274878238360603e+00
1.219493321205693981e+00 8.124362519693726359e-01 8.314913506047683089e-01 1.339007598348971761e+00 7.446507581846253387e-01 8.750453484294223871e-01 4.928988256661828715e-01 2.779842540114265681e-01 1.121254678684949990e+00 1.274386514301203199e+00 8.124362519693721918e-01 8.314913506047683089e-01 1.339007598348971761e+00 7.446507581846254498e-01 1.145520913488743631e+00
1.224161490425146326e+00 8.231714784187372791e-01 8.339875662087214980e-01 1.352459166401340784e+00 7.411241512944518606e-01 8.599202020162719506e-01 4.653659211842235965e-01 2.653227376565197582e-01 1.119147322611566464e+00 1.284811653966981382e+00 8.231714784187368350e-01 8.339875662087214980e-01 1.352459166401340784e+00 7.411241512944519716e-01 1.148006877589829777e+00
1.228721959774273120e+00 8.352912176258796562e-01 8.369812798276736743e-01 1.365584926454053827e+00 7.377042053154828638e-01 8.455275016223721130e-01 4.380380026268199112e-01 2.529778724173121773e-01 1.117549065710068401e+00 1.294589479405839016e+00 8.352912176258792121e-01 8.369812798276736743e-01 1.365584926454053827e+00 7.377042053154829748e-01 1.150759410501456470e+00
1.233141865445627650e+00 8.486504590880109555e-01 8.403521926604412551e-01 1.378291763493819433e+00 7.345136899368222005e-01 8.321003119356655819e-01 4.110600119275629738e-01 2.407484827763972657e-01 1.116554154500127405e+00 1.303671214875760098e+00 8.486504590880105114e-01 8.403521926604413661e-01 1.378291763493819433e+00 7.345136899368223116e-01 1.153790535518717686e+00
1.237389505901034692e+00 8.630658546681487797e-01 8.439793906294443815e-01 1.390485590234139313e+00 7.316957021814808337e-01 8.198686923464179044e-01 3.845683606420293166e-01 2.284570324176982969e-01 1.116245537486850514e+00 1.312023455838252861e+00 8.630658546681483356e-01 8.439793906294444925e-01 1.390485590234139313e+00 7.316957021814809448e-01 1.157095850327262365e+00
1.241435846255254827e+00 8.783209408606819091e-01 8.477410224197595712e-01 1.402074081938120109e+00 7.294045218937081909e-01 8.090463529649263297e-01 3.586834036249734736e-01 2.159615565471104670e-01 1.116689559493979411e+00 1.319629627083849455e+00 8.783209408606814650e-01 8.477410224197596822e-01 1.402074081938120109e+00 7.294045218937083019e-01 1.160653672688401583e+00
1.245255847545885031e+00 8.941727290702670139e-01 8.515142312826488036e-01 1.412968899181270110e+00 7.277943267664835902e-01 7.998184987591987483e-01 3.335039650925433752e-01 2.031649338405823735e-01 1.117929395575546492e+00 1.326489856970224812e+00 8.941727290702665698e-01 8.515142312826489146e-01 1.412968899181269888e+00 7.277943267664837013e-01 1.164425298232664163e+00
1.248829628521226143e+00 9.103591997550658510e-01 8.551758506600595222e-01 1.423087247634655883e+00 7.270068013428964138e-01 7.923317568335173089e-01 3.091044479841965065e-01 1.900209221702232609e-01 1.119977761514491910e+00 1.332619445452391194e+00 9.103591997550654069e-01 8.551758506600596332e-01 1.423087247634655661e+00 7.270068013428965248e-01 1.168356437350899668e+00
1.252143491916408502e+00 9.266074731696399835e-01 8.586042813863815626e-01 1.432352938506832984e+00 7.271589159322933149e-01 7.866867198436652275e-01 2.855345670127359403e-01 1.765366006210798977e-01 1.122810045092721642e+00 1.338046504506409162e+00 9.266074731696395395e-01 8.586042813863816736e-01 1.432352938506832762e+00 7.271589159322934259e-01 1.172379805759991900e+00
1.255190843739537376e+00 9.426426284533910849e-01 8.616827526360818501e-01 1.440697378164043085e+00 7.283322409005776876e-01 7.829333836699656768e-01 2.628213172127151775e-01 1.627709606661787434e-01 1.126359469599323093e+00 1.342809578826077432e+00 9.426426284533906408e-01 8.616827526360819611e-01 1.440697378164042863e+00 7.283322409005777986e-01 1.176418747486097649e+00
