1.000000000000000000e+00 1.000000000000000000e+00 1.000000000000000000e+00 1.000000000000000000e+00 1.000000000000000000e+00 1.000000000000000000e+00 1.000000000000000000e+00 1.000000000000000000e+00 1.000000000000000000e+00 1.000000000000000000e+00 1.000000000000000000e+00 1.000000000000000000e+00 1.000000000000000000e+00 1.000000000000000000e+00 1.000000000000000000e+00
9.607796579358495181e-01 9.666226103592285845e-01 9.645723937067501863e-01 9.634273166986736525e-01 9.647862200117103271e-01 9.995791743019496467e-01 9.641633601287037392e-01 1.009925967570339367e+00 9.869230739030701027e-01 9.649035184239943552e-01 9.666226103592285845e-01 9.645723937067501863e-01 9.634273166986736525e-01 9.647862200117103271e-01 9.607796579358495181e-01
9.250088210109325138e-01 9.324992468109365440e-01 9.322895954723968703e-01 9.286074808297355432e-01 9.325317393602324811e-01 9.891928170898969253e-01 9.197441733075647496e-01 1.022215063562906145e+00 9.765957088415311294e-01 9.203411211855299090e-01 9.324992468109365440e-01 9.322895954723968703e-01 9.286074808297356542e-01 9.325317393602324811e-01 9.271484450354124940e-01
8.959282427834215357e-01 9.024136642544702269e-01 9.100523327561154119e-01 8.977396779207729161e-01 9.099148769706859596e-01 9.704557636664272735e-01 8.744658286648248069e-01 1.038286256591864687e+00 9.681032849257986683e-01 8.711744057802015551e-01 9.024136642544702269e-01 9.100523327561154119e-01 8.977396779207730271e-01 9.099148769706859596e-01 9.028470459410942173e-01
8.743118860778043011e-01 8.796688598277976334e-01 9.008450822394378221e-01 8.716370122305454604e-01 8.993275876015319747e-01 9.472851257901716560e-01 8.333142902373438243e-01 1.058338037681759713e+00 9.615326775941506199e-01 8.228137748691417563e-01 8.796688598277976334e-01 9.008450822394378221e-01 8.716370122305455714e-01 8.993275876015319747e-01 8.885335407595045254e-01
8.586481357175546059e-01 8.639992408537966462e-01 9.029981178458909019e-01 8.494515285322148390e-01 8.987618208925494123e-01 9.224242823129314983e-01 7.965488744274989985e-01 1.081002827075427497e+00 9.573424421705800658e-01 7.780156083925149346e-01 8.639992408537966462e-01 9.029981178458909019e-01 8.494515285322149500e-01 8.987618208925494123e-01 8.822020818205571491e-01
8.468320709480149366e-01 8.535715918731149321e-01 9.133560764465146198e-01 8.296177999197519304e-01 9.050424142939506034e-01 8.966447985158181311e-01 7.624651131012520899e-01 1.104473714687662866e+00 9.557914871998332007e-01 7.373445337794957144e-01 8.535715918731149321e-01 9.133560764465146198e-01 8.296177999197520414e-01 9.050424142939506034e-01 8.812064426531661665e-01
8.372143567083611959e-01 8.468861869117758623e-01 9.293066649564976078e-01 8.106579432986045219e-01 9.156697379893952160e-01 8.698346201083784202e-01 7.296799456366861447e-01 1.127249332720314801e+00 9.568652397623669259e-01 7.007085702083019063e-01 8.468861869117758623e-01 9.293066649564976078e-01 8.106579432986046330e-01 9.156697379893952160e-01 8.833816861210026516e-01
8.287601831669545449e-01 8.431747857682618807e-01 9.490616031646045281e-01 7.914113234272851516e-01 9.289856694776913448e-01 8.417956383960827349e-01 6.977071385857187558e-01 1.148187887820675046e+00 9.603476198201722491e-01 6.680499189245446834e-01 8.431747857682619918e-01 9.490616031646045281e-01 7.914113234272852626e-01 9.289856694776913448e-01 8.871608388948779567e-01
8.209033281335413879e-01 8.421846091688078850e-01 9.714136155585577637e-01 7.710208197309410538e-01 9.438867338383311045e-01 8.125478537031771697e-01 6.668415873323537690e-01 1.166358874485211805e+00 9.658715181000733230e-01 6.394443926625018593e-01 8.421846091688079960e-01 9.714136155585577637e-01 7.710208197309411648e-01 9.438867338383311045e-01 8.914063299200570833e-01
8.133800789834879641e-01 8.438996711896108449e-01 9.954973622144686063e-01 7.488947983878629922e-01 9.595770022046893333e-01 7.824062406685562410e-01 6.378945779297348073e-01 1.180923847837350049e+00 9.729489262975425934e-01 6.150118118830312230e-01 8.438996711896109559e-01 9.954973622144686063e-01 7.488947983878631032e-01 9.595770022046893333e-01 8.952682341308138003e-01
8.061027411116280517e-01 8.483391337756007733e-01 1.020637905475944684e+00 7.246939213068963603e-01 9.754326754715386683e-01 7.519498925971235259e-01 6.119096303419415683e-01 1.191097645960900842e+00 9.810114788059911550e-01 5.947905778452012848e-01 8.483391337756008843e-01 1.020637905475944684e+00 7.246939213068963603e-01 9.754326754715386683e-01 8.981195888916436720e-01
7.990708094212226609e-01 8.554467624646453494e-01 1.046268921143467034e+00 6.983260067770248325e-01 9.909548369150411595e-01 7.219172449563477922e-01 5.898923802137071570e-01 1.196187648812901294e+00 9.894766819870726149e-01 5.786296579603916745e-01 8.554467624646454604e-01 1.046268921143467034e+00 6.983260067770249435e-01 9.909548369150411595e-01 8.995458603235922945e-01
7.923100991151312833e-01 8.650558224471881497e-01 1.071892746089341930e+00 6.699234917535064060e-01 1.005774084286666481e+00 6.930554347492368095e-01 5.725880262957560030e-01 1.195682436003570270e+00 9.978279152381732686e-01 5.661309842123148917e-01 8.650558224471882607e-01 1.071892746089341930e+00 6.699234917535065170e-01 1.005774084286666481e+00 8.993523805058237786e-01
7.858335591500239525e-01 8.769024289274475192e-01 1.097059280545954918e+00 6.397968311321107215e-01 1.019671227657551249e+00 6.659690066273994402e-01 5.603419438911683148e-01 1.189345006771131530e+00 1.005677898273270587e+00 5.566632266169887489e-01 8.769024289274476303e-01 1.097059280545954918e+00 6.397968311321107215e-01 1.019671227657551249e+00 8.975597435414419678e-01
7.796211494637431683e-01 8.906581227482928131e-01 1.121351710050254136e+00 6.083782407858261410e-01 1.032585591187460183e+00 6.410148292762886113e-01 5.530601080503690925e-01 1.177269264141402205e+00 1.012790341611384148e+00 5.494433167125545303e-01 8.906581227482929242e-01 1.121351710050254136e+00 6.083782407858261410e-01 1.032585591187460183e+00 8.943728358372696752e-01
7.736172188005023820e-01 9.059616939988582862e-01 1.144380785520343835e+00 5.761732933454639660e-01 1.044597078941172930e+00 6.182672958451284062e-01 5.502570810152662695e-01 1.159879847156667365e+00 1.019057790962296206e+00 5.436559818109756304e-01 9.059616939988583972e-01 1.144380785520343835e+00 5.761732933454639660e-01 1.044597078941172930e+00 8.901255502248406337e-01
7.677421116374507637e-01 9.224444648691907389e-01 1.165796368367479241e+00 5.437237561028632760e-01 1.055883904007820728e+00 5.975483509147403449e-01 5.511612166695011306e-01 1.137877583657236347e+00 1.024455104067780065e+00 5.385708551313763692e-01 9.224444648691908499e-01 1.165796368367479241e+00 5.437237561028632760e-01 1.055883904007820728e+00 8.852126718730745081e-01
7.619117779580926175e-01 9.397513872197273965e-01 1.185318596305942496e+00 5.115719044111822766e-01 1.066667693458237087e+00 5.784998268255449050e-01 5.548453740324038597e-01 1.112144564898805976e+00 1.028993499078881824e+00 5.336245221789857052e-01 9.397513872197275075e-01 1.185318596305942496e+00 5.115719044111821656e-01 1.066667693458237087e+00 8.800223267816060790e-01
7.560572703613986922e-01 9.575592967996459093e-01 1.202776960292479158e+00 4.802180784825688109e-01 1.077160279563370349e+00 5.606727765897531190e-01 5.603568782366178391e-01 1.083628561425296066e+00 1.032691346724003534e+00 5.284525009830431941e-01 9.575592967996460203e-01 1.202776960292479158e+00 4.802180784825686999e-01 1.077160279563370349e+00 8.748807896685428798e-01
