1.000000000000000000e+00 1.000000000000000000e+00 1.000000000000000000e+00 1.000000000000000000e+00 1.000000000000000000e+00 1.000000000000000000e+00 1.000000000000000000e+00 1.000000000000000000e+00 1.000000000000000000e+00 1.000000000000000000e+00 1.000000000000000000e+00 1.000000000000000000e+00 1.000000000000000000e+00 1.000000000000000000e+00 1.000000000000000000e+00
1.049025427580188019e+00 9.868135980317660483e-01 1.046592602225427715e+00 1.045447525217350959e+00 9.849772076842479018e-01 1.050455146606454004e+00 1.026561698815965151e+00 9.578898125035998357e-01 1.049321412590331626e+00 1.015779490728498713e+00 9.868135980317660483e-01 1.046592602225427715e+00 1.045447525217351181e+00 9.849772076842477908e-01 1.049025427580188241e+00
1.095130917793977421e+00 9.802211682874509835e-01 1.085790859587175250e+00 1.083861073481187098e+00 9.754660230815481725e-01 1.098814064647016586e+00 1.057149554413020054e+00 9.150720726813396100e-01 1.088212993212334112e+00 1.036190682962533138e+00 9.802211682874509835e-01 1.085790859587175250e+00 1.083861073481187320e+00 9.754660230815480615e-01 1.092377127010589977e+00
1.134460545102140561e+00 9.791017713109815279e-01 1.114776289550293287e+00 1.109981184470768767e+00 9.743108505199946645e-01 1.141998583236345066e+00 1.087964533846030202e+00 8.749178682289444620e-01 1.114407546188046716e+00 1.058007978634426083e+00 9.791017713109815279e-01 1.114776289550293287e+00 1.109981184470768989e+00 9.743108505199945535e-01 1.127140096472199593e+00
1.165709879774688984e+00 9.816903303051788265e-01 1.133953357572359488e+00 1.122597153277816062e+00 9.802205713271237020e-01 1.178840478573192296e+00 1.116211549593967511e+00 8.391093933042924613e-01 1.128850005724383987e+00 1.078203516121817307e+00 9.816903303051788265e-01 1.133953357572359488e+00 1.122597153277816284e+00 9.802205713271235910e-01 1.152895149569469258e+00
1.189816720430772135e+00 9.864344172165547819e-01 1.145467240137615805e+00 1.123655792871001813e+00 9.903911483357666912e-01 1.209864025047901137e+00 1.140925351106642616e+00 8.075987542159891452e-01 1.133813029026825570e+00 1.095637038243374661e+00 9.864344172165547819e-01 1.145467240137615805e+00 1.123655792871002035e+00 9.903911483357665801e-01 1.171012869432729753e+00
1.208603802629760304e+00 9.923052513687354859e-01 1.151665010227486130e+00 1.116118003995628216e+00 1.002612235412564834e+00 1.236327666158743233e+00 1.162317222797182970e+00 7.794492971134316939e-01 1.131639938298977022e+00 1.110562535546992358e+00 9.923052513687354859e-01 1.151665010227486130e+00 1.116118003995628438e+00 1.002612235412564612e+00 1.183483232349529679e+00
1.223809984159242248e+00 9.986969321311695014e-01 1.154451642570134995e+00 1.102642252072591811e+00 1.015633905121245961e+00 1.259533928889278842e+00 1.180989223892582318e+00 7.535734974051637725e-01 1.124268795128913867e+00 1.123659604555840463e+00 9.986969321311695014e-01 1.154451642570134995e+00 1.102642252072592033e+00 1.015633905121245739e+00 1.192153604856371674e+00
1.236754297216402065e+00 1.005251734579071465e+00 1.155198992051400753e+00 1.085218915984747401e+00 1.028848778109948459e+00 1.280548740752513126e+00 1.197519720114809338e+00 7.290734384675446877e-01 1.113155493087570225e+00 1.135536918549264307e+00 1.005251734579071465e+00 1.155198992051400753e+00 1.085218915984747623e+00 1.028848778109948237e+00 1.198460172748983199e+00
1.248332976019007834e+00 1.011745098773056073e+00 1.154838881636596204e+00 1.065234620652914854e+00 1.041981239457319131e+00 1.300155618658910939e+00 1.212337743065830642e+00 7.053121069996953763e-01 1.099352513769621842e+00 1.146610338097908022e+00 1.011745098773056073e+00 1.154838881636596204e+00 1.065234620652914854e+00 1.041981239457318908e+00 1.203425854073966406e+00
1.259114764371713324e+00 1.018027298887653531e+00 1.153980011417936158e+00 1.043632406065554408e+00 1.054910912023581115e+00 1.318897003287331948e+00 1.225724551810194018e+00 6.818787142008444491e-01 1.083615998407385650e+00 1.157123899435165582e+00 1.018027298887653531e+00 1.153980011417936158e+00 1.043632406065554408e+00 1.054910912023580893e+00 1.207743773849465851e+00
1.269439164032336365e+00 1.023995330039055851e+00 1.153003966748209708e+00 1.021052667287760229e+00 1.067588886843227058e+00 1.337132914168764009e+00 1.237851149105576809e+00 6.585318842320695421e-01 1.066494665300713907e+00 1.167200316458997689e+00 1.023995330039055851e+00 1.153003966748209930e+00 1.021052667287760229e+00 1.067588886843226836e+00 1.211866760846307400e+00
1.279492963856950105e+00 1.029578119464521713e+00 1.152135898506009504e+00 9.979348132810917926e-01 1.080000552759164290e+00 1.355093096984758105e+00 1.248816732956221420e+00 6.351490928196917851e-01 1.048393534839559882e+00 1.176885425062601520e+00 1.029578119464521713e+00 1.152135898506009726e+00 9.979348132810917926e-01 1.080000552759164067e+00 1.216079782494317918e+00
1.289364371148147503e+00 1.034727403866828821e+00 1.151494871898471661e+00 9.745858761908587908e-01 1.092149082803273608e+00 1.372917429404780343e+00 1.258678586573028557e+00 6.116879285407119671e-01 1.029617419516789312e+00 1.186180115882881081e+00 1.034727403866828821e+00 1.151494871898471883e+00 9.745858761908587908e-01 1.092149082803273386e+00 1.220553151519113921e+00
1.299079721620804095e+00 1.039411308028442393e+00 1.151129316168883809e+00 9.512256519460435822e-01 1.104047559239345944e+00 1.390685351729091135e+00 1.267472853200542149e+00 5.881578698653980863e-01 1.010400340551850018e+00 1.195061432305323024e+00 1.039411308028442393e+00 1.151129316168884031e+00 9.512256519460435822e-01 1.104047559239345722e+00 1.225379972185552502e+00
1.308627844592905820e+00 1.043609554215010560e+00 1.151041772779850536e+00 9.280160250484871254e-01 1.115714667909863511e+00 1.408436536871281897e+00 1.275228008824213388e+00 5.646000424784605176e-01 9.909255559675571590e-01 1.203495849885889424e+00 1.043609554215010560e+00 1.151041772779850980e+00 9.280160250484871254e-01 1.115714667909863289e+00 1.230601905930173379e+00
1.317976023123357709e+00 1.047309873778028644e+00 1.151206005189922887e+00 9.050798346085783264e-01 1.127171953939873239e+00 1.426185029584223107e+00 1.281973029686209742e+00 5.410727693362465951e-01 9.713393370005428684e-01 1.211447309800328664e+00 1.047309873778028644e+00 1.151206005189923331e+00 9.050798346085783264e-01 1.127171953939873017e+00 1.236226655553203546e+00
1.327080340637659672e+00 1.050505371000521659e+00 1.151578707869817197e+00 8.825129040610643072e-01 1.138441880670442607e+00 1.443928712829503969e+00 1.287741871992674758e+00 5.176413254763935212e-01 9.517605311487681297e-01 1.218881859252931132e+00 1.050505371000521881e+00 1.151578707869817642e+00 8.825129040610643072e-01 1.138441880670442385e+00 1.242239725095547032e+00
1.335892312402481963e+00 1.053192634270667671e+00 1.152107450401408828e+00 8.603916603654252482e-01 1.149546409600156194e+00 1.461655529986234603e+00 1.292575459789131465e+00 4.943708056552951202e-01 9.322872478106767336e-01 1.225770143711165661e+00 1.053192634270667893e+00 1.152107450401409272e+00 8.603916603654252482e-01 1.149546409600155972e+00 1.248612293227412406e+00
1.344363065086445097e+00 1.055370414688518554e+00 1.152736035830504768e+00 8.387779544183696645e-01 1.160505985535313700e+00 1.479347507920753868e+00 1.296522043189933360e+00 4.713213525255065539e-01 9.130015602978025502e-01 1.232088558931491162e+00 1.055370414688518776e+00 1.152736035830505212e+00 8.387779544183696645e-01 1.160505985535313478e+00 1.255306483591547062e+00
