1.000000000000000000e+00 1.000000000000000000e+00 1.000000000000000000e+00 1.000000000000000000e+00 1.000000000000000000e+00 1.000000000000000000e+00 1.000000000000000000e+00 1.000000000000000000e+00 1.000000000000000000e+00 1.000000000000000000e+00 1.000000000000000000e+00 1.000000000000000000e+00 1.000000000000000000e+00 1.000000000000000000e+00 1.000000000000000000e+00
9.934632763226415308e-01 9.741007539416498551e-01 9.949502487136677731e-01 9.938051717055912393e-01 9.722643635941317086e-01 1.018422127007321709e+00 9.872738559388005708e-01 9.906533175456209150e-01 1.010033569713167045e+00 9.837464711293664177e-01 9.741007539416498551e-01 9.949502487136677731e-01 9.938051717055912393e-01 9.722643635941317086e-01 9.934632763226415308e-01
9.871292903957998854e-01 9.472832537517369422e-01 9.887374375879608435e-01 9.874333135959842966e-01 9.436841853772153232e-01 1.032849382998529464e+00 9.699664082528807185e-01 9.795186647085535325e-01 1.019705432836036207e+00 9.655456049115076489e-01 9.472832537517369422e-01 9.887374375879608435e-01 9.874333135959842966e-01 9.436841853772153232e-01 9.874944947739306977e-01
9.810768622547719753e-01 9.204172438631282871e-01 9.818621580397800530e-01 9.816103110194436265e-01 9.152212756932661675e-01 1.041886529282002316e+00 9.490480243598498067e-01 9.675225750149596404e-01 1.027940909714819995e+00 9.462472447473607717e-01 9.204172438631282871e-01 9.818621580397800530e-01 9.816103110194436265e-01 9.152212756932661675e-01 9.822277823041544176e-01
9.753847842860532413e-01 8.945277677321303855e-01 9.750910969795136829e-01 9.769813252945381832e-01 8.878868737661723687e-01 1.044922590965545739e+00 9.258432067409663180e-01 9.557210109907382511e-01 1.033726496060524802e+00 9.268561552486707100e-01 8.945277677321303855e-01 9.750910969795136829e-01 9.769813252945381832e-01 8.878868737661723687e-01 9.777542951395203907e-01
9.701150553670588872e-01 8.705297073400934948e-01 9.692674296584271598e-01 9.739428575400765897e-01 8.624906486562614605e-01 1.042325713838776258e+00 9.017010740025862559e-01 9.450303528829752109e-01 1.036386505237154143e+00 9.082750563303022551e-01 8.705297073400934948e-01 9.692674296584271598e-01 9.739428575400765897e-01 8.624906486562614605e-01 9.741028375403711914e-01
9.652996505680084827e-01 8.490126936820802106e-01 9.650859659751727104e-01 9.725876021230562829e-01 8.394830856015953469e-01 1.035200956253023552e+00 8.776951795711893656e-01 9.360430613693767610e-01 1.035710143196224786e+00 8.911097874976678934e-01 8.490126936820802106e-01 9.650859659751727104e-01 9.725876021230562829e-01 8.394830856015953469e-01 9.712404666968290634e-01
9.609371570128991680e-01 8.301848665951212514e-01 9.629629136616215668e-01 9.727688440042026041e-01 8.189555022780817817e-01 1.024912839235140094e+00 8.544966757028443771e-01 9.290029560174972723e-01 1.031887847529714630e+00 8.756242661335753574e-01 8.301848665951211403e-01 9.629629136616215668e-01 9.727688440042026041e-01 8.189555022780817817e-01 9.690902243490173706e-01
9.569989756584275087e-01 8.139540476963150750e-01 9.630368314205915992e-01 9.742131961032239884e-01 8.007458059500877079e-01 1.012690299137709804e+00 8.324145015607630205e-01 9.238935048891699919e-01 1.025349517961277934e+00 8.618138795270000596e-01 8.139540476963149640e-01 9.630368314205914881e-01 9.742131961032239884e-01 8.007458059500877079e-01 9.675541685232855738e-01
9.534398379992534700e-01 8.000562035583158593e-01 9.652470239725520207e-01 9.766148227558231198e-01 7.845627510772867907e-01 9.994521105211057188e-01 8.115094443735902940e-01 9.205521866727608415e-01 1.016612570537349880e+00 8.495151714344807425e-01 8.000562035583157483e-01 9.652470239725519097e-01 9.766148227558231198e-01 7.845627510772867907e-01 9.665318901363990634e-01
9.502075786786637890e-01 7.881639961586465182e-01 9.694236966578365644e-01 9.796891386446966443e-01 7.700784900429786806e-01 9.858029926564055856e-01 7.917051096728292547e-01 9.187587259857878941e-01 1.006186185769361030e+00 8.384964636408619443e-01 7.881639961586464072e-01 9.694236966578364534e-01 9.796891386446966443e-01 7.700784900429787916e-01 9.659314148954543100e-01
9.472498844030556864e-01 7.779549615560531484e-01 9.753562509239663836e-01 9.831938876811775474e-01 7.569812481793557479e-01 9.721025508150011873e-01 7.728662970752390171e-01 9.182867804790592059e-01 9.945275980668858429e-01 8.285145701147171859e-01 7.779549615560530373e-01 9.753562509239662726e-01 9.831938876811775474e-01 7.569812481793558590e-01 9.656738188497543396e-01
9.445179807232420011e-01 7.691454996715544334e-01 9.828344370512017703e-01 9.869319714224110696e-01 7.449985793216173935e-01 9.585428172134632385e-01 7.548451122060689800e-01 9.189279095241783546e-01 9.820305276554556206e-01 8.193436945796083171e-01 7.691454996715543224e-01 9.828344370512016592e-01 9.869319714224110696e-01 7.449985793216175045e-01 9.656939916275446567e-01
9.419681087870314107e-01 7.615031866709468522e-01 9.916689135649963127e-01 9.907465161148494293e-01 7.339035485298361916e-01 9.452095474399058173e-01 7.375044408352682268e-01 9.204992510937756167e-01 9.690289380628298588e-01 8.107868594223782699e-01 7.615031866709467412e-01 9.916689135649962017e-01 9.907465161148494293e-01 7.339035485298363026e-01 9.659394879438483184e-01
9.395616853492702036e-01 7.548475587574688950e-01 1.001699187450154627e+00 9.945137811944856354e-01 7.235125399840403038e-01 9.321238645634887243e-01 7.207279514014106603e-01 9.228431609951303072e-01 9.558061768331285180e-01 8.026779629641643821e-01 7.548475587574687840e-01 1.001699187450154405e+00 9.945137811944856354e-01 7.235125399840404148e-01 9.663686417093024783e-01
9.372647943188945341e-01 7.490456888855303585e-01 1.012794817452969065e+00 9.981363269138044947e-01 7.136796546839143662e-01 9.192682891190836481e-01 7.044229228155157729e-01 9.258235803592018698e-01 9.426046898634322657e-01 7.948794444482232269e-01 7.490456888855302475e-01 1.012794817452968843e+00 9.981363269138044947e-01 7.136796546839144773e-01 9.669485454089880028e-01
9.350474064033946764e-01 7.440059654495028152e-01 1.024853441680996458e+00 1.001537241436395664e+00 7.042901807669650349e-01 9.066021978604212883e-01 6.885196607465180474e-01 9.293215162155818998e-01 9.296343670912673440e-01 7.872782507479807457e-01 7.440059654495028152e-01 1.024853441680996013e+00 1.001537241436395664e+00 7.042901807669651459e-01 9.676531609700795844e-01
9.328825442987573879e-01 7.396717078753357599e-01 1.037797540370592797e+00 1.004655537669676191e+00 6.952542363535185732e-01 8.940707418731013156e-01 6.729695847933234720e-01 9.332306661829944394e-01 9.170789380885160380e-01 7.797814358038064331e-01 7.396717078753357599e-01 1.037797540370592353e+00 1.004655537669676191e+00 6.952542363535186842e-01 9.684616552144015289e-01
9.307455022778763354e-01 7.360152844454690424e-01 1.051570851569624043e+00 1.007442595055623169e+00 6.865009926508940374e-01 8.816100062611019750e-01 6.577430761886520205e-01 9.374535261996091995e-01 9.051003940237426493e-01 7.723119954579811264e-01 7.360152844454690424e-01 1.051570851569623599e+00 1.007442595055623169e+00 6.865009926508941485e-01 9.693569735273473986e-01
9.286131695709841649e-01 7.330328996792327967e-01 1.066134807952285435e+00 1.009859483353805931e+00 6.779735693010817688e-01 8.691502164573120526e-01 6.428276178904875904e-01 9.418979978558630339e-01 8.938415930084120387e-01 7.648051814960089567e-01 7.330328996792327967e-01 1.066134807952284991e+00 1.009859483353805931e+00 6.779735693010818798e-01 9.703246344253979583e-01
