1.000000000000000000e+00 1.000000000000000000e+00 1.000000000000000000e+00 1.000000000000000000e+00 1.000000000000000000e+00 1.000000000000000000e+00 1.000000000000000000e+00 1.000000000000000000e+00 1.000000000000000000e+00 1.000000000000000000e+00 1.000000000000000000e+00 1.000000000000000000e+00 1.000000000000000000e+00 1.000000000000000000e+00 1.000000000000000000e+00
9.117542303556613881e-01 9.554053949855966232e-01 9.190056111963738061e-01 9.178605341882972724e-01 9.535690046380784768e-01 9.713147452438917195e-01 9.294976164135584362e-01 1.038834942607416822e+00 9.522573301879249108e-01 9.366390893659363170e-01 9.554053949855966232e-01 9.190056111963738061e-01 9.178605341882972724e-01 9.535690046380784768e-01 9.117542303556613881e-01
8.471794295838561695e-01 9.235245750293653577e-01 8.599531717466357694e-01 8.494059896487073935e-01 9.323387833844016814e-01 9.232673708766981902e-01 8.559881261166701893e-01 1.090001154822224816e+00 9.170892799809707840e-01 8.541138901084310842e-01 9.235245750293653577e-01 8.599531717466358804e-01 8.494059896487073935e-01 9.323387833844016814e-01 8.516872141997718915e-01
8.195272711448343683e-01 9.141833772371026345e-01 8.432799938838718701e-01 8.051709099911213974e-01 9.486883267893903016e-01 8.766582245254976868e-01 8.060241361917990233e-01 1.146097534964066300e+00 9.024551144285121174e-01 7.805251218530426804e-01 9.141833772371026345e-01 8.432799938838719811e-01 8.051709099911213974e-01 9.486883267893903016e-01 8.328563401225049789e-01
8.078797630918521655e-01 9.100693495883382944e-01 8.486867679011075305e-01 7.718368421504795407e-01 9.780971981335674359e-01 8.379363136273775270e-01 7.672488262539015613e-01 1.193999509018153882e+00 9.012191950741698099e-01 7.241749354320756726e-01 9.100693495883382944e-01 8.486867679011076415e-01 7.718368421504795407e-01 9.780971981335674359e-01 8.316171054051573197e-01
8.006242126819214100e-01 9.034079965419913316e-01 8.630745827431290929e-01 7.412598943716560695e-01 1.008334453971165168e+00 8.050652800927644570e-01 7.305031984058095729e-01 1.229349172129637013e+00 9.058813543776416122e-01 6.834094119659922528e-01 9.034079965419913316e-01 8.630745827431292039e-01 7.412598943716560695e-01 1.008334453971165168e+00 8.343647038745605204e-01
7.956014633583465834e-01 8.947883311602849998e-01 8.822381576287451344e-01 7.120368592839487754e-01 1.036934986667796377e+00 7.762203830404865723e-01 6.946923568787234382e-01 1.253315541846696579e+00 9.124703777245247727e-01 6.562063490942883215e-01 8.947883311602849998e-01 8.822381576287452454e-01 7.120368592839487754e-01 1.036934986667796377e+00 8.375884614626641911e-01
7.926411472906861322e-01 8.858058769288621459e-01 9.043524726241928269e-01 6.842032096065080449e-01 1.063518126075476022e+00 7.503671205506738939e-01 6.608131068131217756e-01 1.267810891624024716e+00 9.186070074257554063e-01 6.405043412243116574e-01 8.858058769288621459e-01 9.043524726241929379e-01 6.842032096065080449e-01 1.063518126075476022e+00 8.402385202358877425e-01
7.916732674196602648e-01 8.775358535407936644e-01 9.283486960021265499e-01 6.577594390914689448e-01 1.088068869987717457e+00 7.269480609790036629e-01 6.299305104189595328e-01 1.274367547539597689e+00 9.227526672383651318e-01 6.342592339814976388e-01 8.775358535407936644e-01 9.283486960021266610e-01 6.577594390914689448e-01 1.088068869987717457e+00 8.418271860991212163e-01
7.924851745763233923e-01 8.705694475239510455e-01 9.535823004872721054e-01 6.325107775895331130e-01 1.110732795749416857e+00 7.055728115657066146e-01 6.026363589462547798e-01 1.274156870398391428e+00 9.239877352718756098e-01 6.354954785243419613e-01 8.705694475239510455e-01 9.535823004872722164e-01 6.325107775895331130e-01 1.110732795749416857e+00 8.421421042481680441e-01
7.947499648260312188e-01 8.652036706990079429e-01 9.796941643727993254e-01 6.081593582733209047e-01 1.131784770190043421e+00 6.858533361579308707e-01 5.789952173803052382e-01 1.268129027113621410e+00 9.218742812807566578e-01 6.423651366538410956e-01 8.652036706990079429e-01 9.796941643727994364e-01 6.081593582733209047e-01 1.131784770190043421e+00 8.411712891359790500e-01
7.980734280253777291e-01 8.615597479505200385e-01 1.006495749947449392e+00 5.844080886613715053e-01 1.151574879834442067e+00 6.673671622705147355e-01 5.586765436933430751e-01 1.257095005422569800e+00 9.163169351144211383e-01 6.532063820874854931e-01 8.615597479505200385e-01 1.006495749947449392e+00 5.844080886613715053e-01 1.151574879834442067e+00 8.390226886487227587e-01
8.020282343750676501e-01 8.596364559678726369e-01 1.033872598118467323e+00 5.610315119680798768e-01 1.170467235138743956e+00 6.496843464520856148e-01 5.411275255031614551e-01 1.241771313239213859e+00 9.074393588863857163e-01 6.665787638199235365e-01 8.596364559678726369e-01 1.033872598118467323e+00 5.610315119680797658e-01 1.170467235138743956e+00 8.358482976679560972e-01
8.061771705074618488e-01 8.593286310093714020e-01 1.061713728246471922e+00 5.379114350679636836e-01 1.188794046012774386e+00 6.324086693849330088e-01 5.257171213589539871e-01 1.222817524396654587e+00 8.954962742960336231e-01 6.812712013870655392e-01 8.593286310093714020e-01 1.061713728246471922e+00 5.379114350679635725e-01 1.188794046012774386e+00 8.317922614455270924e-01
8.100916426100623902e-01 8.604329757498873077e-01 1.089868672729437993e+00 5.150438979938564144e-01 1.206828979534845026e+00 6.152108022426822087e-01 5.118337150295264593e-01 1.200875005479395075e+00 8.808218437269339507e-01 6.962937929649721802e-01 8.604329757498873077e-01 1.089868672729437993e+00 5.150438979938563033e-01 1.206828979534845026e+00 8.269648586356397324e-01
8.133712197642810615e-01 8.626553171008486398e-01 1.118130082591309193e+00 4.925245133633717742e-01 1.224774686499364718e+00 5.978485322275503000e-01 4.989435718038453538e-01 1.176600307721523686e+00 8.638030894184882680e-01 7.108663590115493758e-01 8.626553171008486398e-01 1.118130082591309193e+00 4.925245133633716632e-01 1.224774686499364718e+00 8.214355674779538763e-01
8.156671495561194085e-01 8.656280465458024986e-01 1.146238466636152920e+00 4.705186171883543600e-01 1.242759342844892867e+00 5.801751864203162912e-01 4.866222796564121378e-01 1.150682351624894073e+00 8.448645570471077226e-01 7.244107013574444531e-01 8.656280465458024986e-01 1.146238466636152920e+00 4.705186171883541935e-01 1.242759342844892867e+00 8.152379912245280025e-01
8.167083969531875320e-01 8.689410880426006178e-01 1.173904092400561483e+00 4.492234514441569293e-01 1.260840243282105311e+00 5.621379176676035705e-01 4.745677761235811976e-01 1.123835545210206677e+00 8.244533033364904728e-01 7.365460897617917002e-01 8.689410880426006178e-01 1.173904092400561483e+00 4.492234514441567628e-01 1.260840243282105311e+00 8.083816482658467972e-01
8.163245785821694467e-01 8.721833134256887776e-01 1.200838592480657940e+00 4.288311193242758113e-01 1.279014623347602297e+00 5.437672127711260517e-01 4.625990224268468620e-01 1.096768686656158565e+00 8.030185023271878553e-01 7.470822579457309098e-01 8.721833134256887776e-01 1.200838592480657940e+00 4.288311193242756447e-01 1.279014623347602297e+00 8.008672274022595738e-01
8.144584362222045959e-01 8.749855211064715421e-01 1.226786780001861699e+00 4.095009206265624035e-01 1.297237263819162711e+00 5.251596797235074110e-01 4.506422417600464692e-01 1.070138763302016738e+00 7.809859099585910736e-01 7.560031445425771102e-01 8.749855211064715421e-01 1.226786780001861699e+00 4.095009206265622370e-01 1.297237263819162711e+00 7.927021110890241085e-01
