1.000000000000000000e+00 1.000000000000000000e+00 1.000000000000000000e+00 1.000000000000000000e+00 1.000000000000000000e+00 1.000000000000000000e+00 1.000000000000000000e+00 1.000000000000000000e+00 1.000000000000000000e+00 1.000000000000000000e+00 1.000000000000000000e+00 1.000000000000000000e+00 1.000000000000000000e+00 1.000000000000000000e+00 1.000000000000000000e+00
9.019491448396237399e-01 9.531619519108702754e-01 9.098922546942985745e-01 9.087471776862220407e-01 9.513255615633520179e-01 9.656618594322801119e-01 9.225644676705293534e-01 1.044616737614832314e+00 9.453241814448958280e-01 9.309862035543247094e-01 9.531619519108702754e-01 9.098922546942985745e-01 9.087471776862219297e-01 9.513255615633520179e-01 9.019491448396237399e-01
8.349307161882862927e-01 9.241424094392871602e-01 8.481764934945414947e-01 8.359022611629394195e-01 9.350289997982905721e-01 9.105998875452795405e-01 8.457243963170943957e-01 1.103899744231255475e+00 9.067597017162738471e-01 8.417032407884788014e-01 9.241424094392871602e-01 8.481764934945414947e-01 8.359022611629393085e-01 9.350289997982905721e-01 8.398515343624149976e-01
8.118475984912711940e-01 9.204829911163081579e-01 8.355547569011676501e-01 7.927050914654434344e-01 9.602345372791269984e-01 8.611462581080360223e-01 7.983795763542547164e-01 1.166038414250009314e+00 8.939494598614482479e-01 7.668363475310810973e-01 9.204829911163081579e-01 8.355547569011676501e-01 7.927050914654432123e-01 9.602345372791269984e-01 8.259068494647100467e-01
8.023687331746951479e-01 9.173534512372575334e-01 8.430480711051548948e-01 7.591862165678247010e-01 9.936120498078073737e-01 8.222924729837668423e-01 7.607635888667986235e-01 1.214361110181803927e+00 8.945583276811565066e-01 7.127131529337055182e-01 9.173534512372575334e-01 8.430480711051548948e-01 7.591862165678243679e-01 9.936120498078073737e-01 8.264636331460289975e-01
7.960587313440443680e-01 9.094782464028970947e-01 8.583827557377781137e-01 7.280009483916467516e-01 1.025015275701010031e+00 7.907550558462976831e-01 7.245832134142975445e-01 1.246991891904833727e+00 9.000270719163114830e-01 6.762215231599930654e-01 9.094782464028969837e-01 8.583827557377781137e-01 7.280009483916464186e-01 1.025015275701010031e+00 8.290811439634628854e-01
7.921253895097709607e-01 8.993180094710647721e-01 8.782997859924871475e-01 6.987994676119068105e-01 1.053787223504223824e+00 7.640638959048043910e-01 6.897697913707906414e-01 1.267230052326105083e+00 9.065216133250449948e-01 6.541558980934755185e-01 8.993180094710646610e-01 8.782997859924871475e-01 6.987994676119064774e-01 1.053787223504223824e+00 8.317895804124137982e-01
7.905287953854768235e-01 8.888345601603275803e-01 9.011006746726782923e-01 6.716794663617082772e-01 1.080141730347766282e+00 7.408107760437031564e-01 6.573386475564841902e-01 1.277859930853356252e+00 9.117848614781606242e-01 6.435746126898116426e-01 8.888345601603274693e-01 9.011006746726782923e-01 6.716794663617078331e-01 1.080141730347766282e+00 8.339424690804161377e-01
7.910384900812641451e-01 8.790850790521350655e-01 9.256953863453812881e-01 6.464469397042168497e-01 1.104337159101550281e+00 7.201634663707531248e-01 6.280511419798745498e-01 1.280803070219610262e+00 9.144448537747782435e-01 6.419058925020927342e-01 8.790850790521349545e-01 9.256953863453811771e-01 6.464469397042164056e-01 1.104337159101550281e+00 8.351777564414482047e-01
7.932868111835056357e-01 8.705957247310630587e-01 9.514163284304325563e-01 6.227292552721610530e-01 1.126703959045608272e+00 7.015151951315301559e-01 6.021745438349839219e-01 1.277449854968238263e+00 9.137734115964548653e-01 6.469187717606941224e-01 8.705957247310629477e-01 9.514163284304324453e-01 6.227292552721607199e-01 1.126703959045608272e+00 8.353573099287150416e-01
7.968422311000472602e-01 8.636001798717790612e-01 9.778767714171507919e-01 6.001213429917531261e-01 1.147633412217753612e+00 6.843347746626629036e-01 5.795355786519846841e-01 1.268880641041172375e+00 9.094973617663841825e-01 6.567018100567605376e-01 8.636001798717790612e-01 9.778767714171507919e-01 6.001213429917529041e-01 1.147633412217753612e+00 8.345045314375351131e-01
8.012536276952573200e-01 8.581576639123853489e-01 1.004849427655661209e+00 5.782842025404654196e-01 1.167528646654572011e+00 6.681349035871713138e-01 5.596744611064262687e-01 1.255980489304332037e+00 9.016381415408688538e-01 6.696524365433463855e-01 8.581576639123853489e-01 1.004849427655661209e+00 5.782842025404651976e-01 1.167528646654572011e+00 8.327241675141913158e-01
8.060757266523939091e-01 8.542061451560224450e-01 1.032174460732186327e+00 5.569941309533325002e-01 1.186758354453379516e+00 6.524859871395408684e-01 5.419988407162044108e-01 1.239507539658872393e+00 8.903940962397391967e-01 6.844590480647394504e-01 8.542061451560224450e-01 1.032174460732186327e+00 5.569941309533322782e-01 1.186758354453379516e+00 8.301376362119535779e-01
8.108849598730851760e-01 8.515859363194995257e-01 1.059698158969771153e+00 5.361544806410899477e-01 1.205628162471679587e+00 6.370369588344205747e-01 5.258979819340957595e-01 1.220145585669403454e+00 8.760672972337796294e-01 7.000742438300328052e-01 8.515859363194994147e-01 1.059698158969771153e+00 5.361544806410897257e-01 1.205628162471679587e+00 8.268447610998094222e-01
8.152928396866093719e-01 8.500536590324306863e-01 1.087238626716147794e+00 5.157827851008257580e-01 1.224368440325483753e+00 6.215297445274922117e-01 5.108146351150811837e-01 1.198546857294538359e+00 8.590237526405953838e-01 7.156866991340606887e-01 8.500536590324305752e-01 1.087238626716147794e+00 5.157827851008254250e-01 1.224368440325483753e+00 8.229084329902714989e-01
8.189612982101754923e-01 8.492979456152320861e-01 1.114573677327398427e+00 4.959834968017250434e-01 1.243133089743697184e+00 6.058053269389691575e-01 4.962851521288629830e-01 1.175360385698597243e+00 8.396720005128908149e-01 7.306980997744358941e-01 8.492979456152319750e-01 1.114573677327398427e+00 4.959834968017247103e-01 1.243133089743697184e+00 8.183551028062748811e-01
8.216208263324648042e-01 8.489625280869822488e-01 1.141446032634771734e+00 4.769143356989886118e-01 1.262005395023066301e+00 5.898021796930119631e-01 4.819581133900843195e-01 1.151240287383608285e+00 8.184474421116323395e-01 7.447063731226163386e-01 8.489625280869821378e-01 1.141446032634771734e+00 4.769143356989882787e-01 1.262005395023066301e+00 8.131851226457949000e-01
8.230884883231459614e-01 8.486771048718880772e-01 1.167580259191402181e+00 4.587532324382859183e-01 1.281009314274558220e+00 5.735478823851313246e-01 4.675975662659098697e-01 1.126832526125790324e+00 7.957946944920055721e-01 7.574917100485935029e-01 8.486771048718879662e-01 1.167580259191402181e+00 4.587532324382855853e-01 1.281009314274558220e+00 8.073884892988831830e-01
8.232804766848106359e-01 8.480914672681254540e-01 1.192704689997934553e+00 4.416719735872568497e-01 1.300125333941147820e+00 5.571449899726688137e-01 4.530738635183070850e-01 1.102745127020677618e+00 7.721457539921225965e-01 7.689997857415702409e-01 8.480914672681253430e-01 1.192704689997934553e+00 4.416719735872565722e-01 1.300125333941147820e+00 8.009621205031346447e-01
8.222141111085868870e-01 8.469053870402915019e-01 1.216571136053447910e+00 4.258205514823084625e-01 1.319309080830834979e+00 5.407532341678632504e-01 4.383443969720638989e-01 1.079512315446350179e+00 7.478965315603849362e-01 7.793177768142424133e-01 8.469053870402913908e-01 1.216571136053447910e+00 4.258205514823081850e-01 1.319309080830834979e+00 7.939248768562355840e-01
