1.000000000000000000e+00 1.000000000000000000e+00 1.000000000000000000e+00 1.000000000000000000e+00 1.000000000000000000e+00 1.000000000000000000e+00 1.000000000000000000e+00 1.000000000000000000e+00 1.000000000000000000e+00 1.000000000000000000e+00 1.000000000000000000e+00 1.000000000000000000e+00 1.000000000000000000e+00 1.000000000000000000e+00 1.000000000000000000e+00
8.888756974849069126e-01 9.501706944779017006e-01 8.977411126915315620e-01 8.965960356834550282e-01 9.483343041303835541e-01 9.581246783501312647e-01 9.133202693464905764e-01 1.052325797624719561e+00 9.360799831208570509e-01 9.234490224721758622e-01 9.501706944779017006e-01 8.977411126915315620e-01 8.965960356834549172e-01 9.483343041303835541e-01 8.888756974849068015e-01
8.206860819398492657e-01 9.263628786824220640e-01 8.341589503954375262e-01 8.194646538395895519e-01 9.400902325444099317e-01 8.941901178182405374e-01 8.335957635623023609e-01 1.122552953127675446e+00 8.941019498355400330e-01 8.258074056833015764e-01 9.263628786824220640e-01 8.341589503954374152e-01 8.194646538395894408e-01 9.400902325444099317e-01 8.261195177745174201e-01
8.045681442882527401e-01 9.297745692895358349e-01 8.274211801636506269e-01 7.787601691030348050e-01 9.761592363181884613e-01 8.422767586981055876e-01 7.905699922803458568e-01 1.191111105690312089e+00 8.846957098775987127e-01 7.508290074558646721e-01 9.297745692895359459e-01 8.274211801636505159e-01 7.787601691030346940e-01 9.761592363181884613e-01 8.192950311890514481e-01
7.966556322050080130e-01 9.258948192064815341e-01 8.366424183533706094e-01 7.446627779488177445e-01 1.012093133268623601e+00 8.045298858676943610e-01 7.540381005426878280e-01 1.237357204186757986e+00 8.870866414195555105e-01 7.009426017888928939e-01 9.258948192064816451e-01 8.366424183533704984e-01 7.446627779488176335e-01 1.012093133268623601e+00 8.205799926493443364e-01
7.913566398512243971e-01 9.158352637283019293e-01 8.530532759376987517e-01 7.132622857333591471e-01 1.043659925749777617e+00 7.756523037555003164e-01 7.189659640951120423e-01 1.265231658125876457e+00 8.930450290623048737e-01 6.707154165559636727e-01 9.158352637283020403e-01 8.530532759376986407e-01 7.132622857333589250e-01 1.043659925749777617e+00 8.225904711292468807e-01
7.889252385194105432e-01 9.036782094192170600e-01 8.740495839354046614e-01 6.848916763529793172e-01 1.072024245261957054e+00 7.522648859333803673e-01 6.859478258649099880e-01 1.280413761123161631e+00 8.990611648437425441e-01 6.551650616036913677e-01 9.036782094192171710e-01 8.740495839354045504e-01 6.848916763529790952e-01 1.072024245261957054e+00 8.247661666846470840e-01
7.890265934993113683e-01 8.913538620116052691e-01 8.977836902416371778e-01 6.592680836843876069e-01 1.097794065737142777e+00 7.325262654074622404e-01 6.556107140844248393e-01 1.286360492075399486e+00 9.030366688587240231e-01 6.503996090064598778e-01 8.913538620116053801e-01 8.977836902416370668e-01 6.592680836843873848e-01 1.097794065737142777e+00 8.265510419618172788e-01
7.911881250092609452e-01 8.797973662360676350e-01 9.230969239754112099e-01 6.358923721542304452e-01 1.121480707198164506e+00 7.153184424545986353e-01 6.282915274880713774e-01 1.285293382008451335e+00 9.038447317222402244e-01 6.534419027887539144e-01 8.797973662360676350e-01 9.230969239754110989e-01 6.358923721542301122e-01 1.121480707198164506e+00 8.276532886841209136e-01
7.948989408796391931e-01 8.694275846794096152e-01 9.492859824058692553e-01 6.142262049499500609e-01 1.143572561998472237e+00 6.998631606794090132e-01 6.039413679752333453e-01 1.278746602556231959e+00 9.009854120873056482e-01 6.619742212972926643e-01 8.694275846794096152e-01 9.492859824058691443e-01 6.142262049499497278e-01 1.143572561998472237e+00 8.279833782082314242e-01
7.996606095147456017e-01 8.603846378858343025e-01 9.759253421049842725e-01 5.938104474438273828e-01 1.164532589690779885e+00 6.855629502721756197e-01 5.822133051512865531e-01 1.267861225671693903e+00 8.943517942300173162e-01 6.741777244671912639e-01 8.603846378858343025e-01 9.759253421049841615e-01 5.938104474438270497e-01 1.164532589690779885e+00 8.275738907770389119e-01
8.050096713516309288e-01 8.526420466642754548e-01 1.002738558316577766e+00 5.743212371043936448e-01 1.184771476760229536e+00 6.719482010422969109e-01 5.625943191616367134e-01 1.253539543497169673e+00 8.840714482212933545e-01 6.886329186725409501e-01 8.526420466642754548e-01 1.002738558316577766e+00 5.743212371043933118e-01 1.184771476760229536e+00 8.265070547627855202e-01
8.105281039886418348e-01 8.460607768023705733e-01 1.029511933522115674e+00 5.555815341884532410e-01 1.204626760063356894e+00 6.586633404441752937e-01 5.445184732696877195e-01 1.236536959848530071e+00 8.704080301413207321e-01 7.042484078309249051e-01 8.460607768023705733e-01 1.029511933522115674e+00 5.555815341884529079e-01 1.204626760063356894e+00 8.248667502492357251e-01
8.158499017108122864e-01 8.404184441494223501e-01 1.056041377585384300e+00 5.375456774291760276e-01 1.224354643087235850e+00 6.454631040061420411e-01 5.274442223591769840e-01 1.217523483254592032e+00 8.537058203065144291e-01 7.202056814895818615e-01 8.404184441494223501e-01 1.056041377585384078e+00 5.375456774291756945e-01 1.224354643087235850e+00 8.227147276859786418e-01
8.206684788736152703e-01 8.354305968601337673e-01 1.082104147930555760e+00 5.202706628779985021e-01 1.244132224594822977e+00 6.322090631378896042e-01 5.109001992701640571e-01 1.197123671587193572e+00 8.343595986675813592e-01 7.359169403505513296e-01 8.354305968601337673e-01 1.082104147930555538e+00 5.202706628779981690e-01 1.244132224594822977e+00 8.200851258430293944e-01
8.247464293038844207e-01 8.307722585667589588e-01 1.107448618381420724e+00 5.038835422772156569e-01 1.264066588671532321e+00 6.188638121331162534e-01 4.945084512215640604e-01 1.175935871942295208e+00 8.127956363312065502e-01 7.509937766473048226e-01 8.307722585667590698e-01 1.107448618381420502e+00 5.038835422772154349e-01 1.264066588671532321e+00 8.169911877324842475e-01
8.279261508313429108e-01 8.261022461600969757e-01 1.131796179982861306e+00 4.885512909879308752e-01 1.284208428552503500e+00 6.054821851117561105e-01 4.779919093690109255e-01 1.154531560102316057e+00 7.894548341537128699e-01 7.652226918353752794e-01 8.261022461600969757e-01 1.131796179982861084e+00 4.885512909879307086e-01 1.284208428552503500e+00 8.134392517642043963e-01
8.301377693833354998e-01 8.210885453858329797e-01 1.154849645799299607e+00 4.744574182572669496e-01 1.304568777427408843e+00 5.921995671955078144e-01 4.611699469164184939e-01 1.133438823418000840e+00 7.647744510255808370e-01 7.785422779061899057e-01 8.210885453858329797e-01 1.154849645799299163e+00 4.744574182572667831e-01 1.304568777427408843e+00 8.094458392677886804e-01
8.314005040469528707e-01 8.154304439663071502e-01 1.176302747641343016e+00 4.617875862659431840e-01 1.325137339210303411e+00 5.792181898181105737e-01 4.439445518496025200e-01 1.113117431673188884e+00 7.391693818938693816e-01 7.910176098430904412e-01 8.154304439663071502e-01 1.176302747641342572e+00 4.617875862659430175e-01 1.325137339210303411e+00 8.050540153534727628e-01
8.318152754051878484e-01 8.088728682358247157e-01 1.195846281994933591e+00 4.507242242217691097e-01 1.345900430180341889e+00 5.667931535225961825e-01 4.262799415161068750e-01 1.093934196874148723e+00 7.130167021999601618e-01 8.028097473424963271e-01 8.088728682358247157e-01 1.195846281994933147e+00 4.507242242217689432e-01 1.345900430180341889e+00 8.003458872023906379e-01
