1.000000000000000000e+00 1.000000000000000000e+00 1.000000000000000000e+00 1.000000000000000000e+00 1.000000000000000000e+00 1.000000000000000000e+00 1.000000000000000000e+00 1.000000000000000000e+00 1.000000000000000000e+00 1.000000000000000000e+00 1.000000000000000000e+00 1.000000000000000000e+00 1.000000000000000000e+00 1.000000000000000000e+00 1.000000000000000000e+00
1.016341809193396006e+00 9.793354544493447777e-01 1.016214747218510128e+00 1.015069670210433594e+00 9.774990641018265203e-01 1.031612193901082053e+00 1.003451203005868209e+00 9.771624625283181764e-01 1.026210916780234683e+00 9.969365380231267615e-01 9.793354544493447777e-01 1.016214747218510128e+00 1.015069670210433594e+00 9.774990641018265203e-01 1.016341809193396006e+00
1.032299173763447264e+00 9.602180934018806902e-01 1.029455518381239942e+00 1.028601865602746024e+00 9.553766338777303080e-01 1.061731762866653161e+00 1.006398305669855331e+00 9.514821185977161422e-01 1.049313811979379008e+00 9.960707607517139683e-01 9.602180934018806902e-01 1.029455518381239942e+00 1.028601865602746024e+00 9.553766338777303080e-01 1.031379270657172498e+00
1.047727808123243509e+00 9.431555153369626243e-01 1.038928735463137354e+00 1.040702731172952422e+00 9.347885295851708909e-01 1.089075301495813219e+00 1.008520015975086004e+00 9.237180860560668672e-01 1.069076927963851009e+00 9.977420379558562535e-01 9.431555153369626243e-01 1.038928735463137354e+00 1.040702731172952422e+00 9.347885295851708909e-01 1.044985049367560759e+00
1.062513634443223998e+00 9.283795140889516961e-01 1.044265059720309141e+00 1.051557662706915641e+00 9.165401377929145443e-01 1.112757513659864195e+00 1.009495037224076075e+00 8.946030403405356157e-01 1.085670365461753661e+00 1.001934071890766775e+00 9.283795140889516961e-01 1.044265059720309141e+00 1.051557662706915641e+00 9.165401377929145443e-01 1.057169248828942809e+00
1.076578314890672905e+00 9.158390217405661948e-01 1.045501379180530765e+00 1.061359976216870171e+00 9.010136523875084125e-01 1.132371251622529051e+00 1.009061331463170674e+00 8.647210741964077574e-01 1.099531765870813249e+00 1.008343639912828937e+00 9.158390217405661948e-01 1.045501379180530765e+00 1.061359976216870171e+00 9.010136523875084125e-01 1.068046670915427931e+00
1.089879787419941071e+00 9.052871090141888510e-01 1.042954796226442715e+00 1.070273457142961515e+00 8.882282553944840231e-01 1.147900651477032019e+00 1.007038343815005677e+00 8.344676960346656402e-01 1.111201149028275381e+00 1.016521474011384596e+00 9.052871090141888510e-01 1.042954796226442715e+00 1.070273457142961515e+00 8.882282553944840231e-01 1.077787941553567164e+00
1.102408433836972401e+00 8.963892817842847860e-01 1.037079077916158498e+00 1.078429769265916827e+00 8.779613367803856816e-01 1.159568944149765191e+00 1.003318072642360947e+00 8.040739157364334977e-01 1.121195165815059847e+00 1.026002842280957950e+00 8.963892817842847860e-01 1.037079077916158498e+00 1.078429769265916827e+00 8.779613367803856816e-01 1.086576415207409108e+00
1.114180706819541955e+00 8.888046285022156434e-01 1.028360310177509618e+00 1.085941788231010285e+00 8.698648298792339695e-01 1.167705251042900461e+00 9.978442172401346122e-01 7.736562169661871380e-01 1.129942361538998519e+00 1.036387040804219950e+00 8.888046285022156434e-01 1.028360310177509396e+00 1.085941788231010285e+00 8.698648298792339695e-01 1.094580872435519936e+00
1.125232125011116358e+00 8.822299884418531857e-01 1.017262285531606913e+00 1.092917293038196958e+00 8.635483096247492663e-01 1.172660751229444687e+00 9.905933828073718583e-01 7.432646358828898236e-01 1.137766481389897999e+00 1.047367649171727644e+00 8.822299884418531857e-01 1.017262285531606691e+00 1.092917293038196958e+00 8.635483096247492663e-01 1.101943002815709782e+00
1.135610920625892861e+00 8.764172223449483434e-01 1.004208518932643512e+00 1.099467039431341053e+00 8.586285260956384446e-01 1.174768859936763388e+00 9.815632658169578528e-01 7.129182217692315859e-01 1.144896011133247349e+00 1.058732044777300096e+00 8.764172223449483434e-01 1.004208518932643290e+00 1.099467039431341053e+00 8.586285260956384446e-01 1.108774400784595437e+00
1.145372924795081682e+00 8.711761770275598948e-01 9.895843472710499356e-01 1.105707124560240118e+00 8.547551843420351236e-01 1.174333503535880396e+00 9.707674631919184227e-01 6.826276887858688802e-01 1.151483192599491279e+00 1.070347045648198492e+00 8.711761770275598948e-01 9.895843472710497135e-01 1.105707124560240118e+00 8.547551843420351236e-01 1.115158246182789137e+00
1.154577804484060888e+00 8.663718694619616523e-01 9.737470201318044749e-01 1.111757399754445652e+00 8.516226846109252735e-01 1.171631630107317745e+00 9.582348727108062070e-01 6.524086617781271746e-01 1.157623255118890304e+00 1.082140833421641357e+00 8.663718694619616523e-01 9.737470201318042529e-01 1.111757399754445652e+00 8.516226846109252735e-01 1.121152698698064887e+00
1.163286524949006084e+00 8.619201511324966480e-01 9.570366888441209641e-01 1.117737679322155842e+00 8.489744142815479622e-01 1.166920916037311517e+00 9.440115847899985813e-01 6.222889363182085853e-01 1.163370084836830465e+00 1.094085820164195644e+00 8.619201511324966480e-01 9.570366888441207420e-01 1.117737679322155842e+00 8.489744142815479622e-01 1.126794632320317513e+00
1.171559809600730029e+00 8.577833667983519872e-01 9.397846312383889567e-01 1.123763031856168881e+00 8.466032387184274643e-01 1.160447504677040387e+00 9.281634712206573434e-01 5.923120972124198413e-01 1.168747655901821059e+00 1.106183981707767217e+00 8.577833667983519872e-01 9.397846312383887346e-01 1.123763031856168881e+00 8.466032387184273533e-01 1.132103301010987773e+00
1.179457327629782393e+00 8.539661183281279655e-01 9.223170517907824939e-01 1.129939017836211201e+00 8.443498478767753612e-01 1.152451071934821103e+00 9.107779550942254332e-01 5.625387694969880004e-01 1.173758036301530971e+00 1.118454748494648543e+00 8.539661183281279655e-01 9.223170517907822719e-01 1.129939017836211201e+00 8.443498478767752502e-01 1.137083976535838037e+00
1.187037323278848033e+00 8.505106916766564940e-01 9.049539902850597395e-01 1.136357433633313319e+00 8.420995032744811315e-01 1.143166039448239690e+00 8.919637123261086042e-01 5.330460381641987100e-01 1.178387325579638212e+00 1.130925069593673449e+00 8.505106916766564940e-01 9.049539902850595174e-01 1.136357433633313319e+00 8.420995032744810205e-01 1.141731718379523697e+00
1.194356404498338131e+00 8.474916535622217806e-01 8.880037386186261372e-01 1.143092912901441993e+00 8.397772687321496399e-01 1.132818847126405792e+00 8.718474447086528301e-01 5.039251962006321417e-01 1.182610852525634026e+00 1.143621258139093877e+00 8.474916535622217806e-01 8.880037386186259152e-01 1.143092912901441993e+00 8.397772687321495289e-01 1.146035363992484735e+00
1.201469241544394162e+00 8.450093752830151184e-01 8.717539213135423459e-01 1.150200594393616882e+00 8.373417964810396796e-01 1.121622110701225861e+00 8.505674740723565552e-01 4.752779016851444438e-01 1.186398550861463397e+00 1.156562413676433643e+00 8.450093752830151184e-01 8.717539213135421239e-01 1.150200594393616882e+00 8.373417964810395686e-01 1.149981664892595790e+00
1.208427994757319768e+00 8.431826509951345638e-01 8.564610154683448551e-01 1.157714968324623284e+00 8.347779944964227594e-01 1.109767232927854286e+00 8.282647024436400329e-01 4.472109472997873314e-01 1.189720802610112038e+00 1.169755433661117339e+00 8.431826509951345638e-01 8.564610154683446330e-01 1.157714968324623284e+00 8.347779944964226484e-01 1.153559321597744436e+00
1.215281390266820916e+00 8.421409871173193284e-01 8.423403987423592199e-01 1.165649931712839038e+00 8.320892304165015130e-01 1.097417457381646866e+00 8.050722741278650840e-01 4.198300529722341357e-01 1.192554399594282444e+00 1.183191756869796718e+00 8.421409871173193284e-01 8.423403987423589978e-01 1.165649931712839038e+00 8.320892304165014020e-01 1.156762557728733931e+00
1.222073473117828213e+00 8.420173716450152224e-01 8.295588515816918473e-01 1.173999981356925515e+00 8.292899502822436153e-01 1.084703292786453943e+00 7.811057862722932121e-01 3.932332658053846464e-01 1.194887849067588714e+00 1.196845956844989844e+00 8.420173716450152224e-01 8.295588515816916253e-01 1.173999981356925515e+00 8.292899502822435043e-01 1.159593867008573920e+00
1.228842161277895695e+00 8.429422589748902794e-01 8.182307873342883342e-01 1.182742333644710486e+00 8.263995876792309403e-01 1.071721675379545324e+00 7.564559076226079481e-01 3.675046050584865887e-01 1.196725187594292361e+00 1.210676125274374071e+00 8.429422589748902794e-01 8.182307873342881122e-01 1.182742333644710486e+00 8.263995876792308293e-01 1.162065670971437203e+00
1.235617777011479124e+00 8.450391255263451917e-01 8.084185370620223798e-01 1.191839606344785363e+00 8.234384013290785287e-01 1.058539354788844200e+00 7.311847573769192365e-01 3.427085031347958943e-01 1.198087754358184931e+00 1.224625731596220124e+00 8.450391255263451917e-01 8.084185370620221578e-01 1.191839606344785363e+00 8.234384013290784177e-01 1.164200798942726101e+00
1.242421735411133321e+00 8.484214053817494827e-01 8.001361001409262874e-01 1.201242587993769151e+00 8.204255009591583381e-01 1.045200081440154749e+00 7.053265604184733029e-01 3.188854148201571981e-01 1.199013843107688881e+00 1.238626434474426885e+00 8.484214053817494827e-01 8.001361001409260654e-01 1.201242587993769151e+00 8.204255009591582271e-01 1.166031877807603978e+00
1.249265533703329378e+00 8.531901185228877305e-01 7.933551764912021298e-01 1.210892615307013642e+00 8.173789384533198810e-01 1.031734501648828850e+00 6.788922318577929049e-01 2.960487820059686248e-01 1.199556579584463822e+00 1.252601248785869537e+00 8.531901185228877305e-01 7.933551764912017967e-01 1.210892615307013642e+00 8.173789384533197699e-01 1.167599837143005193e+00
1.256150132244752804e+00 8.594312386108453605e-01 7.880121436698287463e-01 1.220723200265748654e+00 8.143174570688690439e-01 1.018171339454396529e+00 6.518769004659321631e-01 2.741834249172502291e-01 1.199780604119850436e+00 1.266467565041939691e+00 8.594312386108453605e-01 7.880121436698284132e-01 1.220723200265748654e+00 8.143174570688689329e-01 1.168951769690568687e+00
1.263065772740921355e+00 8.672118908877461951e-01 7.840148693422340775e-01 1.230660768098029711e+00 8.112633366302575144e-01 1.004548410528417479e+00 6.242690554297046779e-01 2.532454135601311385e-01 1.199758147575054945e+00 1.280139732586439649e+00 8.672118908877461951e-01 7.840148693422337445e-01 1.230660768098029711e+00 8.112633366302574034e-01 1.170138351759125062e+00
1.269992255634895928e+00 8.765747993147168238e-01 7.812486876378268441e-01 1.240624624522131958e+00 8.082457153150792717e-01 9.909221416382150149e-01 5.960599531700963016e-01 2.331635320404321365e-01 1.199564943868749900e+00 1.293531172280617536e+00 8.765747993147168238e-01 7.812486876378265110e-01 1.240624624522131958e+00 8.082457153150791607e-01 1.171210962035884151e+00
1.276899697639670483e+00 8.875309324674259814e-01 7.795813406811940016e-01 1.250526499710525652e+00 8.053037538482077373e-01 9.773744464597029502e-01 5.672520508832598063e-01 2.138425215615268882e-01 1.199276229162897334e+00 1.306556199189449652e+00 8.875309324674259814e-01 7.795813406811936686e-01 1.250526499710525652e+00 8.053037538482076263e-01 1.172218583825664018e+00
1.283749800814355746e+00 9.000509274089024681e-01 7.788670724389462618e-01 1.260270165889031402e+00 8.024889968425854558e-01 9.640160002480997470e-01 5.378654615108836579e-01 1.951682968787397388e-01 1.198962919126338456e+00 1.319131855536516795e+00 9.000509274089025791e-01 7.788670724389459288e-01 1.260270165889031402e+00 8.024889968425853448e-01 1.173204566606231625e+00
1.290497668364262163e+00 9.140564876436215735e-01 7.789503036971113792e-01 1.269751664102459543e+00 7.998662798920102013e-01 9.509852073918003690e-01 5.079417253265579024e-01 1.770152072001691945e-01 1.198687969184191404e+00 1.331180053149296771e+00 9.140564876436216846e-01 7.789503036971110461e-01 1.269751664102459543e+00 7.998662798920100903e-01 1.174203369987830925e+00
1.297094181157957493e+00 9.294134255113756238e-01 7.796694028793489384e-01 1.278860593707757065e+00 7.975125749560060262e-01 9.384425492895416276e-01 4.775445752984901482e-01 1.592551250232357718e-01 1.198502908458561445e+00 1.342630206832022610e+00 9.294134255113757348e-01 7.796694028793484943e-01 1.278860593707757065e+00 7.975125749560059152e-01 1.175237506556592537e+00
1.303488891182709608e+00 9.459282061140444897e-01 7.808610089870816617e-01 1.287482729937162507e+00 7.955133331475607861e-01 9.265605871675863803e-01 4.467578311223600052e-01 1.417677263495366324e-01 1.198444581522302155e+00 1.353422340623062770e+00 9.459282061140446007e-01 7.808610089870812176e-01 1.287482729937162507e+00 7.955133331475606751e-01 1.176315008280821361e+00
1.309633295361857686e+00 9.633496240930882193e-01 7.823651825030485396e-01 1.295503981325367482e+00 7.939562356562516188e-01 9.155106345116941213e-01 4.156810256269230508e-01 1.244508755866776256e-01 1.198532223769673388e+00 1.363510431423847979e+00 9.633496240930883303e-01 7.823651825030480955e-01 1.295503981325367482e+00 7.939562356562515077e-01 1.177427816964268903e+00
1.315484243736090519e+00 9.813765631867222838e-01 7.840313907156267748e-01 1.302815441492865878e+00 7.929228003983446182e-01 9.054478483838148684e-01 3.844237210936732874e-01 1.072297024258572762e-01 1.198765133810099970e+00 1.372865595146399054e+00 9.813765631867223949e-01 7.840313907156263307e-01 1.302815441492865878e+00 7.929228003983445072e-01 1.178551492322486238e+00
1.321007142640879817e+00 9.996717446030778387e-01 7.857250251771045191e-01 1.309319091014985892e+00 7.924789097147669770e-01 8.964969818400204682e-01 3.530995798561790688e-01 9.006291157481435827e-02 1.199121370510703999e+00 1.381478675400127143e+00 9.996717446030779497e-01 7.857250251771040750e-01 1.309319091014985892e+00 7.924789097147668659e-01 1.179646507955095958e+00
1.326178572544679302e+00 1.017880196724519681e+00 7.873338686734299152e-01 1.314933600824157667e+00 7.926658192049252927e-01 8.887410765724269579e-01 3.218210626693172594e-01 7.294519094717588636e-02 1.199558024464753236e+00 1.389361867720828148e+00 1.017880196724519681e+00 7.873338686734294711e-01 1.314933600824157667e+00 7.926658192049251817e-01 1.180661168969183050e+00
1.330987976266723161e+00 1.035650183619935660e+00 7.887737522052261641e-01 1.319599673481299806e+00 7.934933521672499213e-01 8.822148753062551974e-01 2.906952261232385593e-01 5.590525488278288990e-02 1.200013577240779838e+00 1.396549151138143596e+00 1.035650183619935660e+00 7.887737522052257200e-01 1.319599673481299806e+00 7.934933521672498102e-01 1.181535884656572222e+00
1.335438187121353426e+00 1.052653790531515199e+00 7.899926279128401951e-01 1.323284399489086605e+00 7.949366489643703293e-01 8.769038081293923925e-01 2.598206680537722968e-01 3.899992076316395606e-02 1.200412568922802015e+00 1.403095431756688827e+00 1.052653790531515199e+00 7.899926279128398621e-01 1.323284399489086605e+00 7.949366489643702183e-01 1.182208250222038570e+00
