1.000000000000000000e+00 1.000000000000000000e+00 1.000000000000000000e+00 1.000000000000000000e+00 1.000000000000000000e+00 1.000000000000000000e+00 1.000000000000000000e+00 1.000000000000000000e+00 1.000000000000000000e+00 1.000000000000000000e+00 1.000000000000000000e+00 1.000000000000000000e+00 1.000000000000000000e+00 1.000000000000000000e+00 1.000000000000000000e+00
8.659971646141524371e-01 9.449359939702067779e-01 8.764766141866892069e-01 8.753315371786126731e-01 9.430996036226886314e-01 9.449346114563708099e-01 8.971429222794228275e-01 1.065816652642022522e+00 9.199026360537893021e-01 9.102589555784155184e-01 9.449359939702068889e-01 8.764766141866892069e-01 8.753315371786126731e-01 9.430996036226886314e-01 8.659971646141524371e-01
8.019731239963003855e-01 9.342249142992367084e-01 8.146083169799996915e-01 7.954919100794148878e-01 9.529675539601976109e-01 8.671067831371809254e-01 8.169872905946097275e-01 1.155470412458962537e+00 8.754542768826102384e-01 8.000991714344564132e-01 9.342249142992368194e-01 8.146083169799996915e-01 7.954919100794148878e-01 9.529675539601976109e-01 8.081887861238292725e-01
7.973796515938117446e-01 9.463451435010993285e-01 8.174538485013052025e-01 7.600204496340866589e-01 1.003245322660365257e+00 8.142379840602170793e-01 7.817564105361841653e-01 1.229708095042643778e+00 8.729375097531421046e-01 7.285710387077006800e-01 9.463451435010993285e-01 8.174538485013052025e-01 7.600204496340866589e-01 1.003245322660365257e+00 8.124986281722975656e-01
7.886202830507003103e-01 9.365378062006879389e-01 8.272267149204006742e-01 7.238957615220298347e-01 1.037399830953779523e+00 7.812842386436017472e-01 7.458355685206169428e-01 1.266669758286217196e+00 8.761620065308993732e-01 6.885640022447045983e-01 9.365378062006879389e-01 8.272267149204007852e-01 7.238957615220298347e-01 1.037399830953779523e+00 8.108919193206250986e-01
7.859542347205724644e-01 9.233136319576196183e-01 8.462413455471315959e-01 6.944231648027262560e-01 1.068275985288707597e+00 7.580727327969457585e-01 7.141444262708467328e-01 1.285999263439984386e+00 8.825057465754949648e-01 6.692017786662504131e-01 9.233136319576195072e-01 8.462413455471317070e-01 6.944231648027261450e-01 1.068275985288707597e+00 8.127719776803632445e-01
7.858980903164329845e-01 9.080119663036407829e-01 8.690685919157011829e-01 6.685593922741884798e-01 1.095235646372125560e+00 7.405658964608724526e-01 6.845898668004217757e-01 1.293215257049669331e+00 8.872648130785146803e-01 6.630675325638846207e-01 9.080119663036406719e-01 8.690685919157012940e-01 6.685593922741884798e-01 1.095235646372125560e+00 8.144726854277435368e-01
7.883716981448081196e-01 8.929753929258292811e-01 8.941889440242447584e-01 6.459371842870340608e-01 1.120002202839309291e+00 7.262677509881327875e-01 6.575726342535609392e-01 1.292818258269329723e+00 8.891254200743560210e-01 6.655095750740491756e-01 8.929753929258291700e-01 8.941889440242448694e-01 6.459371842870340608e-01 1.120002202839309291e+00 8.162488152320035439e-01
7.924842180192418484e-01 8.786988006800025008e-01 9.202734172465111273e-01 6.256011977382966993e-01 1.143128380791495591e+00 7.139239083503319261e-01 6.328367520070544705e-01 1.286969392495969311e+00 8.872764928020746567e-01 6.735602422149655766e-01 8.786988006800023898e-01 9.202734172465112383e-01 6.256011977382966993e-01 1.143128380791495591e+00 8.176601374422295399e-01
7.977198431901600939e-01 8.654631329187106870e-01 9.466496285581722514e-01 6.070179869775320647e-01 1.165220664693512598e+00 7.027404109532160437e-01 6.101505805054802112e-01 1.277184766683779449e+00 8.815342066065472437e-01 6.852022106563515624e-01 8.654631329187105759e-01 9.466496285581722514e-01 6.070179869775321757e-01 1.165220664693512598e+00 8.186968796698048667e-01
8.035910301253237353e-01 8.532384396893603062e-01 9.728508590034758985e-01 5.897912965252517514e-01 1.186702600362124160e+00 6.922378942613747199e-01 5.891269933645049139e-01 1.264490529877991376e+00 8.719617643164048193e-01 6.990176444820046520e-01 8.532384396893601952e-01 9.728508590034758985e-01 5.897912965252518624e-01 1.186702600362124160e+00 8.193561674011151652e-01
8.097146623058304460e-01 8.418732555192900424e-01 9.985480743909189716e-01 5.737180703391798753e-01 1.207918158870535885e+00 6.821228272249578728e-01 5.693388202782330154e-01 1.249685880485769340e+00 8.587946011324150142e-01 7.139920971795041815e-01 8.418732555192898204e-01 9.985480743909189716e-01 5.737180703391799863e-01 1.207918158870536107e+00 8.196889025339297863e-01
8.157789926579520623e-01 8.311227096959683536e-01 1.023454210721726376e+00 5.587342472494610801e-01 1.229122953779139049e+00 6.722463162685872184e-01 5.503564955493803756e-01 1.233428806536557509e+00 8.423650393318224960e-01 7.294047932400791190e-01 8.311227096959681315e-01 1.023454210721726376e+00 5.587342472494610801e-01 1.229122953779139049e+00 8.197474521260650349e-01
8.215472570165682775e-01 8.206867398896339205e-01 1.047282714451110763e+00 5.448865254405474978e-01 1.250502469562175589e+00 6.625773439163242795e-01 5.317905179915333180e-01 1.216295569783556685e+00 8.230709007949853495e-01 7.447599931902644244e-01 8.206867398896336985e-01 1.047282714451110763e+00 5.448865254405474978e-01 1.250502469562175589e+00 8.195836256800917985e-01
8.268568467287668033e-01 8.102324597428807174e-01 1.069720554438494897e+00 5.322990476126309156e-01 1.272185101865313639e+00 6.531886819598539118e-01 5.133143856272260885e-01 1.198803912242322189e+00 8.013542256052159640e-01 7.597408759859767269e-01 8.102324597428804953e-01 1.069720554438494897e+00 5.322990476126309156e-01 1.272185101865313639e+00 8.192497413060852995e-01
8.316218948506846065e-01 7.994157104149225423e-01 1.090415444782946164e+00 5.211476821960050465e-01 1.294259605316995687e+00 6.442459252621697274e-01 4.946767700059266915e-01 1.181416259773829802e+00 7.776872260045210039e-01 7.741739507594704861e-01 7.994157104149223203e-01 1.090415444782946386e+00 5.211476821960050465e-01 1.294259605316995687e+00 8.188094979951588970e-01
8.358332119220089895e-01 7.878995074246558650e-01 1.108970026407662512e+00 5.116405745724783571e-01 1.316793963843220006e+00 6.359977307918674994e-01 4.757036970016879085e-01 1.164527788067311054e+00 7.525616132696155702e-01 7.879962054008173844e-01 7.878995074246556429e-01 1.108970026407662735e+00 5.116405745724783571e-01 1.316793963843220006e+00 8.183512952945490859e-01
8.395533497300557979e-01 7.753688532926663601e-01 1.124940213768324648e+00 5.040051175294735231e-01 1.339855123253427482e+00 6.287658124781730917e-01 4.562935864475747838e-01 1.148446472553334763e+00 7.264830400280923861e-01 8.012195371519266196e-01 7.753688532926661381e-01 1.124940213768324870e+00 5.040051175294735231e-01 1.339855123253427704e+00 8.180004553923158062e-01
8.429049400000477865e-01 7.615408926587737826e-01 1.137836587981001069e+00 4.984786352958831546e-01 1.363527683279105673e+00 6.229340615117586744e-01 4.364080122493056435e-01 1.133371264750020480e+00 6.999742528022245835e-01 8.138894294393915763e-01 7.615408926587735605e-01 1.137836587981001291e+00 4.984786352958831546e-01 1.363527683279105673e+00 8.179259275233798920e-01
8.460523767941011686e-01 7.461717292057453710e-01 1.147131091841943062e+00 4.952983047212947687e-01 1.387929404366590180e+00 6.189353859249544509e-01 4.160617256435066857e-01 1.119373348437828319e+00 6.735909610991267504e-01 8.260370715251633689e-01 7.461717292057451489e-01 1.147131091841943284e+00 4.952983047212947687e-01 1.387929404366590180e+00 8.183374279762349879e-01
