1.000000000000000000e+00 1.000000000000000000e+00 1.000000000000000000e+00 1.000000000000000000e+00 1.000000000000000000e+00 1.000000000000000000e+00 1.000000000000000000e+00 1.000000000000000000e+00 1.000000000000000000e+00 1.000000000000000000e+00 1.000000000000000000e+00 1.000000000000000000e+00 1.000000000000000000e+00 1.000000000000000000e+00 1.000000000000000000e+00
9.803898289679247036e-01 9.711094965086813913e-01 9.827991067109007606e-01 9.816540297028242268e-01 9.692731061611631338e-01 1.010884945925172751e+00 9.780296576147617937e-01 9.983623775555082736e-01 1.000789371389128268e+00 9.762092900472175705e-01 9.711094965086813913e-01 9.827991067109007606e-01 9.816540297028242268e-01 9.692731061611631338e-01 9.803898289679247036e-01
9.617083219191960852e-01 9.407270551910295042e-01 9.657149405879792425e-01 9.636989775406662462e-01 9.383272952340825368e-01 1.015617992388809565e+00 9.494437408195481876e-01 9.962764420525151987e-01 1.002422083867829272e+00 9.475761636029284007e-01 9.407270551910295042e-01 9.657149405879792425e-01 9.636989775406662462e-01 9.383272952340824258e-01 9.627955670749288597e-01
9.446180793423889499e-01 9.107153197587400939e-01 9.510270079339184779e-01 9.470450213667132022e-01 9.095970777425189668e-01 1.013251537450794437e+00 9.169794398309654149e-01 9.950431287568745065e-01 1.003393017291265288e+00 9.157060100437233174e-01 9.107153197587400939e-01 9.510270079339184779e-01 9.470450213667132022e-01 9.095970777425188558e-01 9.481083289560251481e-01
9.295892608570278659e-01 8.833241861983089915e-01 9.408890217560028635e-01 9.324072601991288956e-01 8.851679584908742626e-01 1.004445538671873139e+00 8.836667292236767279e-01 9.959211538446653966e-01 1.002628481058655874e+00 8.827718868035183686e-01 8.833241861983089915e-01 9.408890217560028635e-01 9.324072601991288956e-01 8.851679584908741516e-01 9.368582803902434364e-01
9.167445669543712317e-01 8.601780971482020366e-01 9.364759419940729135e-01 9.200518809411223353e-01 8.660389752899448901e-01 9.910049442457445901e-01 8.516627908776476241e-01 9.995724509202498220e-01 9.998614259302512908e-01 8.506144611684449686e-01 8.601780971482020366e-01 9.364759419940729135e-01 9.200518809411223353e-01 8.660389752899446680e-01 9.290650001509550560e-01
9.058708870927107970e-01 8.417964437517151399e-01 9.378127993012925767e-01 9.097798056891739371e-01 8.520704381955342965e-01 9.747727203486808989e-01 8.218281779017682087e-01 1.005934400968462539e+00 9.955075629803924464e-01 8.201995336228788958e-01 8.417964437517151399e-01 9.378127993012924657e-01 9.097798056891739371e-01 8.520704381955340745e-01 9.243345018015614034e-01
8.965646145272044842e-01 8.278774832739607126e-01 9.442321614282508380e-01 9.011101785219977067e-01 8.424768639565330952e-01 9.569521184103165767e-01 7.941045725214079809e-01 1.014496900292168657e+00 9.902834055771825295e-01 7.917159816356019730e-01 8.278774832739607126e-01 9.442321614282507269e-01 9.011101785219977067e-01 8.424768639565328732e-01 9.220877193682774919e-01
8.883805951875122231e-01 8.178140285247175179e-01 9.548858162031018670e-01 8.934708245962063033e-01 8.363242205875798252e-01 9.380928182740313481e-01 7.680726529036214778e-01 1.024615940956909110e+00 9.849133786196974105e-01 7.649436874840876976e-01 8.178140285247175179e-01 9.548858162031017560e-01 8.934708245962063033e-01 8.363242205875796031e-01 9.217430584460261089e-01
8.809157963578003736e-01 8.110353846982262249e-01 9.690169018396260769e-01 8.863004480488800851e-01 8.327850290733249672e-01 9.183369345370118175e-01 7.433107609341130795e-01 1.035673874305822917e+00 9.800095342576535806e-01 7.395437217636975369e-01 8.110353846982262249e-01 9.690169018396259659e-01 8.863004480488800851e-01 8.327850290733247451e-01 9.227968561366645117e-01
8.738364814400688685e-01 8.071398780780317805e-01 9.860331790201618540e-01 8.790804938185995399e-01 8.312040802314751842e-01 8.976392635751138105e-01 7.195490689471321089e-01 1.047112898204660247e+00 9.760515546258718977e-01 7.152013781834639650e-01 8.071398780780317805e-01 9.860331790201617430e-01 8.790804938185995399e-01 8.312040802314749621e-01 9.248352886330253320e-01
8.668772042538899214e-01 8.059087663739292751e-01 1.005488465286702215e+00 8.713380729484180298e-01 8.310790655452197084e-01 8.759057484360021073e-01 6.967159746393588593e-01 1.058411136184901569e+00 9.733975797586528200e-01 6.916739424553630666e-01 8.059087663739292751e-01 1.005488465286702215e+00 8.713380729484179188e-01 8.310790655452194864e-01 9.275189542161605960e-01
8.598305214584873735e-01 8.072703272897715499e-01 1.027034858644535253e+00 8.626464934582949162e-01 8.320167958835316124e-01 8.530762642934200946e-01 6.749419416154126550e-01 1.069043240618143820e+00 9.722935678064452691e-01 6.687942830945512451e-01 8.072703272897715499e-01 1.027034858644535253e+00 8.626464934582948052e-01 8.320167958835313904e-01 9.305629888783488735e-01
8.525358783131922191e-01 8.112447965644764558e-01 1.050369029313717117e+00 8.526354798622288733e-01 8.336890189193334466e-01 8.291794704434948260e-01 6.545461546736659475e-01 1.078444743325752020e+00 9.728719609733091911e-01 6.464567996035791575e-01 8.112447965644764558e-01 1.050369029313717117e+00 8.526354798622287623e-01 8.336890189193331135e-01 9.337220966142417700e-01
8.448705760460043512e-01 8.178805554707762049e-01 1.075178906357116881e+00 8.410145378718976161e-01 8.357958856302403206e-01 8.043717892033370731e-01 6.360086046735623500e-01 1.085991790609967200e+00 9.751410394704111972e-01 6.245960237469491139e-01 8.178805554707762049e-01 1.075178906357116881e+00 8.410145378718975051e-01 8.357958856302399875e-01 9.367838770834677753e-01
8.367434725931907069e-01 8.271866540326932027e-01 1.101094140524262910e+00 8.276065600129923761e-01 8.380412138006921863e-01 7.789579744795650518e-01 6.199199303299219865e-01 1.091008387199108087e+00 9.789718814322998508e-01 6.031616210215622331e-01 8.271866540326932027e-01 1.101094140524262910e+00 8.276065600129922650e-01 8.380412138006918532e-01 9.395713960799317865e-01
8.280912502041911649e-01 8.390700140366270654e-01 1.127647551494874945e+00 8.123825813224823111e-01 8.401243758110930049e-01 7.533809559298549896e-01 6.069000340307065811e-01 1.092813919831467695e+00 9.840931260820588999e-01 5.820934321144370927e-01 8.390700140366270654e-01 1.127647551494874945e+00 8.123825813224823111e-01 8.401243758110926718e-01 9.419540478465250333e-01
8.188767440173101431e-01 8.532918454519027307e-01 1.154260104645986829e+00 7.954838441401299587e-01 8.417536950668357276e-01 7.281677711273224496e-01 5.974851680356686456e-01 1.090816741802443479e+00 9.901038582134790156e-01 5.613035169818033632e-01 8.532918454519027307e-01 1.154260104645986829e+00 7.954838441401299587e-01 8.417536950668352835e-01 9.438629780269994773e-01
8.090886319966335005e-01 8.694601202458600575e-01 1.180262922170286943e+00 7.772175636847354907e-01 8.426814865393080778e-01 7.038314663199637389e-01 5.920020931601263081e-01 1.084639673115877834e+00 9.965100849731152177e-01 5.406746261464123737e-01 8.694601202458600575e-01 1.180262922170286721e+00 7.772175636847354907e-01 8.426814865393076337e-01 9.453039743405627915e-01
7.987416981978413544e-01 8.870669219037785602e-01 1.204961105064907612e+00 7.580202575036188994e-01 8.427501978248163050e-01 6.807539315129002011e-01 5.904688901804175938e-01 1.074235504750807646e+00 1.002781229418815423e+00 5.200805479588453961e-01 8.870669219037785602e-01 1.204961105064907390e+00 7.580202575036188994e-01 8.427501978248158609e-01 9.463590227586853310e-01
