1.000000000000000000e+00 1.000000000000000000e+00 1.000000000000000000e+00 1.000000000000000000e+00 1.000000000000000000e+00 1.000000000000000000e+00 1.000000000000000000e+00 1.000000000000000000e+00 1.000000000000000000e+00 1.000000000000000000e+00 1.000000000000000000e+00 1.000000000000000000e+00 1.000000000000000000e+00 1.000000000000000000e+00 1.000000000000000000e+00
9.836581908066039937e-01 9.718573108669235072e-01 9.858368922115925415e-01 9.846918152035158966e-01 9.700209205194052497e-01 1.012769241195710102e+00 9.803407071957714880e-01 9.964351125530364062e-01 1.003100420970137963e+00 9.780935853177548100e-01 9.718573108669235072e-01 9.858368922115925415e-01 9.846918152035158966e-01 9.700209205194052497e-01 9.836581908066039937e-01
9.680102035382203152e-01 9.422951523983140731e-01 9.714307753670006207e-01 9.696233704004005860e-01 9.395628799282573773e-01 1.019963337955415827e+00 9.545339676433910459e-01 9.920429445033436266e-01 1.006750331432984202e+00 9.520916371936991585e-01 9.422951523983140731e-01 9.714307753670006207e-01 9.696233704004005860e-01 9.395628799282574883e-01 9.689181896731293708e-01
9.535012439055177147e-01 9.128535064615206363e-01 9.585203023357685703e-01 9.556293905806725331e-01 9.105735311142562072e-01 1.020449384239288104e+00 9.247677220841639123e-01 9.880349441562310542e-01 1.009510956056541842e+00 9.233317960836078253e-01 9.128535064615206363e-01 9.585203023357685703e-01 9.556293905806725331e-01 9.105735311142563182e-01 9.564054798822186898e-01
9.404791226069766363e-01 8.854496662596430534e-01 9.489074489229831766e-01 9.433955474165451882e-01 8.848493037941369543e-01 1.014476667744683702e+00 8.936160496848135626e-01 9.856602212077637537e-01 1.010245350962150956e+00 8.936128574546142733e-01 8.854496662596430534e-01 9.489074489229832876e-01 9.433955474165451882e-01 8.848493037941370654e-01 9.465196200813084104e-01
9.290870824908485925e-01 8.616169460735162433e-01 9.438032294412384005e-01 9.332339469312244118e-01 8.634443671034703893e-01 1.003491689701335954e+00 8.631399944070249353e-01 9.857253453723230363e-01 1.008510436311076619e+00 8.645278147873109997e-01 8.616169460735163543e-01 9.438032294412385115e-01 9.332339469312244118e-01 8.634443671034705003e-01 9.393258942918480958e-01
9.192419025428614221e-01 8.420347765754502278e-01 9.435498334873402282e-01 9.250473568347247211e-01 8.465058073143508777e-01 9.892713271234520045e-01 8.344108083852807001e-01 9.884056816944443158e-01 1.004548634931281104e+00 8.369999413259627818e-01 8.420347765754503389e-01 9.435498334873403392e-01 9.250473568347247211e-01 8.465058073143509887e-01 9.345929348985548835e-01
9.107027252220888380e-01 8.266261386155612234e-01 9.478338242846400252e-01 9.184690100119216050e-01 8.335535525179247340e-01 9.731932458504684025e-01 8.076509025694675881e-01 9.934083262478491383e-01 9.989882926444723088e-01 8.112817215183992792e-01 8.266261386155613344e-01 9.478338242846401362e-01 9.184690100119216050e-01 8.335535525179248451e-01 9.319289304048946621e-01
9.031657396595162979e-01 8.149313516596016216e-01 9.560617005479883357e-01 9.130302240743541908e-01 8.238656812550685382e-01 9.560442918180577232e-01 7.826335616986127564e-01 1.000237754036150228e+00 9.925485681704238061e-01 7.872147375105059686e-01 8.149313516596017326e-01 9.560617005479884467e-01 9.130302240743541908e-01 8.238656812550686492e-01 9.309112995018937742e-01
8.963312680441897218e-01 8.064221146285567299e-01 9.676239244672500961e-01 9.082630309016040959e-01 8.167308458268489613e-01 9.381573960654212563e-01 7.590072665218272618e-01 1.008372939114004607e+00 9.858829330573061211e-01 7.644796217892390056e-01 8.064221146285568409e-01 9.676239244672502071e-01 9.082630309016040959e-01 8.167308458268490723e-01 9.311580553071360233e-01
8.899344794922920965e-01 8.006618290934889304e-01 9.820070463351230350e-01 9.037381652194801385e-01 8.115494389437394318e-01 9.196028435772283238e-01 7.364680847695629362e-01 1.017334707470208599e+00 9.795323668343750567e-01 7.427415024800279042e-01 8.006618290934890414e-01 9.820070463351231460e-01 9.037381652194801385e-01 8.115494389437395428e-01 9.323492308549435892e-01
8.837526870290973724e-01 7.973556512513114702e-01 9.988135897491514648e-01 8.990695252948049943e-01 8.078474175150047731e-01 9.003283807332319588e-01 7.148291169410924129e-01 1.026688940656199645e+00 9.739270278225512500e-01 7.217111023259877856e-01 7.973556512513115813e-01 9.988135897491515758e-01 8.990695252948049943e-01 8.078474175150048842e-01 9.342227812172958501e-01
8.776021666291443646e-01 7.963458342115513622e-01 1.017742846846219740e+00 8.939089788003525827e-01 8.052550703140867183e-01 8.802453257389393215e-01 6.940412770054307234e-01 1.036024034163980811e+00 9.693985441148187387e-01 7.011608200183435669e-01 7.963458342115514732e-01 1.017742846846219740e+00 8.939089788003525827e-01 8.052550703140868293e-01 9.365621132856501996e-01
8.713318957225517636e-01 7.975842213526894708e-01 1.038558886785724944e+00 8.879437349205355767e-01 8.034767143743343221e-01 8.592820686817165265e-01 6.741952142358859090e-01 1.044922154548069138e+00 9.661871732936467838e-01 6.809215938374426624e-01 7.975842213526895819e-01 1.038558886785724944e+00 8.879437349205356877e-01 8.034767143743344331e-01 9.391835150774628937e-01
8.648175058646996316e-01 8.010947315992472673e-01 1.061054929008455439e+00 8.809015450936755753e-01 8.022613104522163807e-01 8.374218153384156427e-01 6.555151805454780822e-01 1.052933301242044095e+00 9.644394395063635717e-01 6.608728309770939280e-01 8.010947315992473783e-01 1.061054929008455439e+00 8.809015450936756864e-01 8.022613104522164917e-01 9.419268245515224347e-01
8.579566884838185636e-01 8.069295332240021823e-01 1.085016291147485434e+00 8.725652957618552641e-01 8.013775294889953216e-01 8.147321540216425628e-01 6.383449294304729404e-01 1.059558424355054651e+00 9.641971473287817007e-01 6.409300815596202794e-01 8.069295332240022933e-01 1.085016291147485434e+00 8.725652957618553751e-01 8.013775294889954326e-01 9.446506691791378696e-01
8.506664344996309746e-01 8.151204517165648866e-01 1.110183378169807611e+00 8.627956247611318075e-01 8.005955363469349217e-01 7.913856396132805671e-01 6.231201168157043391e-01 1.064249151614190314e+00 9.653820176775607109e-01 6.210319820154009962e-01 8.151204517165649976e-01 1.110183378169807611e+00 8.627956247611319185e-01 8.005955363469350328e-01 9.472328348798871867e-01
8.428821276805001927e-01 8.256295254377395976e-01 1.136219037062991211e+00 8.515567783065975949e-01 7.996786912900585298e-01 7.676639937046360052e-01 6.103199466775476312e-01 1.066433472661427961e+00 9.677831300799363268e-01 6.011276221992303270e-01 8.256295254377397086e-01 1.136219037062991211e+00 8.515567783065977059e-01 7.996786912900586408e-01 9.495756398529938691e-01
8.345582621748597330e-01 8.383074601547888527e-01 1.162689011936647310e+00 8.389373954036936087e-01 7.983892122159410576e-01 7.439356242222959770e-01 6.003942789080960463e-01 1.065574821229104296e+00 9.710563281448290063e-01 5.811667808063857299e-01 8.383074601547889637e-01 1.162689011936647310e+00 8.389373954036937198e-01 7.983892122159411686e-01 9.516149448303368175e-01
8.256702630839622969e-01 8.528727905450544933e-01 1.189067048432077556e+00 8.251561814808124895e-01 7.965101443728851427e-01 7.206005951503072771e-01 5.936728212063909771e-01 1.061262000490329704e+00 9.747438956326308634e-01 5.610969193528251298e-01 8.528727905450546043e-01 1.189067048432077556e+00 8.251561814808126005e-01 7.965101443728852537e-01 9.533295653613941267e-01
