1.000000000000000000e+00 1.000000000000000000e+00 1.000000000000000000e+00 1.000000000000000000e+00 1.000000000000000000e+00 1.000000000000000000e+00 1.000000000000000000e+00 1.000000000000000000e+00 1.000000000000000000e+00 1.000000000000000000e+00 1.000000000000000000e+00 1.000000000000000000e+00 1.000000000000000000e+00 1.000000000000000000e+00 1.000000000000000000e+00
1.058830513096225667e+00 9.890570411064923961e-01 1.055705958727502836e+00 1.054560881719426302e+00 9.872206507589742497e-01 1.056108032418065612e+00 1.033494847558994234e+00 9.521080174961842335e-01 1.056254561333360709e+00 1.021432376540110321e+00 9.890570411064923961e-01 1.055705958727502836e+00 1.054560881719426302e+00 9.872206507589742497e-01 1.058830513096225889e+00
1.112901682222710020e+00 9.862027227955444397e-01 1.101671681131481950e+00 1.099053350020485542e+00 9.818656476585482240e-01 1.108708503864969108e+00 1.071554094550562164e+00 9.051689582566833092e-01 1.098701219917693761e+00 1.047136477175641733e+00 9.862027227955444397e-01 1.101671681131481950e+00 1.099053350020485542e+00 9.818656476585482240e-01 1.109608988145707631e+00
1.155829315320138218e+00 9.887433986899165639e-01 1.133763213495442068e+00 1.125491598856547926e+00 9.862805900079567589e-01 1.153433462131009613e+00 1.108039655900085130e+00 8.639871529359645086e-01 1.123653045927939464e+00 1.071817931440526062e+00 9.887433986899165639e-01 1.133763213495442068e+00 1.125491598856547926e+00 9.862805900079567589e-01 1.147404574358918516e+00
1.186768981807823753e+00 9.937945690304611501e-01 1.153403860303361173e+00 1.133953121362560656e+00 9.970689086012137770e-01 1.189440771581811607e+00 1.139556984748343105e+00 8.298118733381276702e-01 1.133261383781951182e+00 1.092193468682978619e+00 9.937945690304611501e-01 1.153403860303361173e+00 1.133953121362560656e+00 9.970689086012137770e-01 1.172412267412649589e+00
1.208618401239997420e+00 9.997295352537549640e-01 1.164413507068500664e+00 1.129174428863160662e+00 1.010476909276895485e+00 1.218461292384619865e+00 1.166059293217842407e+00 8.011456655364695978e-01 1.131768739415070835e+00 1.108429184694609493e+00 9.997295352537549640e-01 1.164413507068500664e+00 1.129174428863160662e+00 1.010476909276895485e+00 1.187859212472587300e+00
1.224719402947808122e+00 1.005917014166942236e+00 1.170249509786964515e+00 1.115959380677230772e+00 1.024574394127000909e+00 1.242753445245738941e+00 1.188763544665182526e+00 7.758954719631874219e-01 1.122902385563191219e+00 1.121891325538818762e+00 1.005917014166942236e+00 1.170249509786964515e+00 1.115959380677230772e+00 1.024574394127000909e+00 1.197219781720639586e+00
1.237505296585110770e+00 1.012131415016205516e+00 1.173288010618051658e+00 1.097670104769560950e+00 1.038662020700171329e+00 1.264126499514830249e+00 1.208813186006863827e+00 7.524345016904823158e-01 1.109238903404224930e+00 1.133716706196628232e+00 1.012131415016205516e+00 1.173288010618051658e+00 1.097670104769560950e+00 1.038662020700171329e+00 1.203083003213892832e+00
1.248471586187971827e+00 1.018265955587562832e+00 1.174998650584408333e+00 1.076397437068079999e+00 1.052547539851756087e+00 1.283809156756752445e+00 1.226959117150324241e+00 7.297326764213097894e-01 1.092419854680600766e+00 1.144575906401660736e+00 1.018265955587562832e+00 1.174998650584408333e+00 1.076397437068079999e+00 1.052547539851756087e+00 1.207124563740424428e+00
1.258462038981108089e+00 1.024247465496404441e+00 1.176245117238585491e+00 1.053407892885653396e+00 1.066207944082426362e+00 1.302580546572144282e+00 1.243621487102170686e+00 7.072069249747107156e-01 1.073477640035607639e+00 1.154798108132562673e+00 1.024247465496404441e+00 1.176245117238585491e+00 1.053407892885653396e+00 1.066207944082426362e+00 1.210362956461039863e+00
1.267919532626863965e+00 1.030018735826525811e+00 1.177513272630213770e+00 1.029478935071869383e+00 1.079669097190168126e+00 1.320917681393591003e+00 1.259008960875813044e+00 6.845635351629578702e-01 1.053072480230294872e+00 1.164511527425386550e+00 1.030018735826525811e+00 1.177513272630213770e+00 1.029478935071869383e+00 1.079669097190168126e+00 1.213393425598099595e+00
1.277052272293816237e+00 1.035536084121588596e+00 1.179059241263359592e+00 1.005105175967205833e+00 1.092968219861371937e+00 1.339104934249327972e+00 1.273211463478529870e+00 6.616856837225550958e-01 1.031639607736700714e+00 1.173737406159799823e+00 1.035536084121588596e+00 1.179059241263359592e+00 1.005105175967205833e+00 1.092968219861371937e+00 1.216548931726362248e+00
1.285934870732654334e+00 1.040768426799914437e+00 1.181001434087295854e+00 9.806181989630426976e-01 1.106143417384944483e+00 1.357306440537705106e+00 1.286259645788568662e+00 6.385604499716146520e-01 1.009477032672043473e+00 1.182445008950337551e+00 1.040768426799914437e+00 1.181001434087295854e+00 9.806181989630426976e-01 1.106143417384944483e+00 1.220001701512788195e+00
1.294567883085167015e+00 1.045695703082554440e+00 1.183376894415444802e+00 9.562548338556334793e-01 1.119231066044707568e+00 1.375611818349136151e+00 1.298159980726992346e+00 6.152323169065174735e-01 9.867975464457594548e-01 1.190582120542700073e+00 1.045695703082554440e+00 1.183376894415444802e+00 9.562548338556334793e-01 1.119231066044707568e+00 1.223825214523140970e+00
1.302912442793880743e+00 1.050306960641202547e+00 1.186175533915204694e+00 9.321956525649133241e-01 1.132265134598003486e+00 1.394064400047097640e+00 1.308914255596170362e+00 5.917733442522969955e-01 9.637596278626823221e-01 1.198091439287198856e+00 1.050306960641202547e+00 1.186175533915204694e+00 9.321956525649133241e-01 1.132265134598003486e+00 1.228031538657863297e+00
1.310910329966421761e+00 1.054598548873395547e+00 1.189360857900505719e+00 9.085864976034496721e-01 1.145276845483550465e+00 1.412678491472350695e+00 1.318529523255108415e+00 5.682638827888508715e-01 9.404859217608436683e-01 1.204919116673159651e+00 1.054598548873395547e+00 1.189360857900505719e+00 9.085864976034496721e-01 1.145276845483550465e+00 1.232593757929497658e+00
1.318495578891622166e+00 1.058572631025418431e+00 1.192882565365463776e+00 8.855504718679630960e-01 1.158294370105025228e+00 1.431449934408240754e+00 1.327022317370666560e+00 5.447802370691273710e-01 9.170744029470156988e-01 1.211018978265704149e+00 1.058572631025418431e+00 1.192882565365463776e+00 8.855504718679630960e-01 1.158294370105025228e+00 1.237459541501240379e+00
1.325601154215131361e+00 1.062236063403052100e+00 1.196684353130700318e+00 8.631946556468479415e-01 1.171342575101406824e+00 1.450362655895086172e+00 1.334419475735111327e+00 5.213871806335759196e-01 8.936052510513626812e-01 1.216354384914721809e+00 1.062236063403052100e+00 1.196684353130700318e+00 8.631946556468479415e-01 1.171342575101406602e+00 1.242559503379613517e+00
1.332162719125048911e+00 1.065599631129980018e+00 1.200708933900519471e+00 8.416139629297233471e-01 1.184442876285394464e+00 1.469392828904093173e+00 1.340757044008694221e+00 4.981340312355354571e-01 8.701452220501080248e-01 1.220898823537315048e+00 1.065599631129980018e+00 1.200708933900519693e+00 8.416139629297233471e-01 1.184442876285394242e+00 1.247812504962159119e+00
1.338120661945424672e+00 1.068677628635921417e+00 1.204901438643109612e+00 8.208934693553344708e-01 1.197613229363941656e+00 1.488511595949914668e+00 1.346078214234394332e+00 4.750533940970682045e-01 8.467505598422355728e-01 1.224635847178954684e+00 1.068677628635921639e+00 1.204901438643109834e+00 8.208934693553344708e-01 1.197613229363941434e+00 1.253129145210357676e+00
