2.007989351394463995e+00 2.392661573448834567e+00 3.316351564069498714e+00 4.913643118804983168e+00 7.066740847828784089e-02 5.089168767437678653e+00 1.725107056829438212e+00 3.858387040237171162e-01 5.538240273134722003e+00 3.190299658736859723e+00 6.099786108902106818e+00 2.055133993584238983e+00 5.636908115927007579e+00 4.279113463113962013e+00 6.170361560506688825e+00
2.004515273629004390e+00 2.396336506635095898e+00 3.309799441211115578e+00 4.903689565510112480e+00 6.408121875636424436e-02 5.077771039581190138e+00 1.736067534654085920e+00 3.904164905642560357e-01 5.529866712293665110e+00 3.186219785473340949e+00 6.103461042088367705e+00 2.048581870725855847e+00 5.626954562632136003e+00 4.272527273392038083e+00 6.176428535044657053e+00
1.998664288737478145e+00 2.398139804071188763e+00 3.306540100114040648e+00 4.897047007136005270e+00 6.032363052139438908e-02 5.068769020653044244e+00 1.747039241938634468e+00 3.959956241094292895e-01 5.520593083656205380e+00 3.184317494966067308e+00 6.105264339524461015e+00 2.045322529628780917e+00 5.620312004258028793e+00 4.268769685157068672e+00 6.179704148003896336e+00
1.991493894616043203e+00 2.398903136521235879e+00 3.305140639474939412e+00 4.892248790071755948e+00 5.810422498649873979e-02 5.061129666450653986e+00 1.757978912041113340e+00 4.021019681591906370e-01 5.510814800200309449e+00 3.183686931237263096e+00 6.106027671974508131e+00 2.043923068989679681e+00 5.615513787193779471e+00 4.266550279622173036e+00 6.181460342519115692e+00
1.983629032901765399e+00 2.399099685947007732e+00 3.304767780953103529e+00 4.888454886710822400e+00 5.670030978465448457e-02 5.054270584087488416e+00 1.768849281570141985e+00 4.084606069621147251e-01 5.500795611627044224e+00 3.183776018681258257e+00 6.106224221400279539e+00 2.043550210467843353e+00 5.611719883832845923e+00 4.265146364420329128e+00 6.182409111482114028e+00
1.975444478209700039e+00 2.398989078532614450e+00 3.304954115453595076e+00 4.885209674557726700e+00 5.572480625109909463e-02 5.047889088230465227e+00 1.779595568695979235e+00 4.149037731109707638e-01 5.490723207994836486e+00 3.184261298813034102e+00 6.106113613985885813e+00 2.043736544968334901e+00 5.608474671679750223e+00 4.264170860886773440e+00 6.182932822655780924e+00
1.967176466388703915e+00 2.398712602297633278e+00 3.305440100828847427e+00 4.882275892221749736e+00 5.497533009780059682e-02 5.041841440502161653e+00 1.790148968852373290e+00 4.213193513368636567e-01 5.480740742828333012e+00 3.184955591986251111e+00 6.105837137750905974e+00 2.044222530343586808e+00 5.605540889343773259e+00 4.263421384733475428e+00 6.183233023582592303e+00
1.958983867963717040e+00 2.398347659512898300e+00 3.306081467723767542e+00 4.879536508711087350e+00 5.434832023854522381e-02 5.036070154414445277e+00 1.800434699056584709e+00 4.276250188487342729e-01 5.470963008340365974e+00 3.185750803877515747e+00 6.105472194966170996e+00 2.044863897238507366e+00 5.602801505833111761e+00 4.262794374874220082e+00 6.183414747699574221e+00
1.950980325481667998e+00 2.397937555853140168e+00 3.306797213468427810e+00 4.876939091850696073e+00 5.379217421958892159e-02 5.030562077364480800e+00 1.810379167638527020e+00 4.337561161238774332e-01 5.461484185734835961e+00 3.186584228694910426e+00 6.105062091306412420e+00 2.045579642983167634e+00 5.600204088972720484e+00 4.262238228855263600e+00 6.183532314068157731e+00
1.943250632784427001e+00 2.397507450311993527e+00 3.307540929069619384e+00 4.874464719106953225e+00 5.328213336747741891e-02 5.025324577506292023e+00 1.819915367135790163e+00 4.396604121118137809e-01 5.452381241686537372e+00 3.187419121686646317e+00 6.104631985765266222e+00 2.046323358584361429e+00 5.597729716228977637e+00 4.261728188003152340e+00 6.183613727761178680e+00
