5.354261900507497174e+00 1.239626620423873948e+00 4.827737945410834008e+00 4.379468403335050830e+00 7.100090889389409909e-01 1.156635873240573265e+00 3.343567420525372480e+00 9.924674887332981532e-01 9.898584372719769486e-02 4.712723857070881373e+00 1.993192018084188444e+00 1.656898619018566166e+00 5.082932417871716346e+00 2.728271537099935529e-01 6.276357623191412216e+00
5.443327183135670211e+00 1.272007511816971359e+00 4.779676095892218868e+00 4.290484626231834575e+00 6.204143025036853443e-01 1.168497995696917480e+00 3.319775259048466598e+00 9.916803689351103568e-01 1.003022956014864020e-01 4.713118234755502733e+00 2.025572909477285855e+00 1.608836769499950803e+00 4.993948640768500091e+00 1.832323672747379062e-01 6.275077896711257708e+00
5.542972134409066776e+00 1.294020513147158269e+00 4.742859060255665504e+00 4.190877904162947587e+00 5.211484609328439488e-01 1.167308234749250051e+00 3.302189412290780002e+00 9.853575143151098725e-01 1.051782811597408857e-01 4.713970756972876153e+00 2.047585910807472764e+00 1.572019733863397217e+00 4.894341918699613103e+00 8.396652570389645520e-02 6.264950296703203136e+00
5.623410186647838316e+00 1.290615904060052888e+00 4.736210005315344418e+00 4.109122792196401086e+00 4.417277792355002175e-01 1.157795855274958097e+00 3.292315273313308754e+00 9.780921630025478652e-01 1.097251494026593582e-01 4.716092804798253546e+00 2.044181301720367383e+00 1.565370678923075909e+00 4.812586806733066602e+00 4.545844006552696159e-03 6.249227249102538906e+00
5.673531968547311344e+00 1.272405919396828677e+00 4.749451808729198810e+00 4.056596536504504691e+00 3.922898942336851547e-01 1.150962621055986679e+00 3.283816793652016397e+00 9.707568801834440819e-01 1.120652837872132129e-01 4.718903456741922575e+00 2.025971317057143395e+00 1.578612482336930523e+00 4.760060551041170207e+00 -4.489204099526238056e-02 6.236408655025022618e+00
5.703019425917973173e+00 1.251142693504865511e+00 4.768514902937051936e+00 4.025194834644292285e+00 3.630823197413027836e-01 1.151237366372348525e+00 3.273121688164432275e+00 9.624365271572595804e-01 1.125407758418341952e-01 4.721289284606598358e+00 2.004708091165180228e+00 1.597675576544783649e+00 4.728658849180957802e+00 -7.409961548764472383e-02 6.230386255507514015e+00
5.721297453294082125e+00 1.230653794594249506e+00 4.787870627006224566e+00 4.005708033038519744e+00 3.444612110839771479e-01 1.158352573636466820e+00 3.259613462551862462e+00 9.528435415248344142e-01 1.119595096828275571e-01 4.723035134747920694e+00 1.984219192254564224e+00 1.617031300613956724e+00 4.709172047575185260e+00 -9.272072414497035953e-02 6.230549839079851715e+00
5.733477012605812995e+00 1.211479926391966222e+00 4.806167419818538455e+00 3.992545861050140310e+00 3.310147692919762630e-01 1.170883105579212602e+00 3.243633518908629831e+00 9.422009365719458129e-01 1.109555191938201846e-01 4.724307999341999853e+00 1.965045324052280939e+00 1.635328093426270613e+00 4.696009875586805826e+00 -1.061671659369712584e-01 6.235151087444644524e+00
5.742070164840781921e+00 1.193352781556436426e+00 4.823364825405186629e+00 3.982706308280998364e+00 3.200387251791448895e-01 1.187463135230694133e+00 3.225683348992967048e+00 9.308866080030515633e-01 1.099022074692976858e-01 4.725267834972967762e+00 1.946918179216751144e+00 1.652525499012918342e+00 4.686170322817663880e+00 -1.171432100498026041e-01 6.242604625906094107e+00
5.748340881719583351e+00 1.175946690509171111e+00 4.839737271245001970e+00 3.974596921649811598e+00 3.101987048225567922e-01 1.206999169140219097e+00 3.206189548629141850e+00 9.192516973676551073e-01 1.089818108174749889e-01 4.726002325383312552e+00 1.929512088169485828e+00 1.668897944852733684e+00 4.678060936186477115e+00 -1.269832304063906459e-01 6.251725436949038262e+00
5.752970617078822180e+00 1.159057215610797664e+00 4.855574419189574442e+00 3.967360892274535367e+00 3.008320066057771358e-01 1.228623915793280119e+00 3.185467367188857146e+00 9.075701791683927766e-01 1.082598109613252674e-01 4.726548278185477514e+00 1.912622613271112382e+00 1.684735092797306377e+00 4.670824906811200883e+00 -1.363499286231703300e-01 6.261674814887395080e+00
5.756362830512166795e+00 1.142613585041535318e+00 4.871108402478250277e+00 3.960533339870905500e+00 2.916159382908161124e-01 1.251617696164270654e+00 3.163741497838075123e+00 8.960423352862156854e-01 1.077353806576969858e-01 4.726917106233621269e+00 1.896178982701850035e+00 1.700269076085982434e+00 4.663997354407571017e+00 -1.455659969381313812e-01 6.271863269898574345e+00
5.758784510079968832e+00 1.126650858576340175e+00 4.886508822384153738e+00 3.953867577117168075e+00 2.824102485418470421e-01 1.275351312434897189e+00 3.141175484629358472e+00 8.848121309269530999e-01 1.073724371828740365e-01 4.727111354513212405e+00 1.880216256236654893e+00 1.715669495991885674e+00 4.657331591653833591e+00 -1.547716866871005070e-01 6.281871715172907322e+00
5.760434733118562356e+00 1.111278246265535952e+00 4.901893989695170539e+00 3.947244766572067576e+00 2.731790547164343330e-01 1.299255854128284593e+00 3.117896130406347499e+00 8.739841109640308359e-01 1.071188115138986263e-01 4.727133952577335485e+00 1.864843643925850669e+00 1.731054663302902252e+00 4.650708781108733092e+00 -1.640028805125131606e-01 6.291398214170198955e+00
5.761478721588882301e+00 1.096652139327988662e+00 4.917343252509549067e+00 3.940624671851344907e+00 2.639492675657881260e-01 1.322813298160385065e+00 3.094010823489689699e+00 8.636360739890686089e-01 1.069184266328654931e-01 4.726992861289715187e+00 1.850217536988303380e+00 1.746503926117281225e+00 4.644088686388010423e+00 -1.732326676631593954e-01 6.300224825954550134e+00
5.762064006419907791e+00 1.082954438276660714e+00 4.932907036806547296e+00 3.934017112320110421e+00 2.547861618177998388e-01 1.345560144389637003e+00 3.069618828904179697e+00 8.538272684882002306e-01 1.067191264174975063e-01 4.726702826475331243e+00 1.836519835936975653e+00 1.762067710414279453e+00 4.637481126856775937e+00 -1.823957734111476547e-01 6.308197902290837433e+00
5.762326444812263304e+00 1.070375119187493063e+00 4.948614601065425944e+00 3.927464120122206470e+00 2.457772898117442650e-01 1.367097146126305507e+00 3.044818087324761890e+00 8.446027695702236215e-01 1.064775123933705270e-01 4.726285240253046638e+00 1.823940516847808002e+00 1.777775274673158545e+00 4.630928134658871542e+00 -1.914046454172032286e-01 6.315216610623687110e+00
5.762390293340271974e+00 1.059098142672276088e+00 4.964480128927423408e+00 3.921027782002325157e+00 2.370207197655742337e-01 1.387099584089195980e+00 3.019708907740502379e+00 8.359948831188356300e-01 1.061615219594006509e-01 4.725766761646636560e+00 1.812663540332591250e+00 1.793640802535155787e+00 4.624491796538990229e+00 -2.001612154633732599e-01 6.321226042582118509e+00
5.762365089109747096e+00 1.049290282852727962e+00 4.980507622954584157e+00 3.914781229789534578e+00 2.286158232232335108e-01 1.405324159677678431e+00 2.994395706885456310e+00 8.280224829816705823e-01 1.057512231370074107e-01 4.725177202897392625e+00 1.802855680513043124e+00 1.809668296562316536e+00 4.618245244326199206e+00 -2.085661120057139550e-01 6.326212511530179938e+00
5.762341376628528522e+00 1.041092775508840607e+00 4.996694784569408299e+00 3.908801531920438332e+00 2.206559046632254051e-01 1.421610353147597428e+00 2.968987745872045725e+00 8.206892298924046703e-01 1.052382209519769629e-01 4.724547121227280044e+00 1.794658173169155768e+00 1.825855458177141122e+00 4.612265546457103405e+00 -2.165260305657220608e-01 6.330199545888246071e+00
5.762386791888753024e+00 1.034615765802545884e+00 5.013035877522142414e+00 3.903163920693257349e+00 2.132224486948589015e-01 1.435875810200476943e+00 2.943599614519066598e+00 8.139816094836352933e-01 1.046240597300109043e-01 4.723905496882850663e+00 1.788181163462861045e+00 1.842196551129875015e+00 4.606627935229922421e+00 -2.239594865340885643e-01 6.333243735566158605e+00
5.762543499564519500e+00 1.029935428755005544e+00 5.029523514495885195e+00 3.897937137774229122e+00 2.063809307362710621e-01 1.448106714147771035e+00 2.918351977996313629e+00 8.078676094730284918e-01 1.039180024634201449e-01 4.723277797027226832e+00 1.783500826415320928e+00 1.858684188103617352e+00 4.601401152310894638e+00 -2.308010044926764037e-01 6.335430056096009288e+00
5.762827470917729400e+00 1.027093443890380708e+00 5.046149353616421251e+00 3.893179831491787368e+00 2.001781434735772358e-01 1.458344950499132597e+00 2.893372819853998301e+00 8.022966248663992994e-01 1.031345436549507277e-01 4.722684619069512202e+00 1.780658841550696092e+00 1.875310027224153409e+00 4.596643846028452884e+00 -2.370037917553702300e-01 6.336866617209418351e+00
5.763229651331751136e+00 1.026098333345893066e+00 5.062903796567440828e+00 3.888937975412331660e+00 1.946409271047023215e-01 1.466674114294279851e+00 2.868799115999111304e+00 7.972008777588355244e-01 1.022909585211405070e-01 4.722140990448143505e+00 1.779663731006208449e+00 1.892064470175172763e+00 4.592401989948997176e+00 -2.425410081242451443e-01 6.337678979584989492e+00
5.763718757078280852e+00 1.026928090506110003e+00 5.079774896939321494e+00 3.885243255947531615e+00 1.897761189030705564e-01 1.473206156518443999e+00 2.844778602969232129e+00 7.924983355472302593e-01 1.014051160080188391e-01 4.721656294701893408e+00 1.780493488166425387e+00 1.908935570547052984e+00 4.588707270484197132e+00 -2.474058163258769649e-01 6.338004272291242636e+00
5.764245283160928324e+00 1.029533555075792473e+00 5.096746783969390293e+00 3.882112339719177907e+00 1.855714943408073303e-01 1.478069925929594852e+00 2.821471111091425232e+00 7.880968719178762516e-01 1.004936990053304779e-01 4.721234712822110602e+00 1.783098952736107856e+00 1.925907457577121784e+00 4.585576354255843867e+00 -2.516104408881401633e-01 6.337985348458777146e+00
5.764746277327819080e+00 1.033842107927066323e+00 5.113797965959492764e+00 3.879546906481794011e+00 1.819974712637160985e-01 1.481402254855772815e+00 2.799048856698162613e+00 7.838992708881618032e-01 9.957089578139365071e-02 4.720876022972828601e+00 1.787407505587381706e+00 1.942958639567224477e+00 4.583010921018460415e+00 -2.551844639652314228e-01 6.337765171645073359e+00
5.765150491062120075e+00 1.039761417370231644e+00 5.130899892885848246e+00 3.877534331172192594e+00 1.790093830731188385e-01 1.483341717236689394e+00 2.777695145524087472e+00 7.798086209337502517e-01 9.864756145767608619e-02 4.720576590037875775e+00 1.793326815030547028e+00 1.960060566493579959e+00 4.580998345708858999e+00 -2.581725521558286829e-01 6.337481567355871981e+00
5.765383601821456594e+00 1.047183116358532340e+00 5.148016126700637685e+00 3.876048914306064130e+00 1.765501757362578639e-01 1.484024824523617836e+00 2.757601128188534645e+00 7.757336560047556340e-01 9.773080170235345920e-02 4.720330391889331345e+00 1.800748514018847724e+00 1.977176800308369398e+00 4.579512928842730979e+00 -2.606317594926896852e-01 6.337262434036428083e+00
5.765373269627119157e+00 1.055986388956280386e+00 5.165102389262347771e+00 3.875053578911551888e+00 1.745534223800878082e-01 1.483584221386279989e+00 2.738960543198334374e+00 7.715936421096547537e-01 9.682390300483395551e-02 4.720129962031350601e+00 1.809551786616595770e+00 1.994263062870079262e+00 4.578517593448219181e+00 -2.626285128488597964e-01 6.337221501261473655e+00
5.765053825341481364e+00 1.066041477008807581e+00 5.182107633367697197e+00 3.874501958472460927e+00 1.729465601964303434e-01 1.482148363211771125e+00 2.721962736157416796e+00 7.673224634227543417e-01 9.592652270152489391e-02 4.719967169285735231e+00 1.819606874669122965e+00 2.011268306975428466e+00 4.577965973009128220e+00 -2.642353750325172612e-01 6.337454746716725928e+00
5.764370391067108024e+00 1.077213090229192094e+00 5.198976121814511409e+00 3.874340784583655051e+00 1.716542326887009473e-01 1.479842157975937100e+00 2.706784588637936473e+00 7.628716282402260296e-01 9.503505403104024751e-02 4.719833797317396495e+00 1.830778487889507700e+00 2.028136795422242233e+00 4.577804799120322343e+00 -2.655277025402466573e-01 6.338037618535905082e+00
5.763282225598822528e+00 1.089363639716892873e+00 5.215650325234050477e+00 3.874512447511838875e+00 1.706015766761323216e-01 1.476788101941569176e+00 2.693582248338124874e+00 7.582120002818193427e-01 9.414309301811851771e-02 4.719721924578538896e+00 1.842929037377208479e+00 2.044810998841781746e+00 4.577976462048506612e+00 -2.665803585528152553e-01 6.339023228352158590e+00
5.761765096471585856e+00 1.102356151255042604e+00 5.232074295765372973e+00 3.874957561590503641e+00 1.697172504638211621e-01 1.473107510873436166e+00 2.682483654151233132e+00 7.533341710520379264e-01 9.324195061256912442e-02 4.719624134246561908e+00 1.855921548915358210e+00 2.061234969373104686e+00 4.578421576127171377e+00 -2.674646847651263593e-01 6.340441659237991523e+00
5.759812525567675756e+00 1.116056683709058195e+00 5.248197078045972575e+00 3.875617340555765455e+00 1.689359826383426688e-01 1.468921535168936643e+00 2.673582759365424888e+00 7.482475194176246847e-01 9.232117083157262427e-02 4.719533600614095548e+00 1.869622081369373801e+00 2.077357751653704288e+00 4.579081355092433192e+00 -2.682459525906048525e-01 6.342300461796041233e+00
5.757435842747032240e+00 1.130336098847995352e+00 5.263975708753484639e+00 3.876435593019059489e+00 1.682004475375976360e-01 1.464351741774230220e+00 2.666936088751979739e+00 7.429781369590546802e-01 9.136902995564136210e-02 4.719444101849381568e+00 1.883901496508310958e+00 2.093136382361216352e+00 4.579899607555726782e+00 -2.689814876913498853e-01 6.344586300647354626e+00
5.754663098474182448e+00 1.145071100689871502e+00 5.279377435691848142e+00 3.877360191703471681e+00 1.674623449825214938e-01 1.459520141178076269e+00 2.662561887328667165e+00 7.375659061914575654e-01 9.037300108318074843e-02 4.719350000743830265e+00 1.898636498350187107e+00 2.108538109299579855e+00 4.580824206240139418e+00 -2.697195902464259998e-01 6.347267588680807648e+00
5.751537005541270453e+00 1.160144564651024446e+00 5.294380935208504724e+00 3.878343943904175806e+00 1.666826626557392221e-01 1.454548626265851796e+00 2.660441725839867821e+00 7.320610806569340934e-01 8.932017273205303254e-02 4.719246219578215218e+00 1.913709962311340051e+00 2.123541608816236881e+00 4.581807958440843542e+00 -2.704992725732082715e-01 6.350297840523779769e+00
5.748112172713408796e+00 1.175445279096975382e+00 5.308976481583416174e+00 3.879344876043639534e+00 1.658312035165467047e-01 1.449557864072051894e+00 2.660524111380488499e+00 7.265207207563405545e-01 8.819761164465432512e-02 4.719128218594734747e+00 1.929010676757290987e+00 2.138137155191148331e+00 4.582808890580307271e+00 -2.713507317124008167e-01 6.353619416593023317e+00
5.744451939009837638e+00 1.190867296546578968e+00 5.323165179525870094e+00 3.880326020688340094e+00 1.648855423360772454e-01 1.444665737000335959e+00 2.662729467853586662e+00 7.210052922636274175e-01 8.699266105039521468e-02 4.718991975016072260e+00 1.944432694206894574e+00 2.152325853133601807e+00 4.583790035225008275e+00 -2.722963928928702204e-01 6.357167326296623955e+00
