1.000000000000000000e+00 1.000000000000000000e+00 1.000000000000000000e+00 1.000000000000000000e+00 1.000000000000000000e+00 1.000000000000000000e+00 1.000000000000000000e+00 1.000000000000000000e+00 1.000000000000000000e+00 1.000000000000000000e+00 1.000000000000000000e+00 1.000000000000000000e+00 1.000000000000000000e+00 1.000000000000000000e+00 1.000000000000000000e+00
1.117661026192451335e+00 1.002517699554850816e+00 1.110386097739954447e+00 1.109241020731877914e+00 1.000681309207332559e+00 1.090025347287735258e+00 1.075093740017168509e+00 9.174172474516912867e-01 1.097853453791534983e+00 1.055349691409779966e+00 1.002517699554850816e+00 1.110386097739954669e+00 1.109241020731877914e+00 1.000681309207332559e+00 1.117661026192451557e+00
1.199672771311615094e+00 1.016906252419624623e+00 1.178976635299566089e+00 1.169556027727875813e+00 1.017770327190938850e+00 1.153088855850877836e+00 1.142952775889429118e+00 8.584118258831088255e-01 1.145368768974910356e+00 1.098913286304073811e+00 1.016906252419624623e+00 1.178976635299566311e+00 1.169556027727875813e+00 1.017770327190938850e+00 1.193411838517416834e+00
1.226131365983685217e+00 1.023251529243363045e+00 1.197716878692840714e+00 1.167054470553393397e+00 1.035873448592804058e+00 1.182902707923713326e+00 1.179702717878287066e+00 8.313845476697162562e-01 1.140417527494092198e+00 1.116742844312611282e+00 1.023251529243363045e+00 1.197716878692840936e+00 1.167054470553393397e+00 1.035873448592804058e+00 1.213012763616904799e+00
1.236239560145561356e+00 1.026400968071352171e+00 1.202322749062841423e+00 1.146605615833622194e+00 1.050976165561517961e+00 1.202116892922000968e+00 1.206147747452727348e+00 8.130735804747791784e-01 1.119937886365779178e+00 1.127728397117017556e+00 1.026400968071352171e+00 1.202322749062841645e+00 1.146605615833622194e+00 1.050976165561517961e+00 1.215549548452890427e+00
1.243962874705939692e+00 1.029343554601143795e+00 1.205315585110761756e+00 1.122798243228229520e+00 1.065270534980803374e+00 1.219291382159784165e+00 1.230669237450240816e+00 7.951945506842753586e-01 1.095800490598409560e+00 1.137875832927501385e+00 1.029343554601143795e+00 1.205315585110761978e+00 1.122798243228229520e+00 1.065270534980803374e+00 1.215474207506183513e+00
1.251391189939003112e+00 1.032411565448223767e+00 1.208841983923299113e+00 1.098033712235345627e+00 1.079413928463626826e+00 1.236209462350189803e+00 1.254354002881048036e+00 7.763998538764087520e-01 1.070216469161220374e+00 1.147694549955156962e+00 1.032411565448223989e+00 1.208841983923299335e+00 1.098033712235345627e+00 1.079413928463626826e+00 1.215361734817158812e+00
1.258685098903111310e+00 1.035572962009828402e+00 1.213189707925931504e+00 1.072791610099222970e+00 1.093599892133790608e+00 1.253310762520877253e+00 1.277150281759754646e+00 7.565525588255166411e-01 1.043706509134048277e+00 1.157014024482211800e+00 1.035572962009828402e+00 1.213189707925931726e+00 1.072791610099222970e+00 1.093599892133790608e+00 1.215647893717557659e+00
1.265740563322777179e+00 1.038782394748053228e+00 1.218325027095421564e+00 1.047296665977850649e+00 1.107912270463795146e+00 1.270752508797772684e+00 1.298886625628205893e+00 7.357363848344651291e-01 1.016487895181132917e+00 1.165645315808284677e+00 1.038782394748053228e+00 1.218325027095421786e+00 1.047296665977850649e+00 1.107912270463795146e+00 1.216389829358074826e+00
1.272426228638958046e+00 1.042011791326955539e+00 1.224155158714269831e+00 1.021754918332769879e+00 1.122401906247546544e+00 1.288612132228297069e+00 1.319407003404091006e+00 7.140941230668469419e-01 9.887115683594464022e-01 1.173438420532532334e+00 1.042011791326955539e+00 1.224155158714270053e+00 1.021754918332769879e+00 1.122401906247546544e+00 1.217558510359995516e+00
1.278613176005066743e+00 1.045246979941520937e+00 1.230576837645190658e+00 9.963780456834469001e-01 1.137104545100452668e+00 1.306929978579071561e+00 1.338586220980289232e+00 6.917919927225609777e-01 9.605059419709313095e-01 1.180277160324720631e+00 1.045246979941520937e+00 1.230576837645190880e+00 9.963780456834469001e-01 1.137104545100452668e+00 1.219089143540891040e+00
1.284178566479055705e+00 1.048484501457652041e+00 1.237486725931187914e+00 9.713790112914381103e-01 1.152045067170605064e+00 1.325719524387274584e+00 1.356332464876237598e+00 6.690021320289840645e-01 9.319860533771149314e-01 1.186074628308185552e+00 1.048484501457652041e+00 1.237486725931188358e+00 9.713790112914381103e-01 1.152045067170605064e+00 1.220891021181232494e+00
1.289007519523607037e+00 1.051730478478768438e+00 1.244784268143174222e+00 9.469654911375773310e-01 1.167238309392714335e+00 1.344970735338547607e+00 1.372588407595600302e+00 6.458885870383589412e-01 9.032560888541606436e-01 1.190771870495413776e+00 1.051730478478768438e+00 1.244784268143174666e+00 9.469654911375774420e-01 1.167238309392714335e+00 1.222850910950701087e+00
1.292995237373605555e+00 1.055000519670957537e+00 1.252373183868005890e+00 9.233345894429542122e-01 1.182689332520590719e+00 1.364652531199181507e+00 1.387330675796896395e+00 6.225963166026224904e-01 8.744108472332804416e-01 1.194337555148633268e+00 1.055000519670957537e+00 1.252373183868006334e+00 9.233345894429543232e-01 1.182689332520590719e+00 1.224836151671455209e+00
1.296048853483487751e+00 1.058319963681394249e+00 1.260163143812692566e+00 9.006691147400542885e-01 1.198393964714331350e+00 1.384715687978495424e+00 1.400567253696550774e+00 5.992442470294536694e-01 8.455373031014714602e-01 1.196767406717020865e+00 1.058319963681394249e+00 1.260163143812693010e+00 9.006691147400545105e-01 1.198393964714331350e+00 1.226698495331856931e+00
1.298088610704261736e+00 1.061724169093452463e+00 1.268071964207248437e+00 8.791352117163687696e-01 1.214339739716008726e+00 1.405096121897742689e+00 1.412333199488558622e+00 5.759227957160969469e-01 8.167163526790254258e-01 1.198083120038285987e+00 1.061724169093452463e+00 1.268071964207248881e+00 8.791352117163689917e-01 1.214339739716008726e+00 1.228278625750682140e+00
1.299048292389507919e+00 1.065258775878536124e+00 1.276028194272261995e+00 8.588810404401113763e-01 1.230507090572459994e+00 1.425718089458751558e+00 1.422685520386473446e+00 5.526954410062469014e-01 7.880245359540898331e-01 1.198330894838191440e+00 1.065258775878536124e+00 1.276028194272262439e+00 8.588810404401115983e-01 1.230507090572459994e+00 1.229411044741276937e+00
1.298875019357417449e+00 1.068979936641257567e+00 1.283973789844387037e+00 8.400361858138236659e-01 1.246870613653412008e+00 1.446496826558898663e+00 1.431698115215520595e+00 5.296033171204371781e-01 7.595355149768125980e-01 1.197579806233221689e+00 1.068979936641257567e+00 1.283973789844387703e+00 8.400361858138238880e-01 1.246870613653412008e+00 1.229929041996886463e+00
1.297528585675412849e+00 1.072954490951117279e+00 1.291866534167304792e+00 8.227115320086878514e-01 1.263400268223210388e+00 1.467340298377714847e+00 1.439457492150639562e+00 5.066715710991178678e-01 7.313211911246187968e-01 1.195920124724521916e+00 1.072954490951117279e+00 1.291866534167305458e+00 8.227115320086880734e-01 1.263400268223210388e+00 1.229669575174628049e+00
1.294980484765677842e+00 1.077259972610403294e+00 1.299681910224302461e+00 8.069994185184657942e-01 1.280062456097756929e+00 1.488149907909206648e+00 1.446059662079052455e+00 4.839162845593335538e-01 7.034524802493125062e-01 1.193461541492648825e+00 1.077259972610403294e+00 1.299681910224303127e+00 8.069994185184660163e-01 1.280062456097756929e+00 1.228477993759274023e+00
