1.000000000000000000e+00 1.000000000000000000e+00 1.000000000000000000e+00 1.000000000000000000e+00 1.000000000000000000e+00 1.000000000000000000e+00 1.000000000000000000e+00 1.000000000000000000e+00 1.000000000000000000e+00 1.000000000000000000e+00 1.000000000000000000e+00 1.000000000000000000e+00 1.000000000000000000e+00 1.000000000000000000e+00 1.000000000000000000e+00
1.101319216999055328e+00 9.987786277636401255e-01 1.095197170236495765e+00 1.094052093228419231e+00 9.969422374161218681e-01 1.080603870935049393e+00 1.063538492112120037e+00 9.270535724640505126e-01 1.086298205886486512e+00 1.045928215057094102e+00 9.987786277636401255e-01 1.095197170236495765e+00 1.094052093228419231e+00 9.969422374161218681e-01 1.101319216999055550e+00
1.179727280340564732e+00 1.009658532357049499e+00 1.161226090793896493e+00 1.154054016910520897e+00 1.008742197947547714e+00 1.143532288661899043e+00 1.126256548423242299e+00 8.689888084274235425e-01 1.135536697898832381e+00 1.087138530965415129e+00 1.009658532357049499e+00 1.161226090793896493e+00 1.154054016910520897e+00 1.008742197947547714e+00 1.174232082972247682e+00
1.215965401591917905e+00 1.017654766478865325e+00 1.188154701509464450e+00 1.163112859310923453e+00 1.026587763628138639e+00 1.180159982493950599e+00 1.167685178384766154e+00 8.356159403248535344e-01 1.141151955059813039e+00 1.109565378124073964e+00 1.017654766478865325e+00 1.188154701509464450e+00 1.163112859310923231e+00 1.026587763628138639e+00 1.203912241648252834e+00
1.231459260243317644e+00 1.022235769466792954e+00 1.196985029400435829e+00 1.148505294792562248e+00 1.042597467655581589e+00 1.203304823818879266e+00 1.196528921368855025e+00 8.138749846594962589e-01 1.126710480414274018e+00 1.122686401077749307e+00 1.022235769466792954e+00 1.196985029400435829e+00 1.148505294792562026e+00 1.042597467655581589e+00 1.212217962905308921e+00
1.241000317131498498e+00 1.025959605182334311e+00 1.200920107227840594e+00 1.126644309840087343e+00 1.057326344300120402e+00 1.222014928308833737e+00 1.221290328468556785e+00 7.948315621948147669e-01 1.105433367157358182e+00 1.133425205877471198e+00 1.025959605182334311e+00 1.200920107227840594e+00 1.126644309840086899e+00 1.057326344300120402e+00 1.214158339473151882e+00
1.249054874938893001e+00 1.029602607071795850e+00 1.204146213334810200e+00 1.102473381081453763e+00 1.071589578080541116e+00 1.239470982055527193e+00 1.244521697467253274e+00 7.757071265528154846e-01 1.081483190148104567e+00 1.143486652402754711e+00 1.029602607071795850e+00 1.204146213334810200e+00 1.102473381081453319e+00 1.071589578080541116e+00 1.214643034804377075e+00
1.256707970254415274e+00 1.033289722895474050e+00 1.207809432361535595e+00 1.077418876229827349e+00 1.085734450669028739e+00 1.256721795916527329e+00 1.266736114436974869e+00 7.557953484099911856e-01 1.056159358367290579e+00 1.153083775608210848e+00 1.033289722895474050e+00 1.207809432361535595e+00 1.077418876229826905e+00 1.085734450669028739e+00 1.215088064724069161e+00
1.264136493361749602e+00 1.037007349150505409e+00 1.212169642469563602e+00 1.051983022334174622e+00 1.099911366882286634e+00 1.274142533970794799e+00 1.287925713948676387e+00 7.349922306030015617e-01 1.029937519438501647e+00 1.162113168401551988e+00 1.037007349150505409e+00 1.212169642469563602e+00 1.051983022334174178e+00 1.099911366882286634e+00 1.215883327780669987e+00
1.271285771991283342e+00 1.040726740523805649e+00 1.217231483420383231e+00 1.026437529814300031e+00 1.114199428392903757e+00 1.291887432456594098e+00 1.307974318448375639e+00 7.133777287361543484e-01 1.003049638951214240e+00 1.170430251282490008e+00 1.040726740523805649e+00 1.217231483420383231e+00 1.026437529814299587e+00 1.114199428392903757e+00 1.217111741314017115e+00
1.278046128316071783e+00 1.044427076970180668e+00 1.222926642685148391e+00 1.001000689999185234e+00 1.128649062742286713e+00 1.310027777250303727e+00 1.326762650172065738e+00 6.910936219520956714e-01 9.756496526035131067e-01 1.177906347338371074e+00 1.044427076970180668e+00 1.222926642685148391e+00 1.001000689999184790e+00 1.128649062742286713e+00 1.218752813935938706e+00
1.284298556153366855e+00 1.048097856355970192e+00 1.229167021331906362e+00 9.758781360955908202e-01 1.143295622862264160e+00 1.328594253899750166e+00 1.344195269160158190e+00 6.683008115649955450e-01 9.478613784307167167e-01 1.184438384554711288e+00 1.048097856355970192e+00 1.229167021331906362e+00 9.758781360955904871e-01 1.143295622862264160e+00 1.220740458543551510e+00
1.289927334888652632e+00 1.051738338708431808e+00 1.235860551727061774e+00 9.512687360561238314e-01 1.158163509179580775e+00 1.347590536005527140e+00 1.360207619712064497e+00 6.451584139555348596e-01 9.197927844238181772e-01 1.189949800589474194e+00 1.051738338708431808e+00 1.235860551727061774e+00 9.512687360561234984e-01 1.158163509179580775e+00 1.222980267304733193e+00
1.294824503764792745e+00 1.055357179844582882e+00 1.242916354499271403e+00 9.273625226973691849e-01 1.173267437542461211e+00 1.366998653591368074e+00 1.374767012109723963e+00 6.218105478286435339e-01 8.915408092120150618e-01 1.194390169150019831e+00 1.055357179844582882e+00 1.242916354499271625e+00 9.273625226973688518e-01 1.173267437542461211e+00 1.225356064654445465e+00
1.298892144792598513e+00 1.058972445206783020e+00 1.250247202068833330e+00 9.043376716863490428e-01 1.188613093123292108e+00 1.386782384337465590e+00 1.387870716187500575e+00 5.983780102494929976e-01 8.631937351832561500e-01 1.197734541440099942e+00 1.058972445206783020e+00 1.250247202068833552e+00 9.043376716863488207e-01 1.188613093123292108e+00 1.227734107130745489e+00
1.302043730448915637e+00 1.062611818201845137e+00 1.257771660239995315e+00 8.823581843175593020e-01 1.204197855913347492e+00 1.406890333505030899e+00 1.399542235280537339e+00 5.749544239287641689e-01 8.348330417768551337e-01 1.199982515596889732e+00 1.062611818201845137e+00 1.257771660239995537e+00 8.823581843175590800e-01 1.204197855913347492e+00 1.229967110464133206e+00
1.304204786159197882e+00 1.066312901202228325e+00 1.265416475646832906e+00 8.615724637069688274e-01 1.220011706727561984e+00 1.427258877289016681e+00 1.409826605068195127e+00 5.516064638362483397e-01 8.065351347231722867e-01 1.201157092149877759e+00 1.066312901202228325e+00 1.265416475646833128e+00 8.615724637069686054e-01 1.220011706727561984e+00 1.231898491625242453e+00
1.305312987358393961e+00 1.070123594176422888e+00 1.273119152747221872e+00 8.421125850723701900e-01 1.236038228960290475e+00 1.447814718439242920e+00 1.418785551343394236e+00 5.283773520528171064e-01 7.783729100367868803e-01 1.201303455100018125e+00 1.070123594176422888e+00 1.273119152747222094e+00 8.421125850723699680e-01 1.236038228960290475e+00 1.233366745707279888e+00
1.305317827886758986e+00 1.074102547694474330e+00 1.280830463834477406e+00 8.240940056498819999e-01 1.252255593419740354e+00 1.468476770852179314e+00 1.426493207854782730e+00 5.052925165082970960e-01 7.504170447043141401e-01 1.200487788330932837e+00 1.074102547694474330e+00 1.280830463834477628e+00 8.240940056498818889e-01 1.252255593419740354e+00 1.234209827117094926e+00
1.304179994760300554e+00 1.078319631587416394e+00 1.288516608576989464e+00 8.076155157244810923e-01 1.268637453253004255e+00 1.489157189162016337e+00 1.433032856649114617e+00 4.823662627083378229e-01 7.227369683912351350e-01 1.198796131487475769e+00 1.078319631587416394e+00 1.288516608576989686e+00 8.076155157244809812e-01 1.268637453253004255e+00 1.234269471520747175e+00
