1.000000000000000000e+00 1.000000000000000000e+00 1.000000000000000000e+00 1.000000000000000000e+00 1.000000000000000000e+00 1.000000000000000000e+00 1.000000000000000000e+00 1.000000000000000000e+00 1.000000000000000000e+00 1.000000000000000000e+00 1.000000000000000000e+00 1.000000000000000000e+00 1.000000000000000000e+00 1.000000000000000000e+00 1.000000000000000000e+00
9.444378487424534008e-01 9.628835385680178938e-01 9.493834662032913929e-01 9.482383891952148591e-01 9.610471482204997473e-01 9.901576979492636710e-01 9.526081122236552678e-01 1.019562292582698371e+00 9.753678259980217424e-01 9.554820420713083795e-01 9.628835385680178938e-01 9.493834662032913929e-01 9.482383891952148591e-01 9.610471482204997473e-01 9.444378487424534008e-01
8.964334815156009828e-01 9.274657328106743481e-01 9.060426228380938918e-01 9.004611857728160862e-01 9.300511695158190095e-01 9.669786504874566813e-01 8.965117174344794382e-01 1.044422124503138649e+00 9.556468493203448267e-01 8.977424564972952270e-01 9.274657328106743481e-01 9.060426228380938918e-01 9.004611857728160862e-01 9.300511695158188985e-01 8.994110685152040263e-01
8.628856397482760343e-01 9.016243362918260340e-01 8.820436564514343436e-01 8.612738690749115467e-01 9.178021330188330662e-01 9.364914455637624036e-01 8.455291314777503286e-01 1.074972393427887640e+00 9.419966930558516527e-01 8.370356472860257524e-01 9.016243362918260340e-01 8.820436564514343436e-01 8.612738690749115467e-01 9.178021330188329552e-01 8.723875613532212636e-01
8.422272332306719456e-01 8.861135595890325956e-01 8.772801333987350070e-01 8.301764880445481332e-01 9.225499142917603645e-01 9.050986322452598820e-01 8.031825944387308569e-01 1.108568062838643176e+00 9.350128319714345881e-01 7.816067993575636086e-01 8.861135595890325956e-01 8.772801333987350070e-01 8.301764880445481332e-01 9.225499142917602535e-01 8.610937211715017359e-01
8.291161147277669174e-01 8.765405390570412125e-01 8.851040349559445852e-01 8.036761771893302653e-01 9.371134950006770881e-01 8.744706235643363579e-01 7.656117590090987246e-01 1.141409546373383321e+00 9.336956030402194795e-01 7.335586797829192207e-01 8.765405390570412125e-01 8.851040349559445852e-01 8.036761771893302653e-01 9.371134950006769770e-01 8.590976409586168483e-01
8.197108824119003767e-01 8.697575354557457450e-01 9.002695707143084647e-01 7.788861084591288675e-01 9.564010724604550262e-01 8.442295557097670988e-01 7.296486134358708409e-01 1.170926864787457777e+00 9.365393356837319327e-01 6.928971008944119214e-01 8.697575354557457450e-01 9.002695707143084647e-01 7.788861084591288675e-01 9.564010724604549152e-01 8.615535704782651960e-01
8.121610475262736051e-01 8.646559831562793397e-01 9.197656659938530099e-01 7.542028409998386973e-01 9.777076128131764188e-01 8.139793642639657767e-01 6.943595500250581143e-01 1.195773540186144901e+00 9.421035848870593643e-01 6.595483853796160201e-01 8.646559831562793397e-01 9.197656659938530099e-01 7.542028409998386973e-01 9.777076128131763078e-01 8.656463200145654291e-01
8.057694079237606166e-01 8.611565884960301620e-01 9.418826302429136321e-01 7.288665587931948409e-01 9.995788615475074135e-01 7.837183301439075711e-01 6.602608381175855135e-01 1.215255292694871869e+00 9.490857061536021044e-01 6.334872809725358156e-01 8.611565884960301620e-01 9.418826302429136321e-01 7.288665587931948409e-01 9.995788615475073025e-01 8.697448629224928673e-01
8.003580693947744962e-01 8.594844585874953369e-01 9.655946988842888379e-01 7.025631132367641252e-01 1.021145448277807732e+00 7.537779486450586486e-01 6.284806997924866634e-01 1.228969077740758920e+00 9.563238715359846376e-01 6.145469853151899198e-01 8.594844585874953369e-01 9.655946988842888379e-01 7.025631132367641252e-01 1.021145448277807510e+00 8.728542073201817075e-01
7.959246868415555953e-01 8.598519653063348978e-01 9.902720395037688528e-01 6.752044320119763299e-01 1.041859833506907806e+00 7.246454515631539639e-01 6.001616912817679950e-01 1.236668267151981304e+00 9.628403617588338070e-01 6.022830870813471460e-01 8.598519653063348978e-01 9.902720395037688528e-01 6.752044320119764409e-01 1.041859833506907362e+00 8.743831166385204190e-01
7.924766706186506804e-01 8.623764960209610031e-01 1.015544980340060022e+00 6.468194015297664690e-01 1.061416722601709273e+00 6.967754793001342817e-01 5.761095247427561183e-01 1.238249492703233923e+00 9.679050012815032522e-01 5.959373975500588116e-01 8.623764960209610031e-01 1.015544980340060022e+00 6.468194015297665800e-01 1.061416722601708829e+00 8.740541144947938657e-01
7.899600907582903231e-01 8.670891319920843721e-01 1.041214627217989408e+00 6.174982780344194788e-01 1.079721935419830636e+00 6.704581920355026092e-01 5.566637690511306857e-01 1.233768161845845368e+00 9.710683231932700776e-01 5.944909282985403332e-01 8.670891319920843721e-01 1.041214627217989408e+00 6.174982780344195898e-01 1.079721935419830192e+00 8.718434046979361973e-01
7.882374523910798958e-01 8.739526103781681821e-01 1.067168988264529661e+00 5.873689223275923021e-01 1.096853787805160518e+00 6.457732302201746322e-01 5.417294171857433005e-01 1.223438041461886616e+00 9.721404963060893412e-01 5.967697161004658080e-01 8.739526103781681821e-01 1.067168988264529661e+00 5.873689223275924132e-01 1.096853787805160074e+00 8.679130153314786877e-01
7.870911568167837657e-01 8.828610090198890648e-01 1.093304507600957987e+00 5.565983263371908629e-01 1.113010150310621560e+00 6.226135703575429448e-01 5.308872758602868336e-01 1.207615647799269443e+00 9.711304140759776660e-01 6.015607266965363742e-01 8.828610090198890648e-01 1.093304507600957987e+00 5.565983263371909739e-01 1.113010150310621116e+00 8.625403753233500392e-01
7.862413527148358616e-01 8.936260803420575938e-01 1.119469051717479235e+00 5.254095849018026732e-01 1.128451708109279084e+00 6.007418927331328318e-01 5.235164170333775902e-01 1.186786564672748456e+00 9.681747501901940556e-01 6.077101966473664740e-01 8.936260803420575938e-01 1.119469051717479235e+00 5.254095849018027842e-01 1.128451708109278639e+00 8.560584774485896498e-01
7.853728958053984854e-01 9.059659133770310291e-01 1.145440107205900171e+00 4.940977374438118019e-01 1.143450039495355952e+00 5.798492234177133886e-01 5.188969739769423439e-01 1.161561105793530002e+00 9.634788929900344190e-01 6.141970029023017252e-01 9.059659133770310291e-01 1.145440107205900171e+00 4.940977374438119130e-01 1.143450039495355508e+00 8.488106505576571426e-01
7.841682222412837966e-01 9.195089194786689735e-01 1.170940888935986690e+00 4.630275114121712443e-01 1.158243746708511601e+00 5.596033608690820227e-01 5.162902936882465266e-01 1.132670226144458780e+00 9.572775588347685050e-01 6.201838787109692497e-01 9.195089194786690845e-01 1.170940888935986690e+00 4.630275114121713553e-01 1.158243746708511157e+00 8.411159376903186713e-01
7.823419566160261240e-01 9.338177227692331384e-01 1.195684079315298076e+00 4.326040553491287688e-01 1.173004701947260697e+00 5.396870084526460554e-01 5.150040761914888021e-01 1.100945255345703311e+00 9.498134104832264279e-01 6.250484939677817264e-01 9.338177227692332494e-01 1.195684079315298076e+00 4.326040553491288243e-01 1.173004701947260253e+00 8.332409686966741891e-01
7.796710109557852819e-01 9.484282578388025797e-01 1.219423227207325766e+00 4.032215612984926811e-01 1.187818297930740785e+00 5.198282152281130664e-01 5.144461208842507904e-01 1.067271999721614462e+00 9.413279625899634295e-01 6.283925493661715045e-01 9.484282578388026907e-01 1.219423227207325766e+00 4.032215612984927366e-01 1.187818297930740341e+00 8.253792220820933556e-01
