5.503748033946082252e+00 2.120885753942703539e-02 5.251939432489104220e+00 3.224800275490323997e+00 4.638302231198151659e+00 1.985880189134141105e+00 6.653363811216950197e-01 4.849798107746174480e+00 9.461168618348230197e-01 3.879921623493475025e+00 1.046912145263030336e+00 6.144790142001418154e+00 1.787330198757339561e+00 1.469966289452035335e+00 4.083646152673483520e+00
5.517572107957605887e+00 -1.314895892454752413e-02 5.208106311419491874e+00 3.205192483804731651e+00 4.621572070406392285e+00 1.954798934321252402e+00 6.503323519218932036e-01 4.843751246860947823e+00 9.046446455705327017e-01 3.841189760006749943e+00 1.012554328799055714e+00 6.100957020931805808e+00 1.767722407071747437e+00 1.453236128660276183e+00 4.083135516354646555e+00
5.529616816781423694e+00 -4.372625919909961523e-02 5.169800946816149434e+00 3.186852282323650254e+00 4.606094122854290873e+00 1.927777611334704044e+00 6.362538619908428839e-01 4.839552275138760074e+00 8.685700362462039914e-01 3.808204561386079323e+00 9.819770285245036368e-01 6.062651656328462479e+00 1.749382205590665817e+00 1.437758181108174993e+00 4.083140689643357746e+00
5.539336405280446129e+00 -6.819647109896485870e-02 5.139567378436866285e+00 3.171898050660113988e+00 4.593411693262618556e+00 1.906674010462398927e+00 6.247832865153936099e-01 4.837110014997215046e+00 8.401729105254123198e-01 3.782716738912739185e+00 9.575068166246384349e-01 6.032418087949179331e+00 1.734427973927129329e+00 1.425075751516502898e+00 4.083624560004368576e+00
5.547133433610924591e+00 -8.688571156059143874e-02 5.116632978952145194e+00 3.160667032847201519e+00 4.583790448292656805e+00 1.890963546417741448e+00 6.162331929418071175e-01 4.835756564418424830e+00 8.186131006762732421e-01 3.763597624846589884e+00 9.388175761630118688e-01 6.009483688464458240e+00 1.723196956114216638e+00 1.415454506546540925e+00 4.084233145241517704e+00
5.553528286648415246e+00 -1.011021580762359873e-01 5.099195493079013985e+00 3.152475735629486131e+00 4.576723637763410402e+00 1.879316529632867327e+00 6.100859954818061981e-01 4.834933021872529935e+00 8.021600433063073021e-01 3.749093579629478867e+00 9.246011296473672925e-01 5.992046202591326143e+00 1.715005658896501251e+00 1.408387696017294299e+00 4.084714745256383672e+00
5.558876654050362909e+00 -1.120787215692440747e-01 5.085686155243832829e+00 3.146478576364235558e+00 4.571542808859988760e+00 1.870538071302431549e+00 6.056712106977290011e-01 4.834345091839954200e+00 7.893509392872138930e-01 3.737828026707814555e+00 9.136245661543593855e-01 5.978536864756144986e+00 1.709008499631250899e+00 1.403206867113872658e+00 4.085002893378316458e+00
5.563404325930230598e+00 -1.207282195417412329e-01 5.074987494678537381e+00 3.141999911921601996e+00 4.567688172520686152e+00 1.863766547885228331e+00 6.024451065779413694e-01 4.833867801287337507e+00 7.791576381041220856e-01 3.728870002419403917e+00 9.049750681818622411e-01 5.967838204190849538e+00 1.704529835188617337e+00 1.399352230774570494e+00 4.085125499505861235e+00
5.567267424062716685e+00 -1.276837600292089203e-01 5.066339235756776027e+00 3.138568844108627243e+00 4.564756016493883628e+00 1.858418972932003310e+00 6.000274580224083110e-01 4.833453559238590103e+00 7.708831417300938682e-01 3.721600605483043722e+00 8.980195276943945260e-01 5.959189945269087296e+00 1.701098767375642806e+00 1.396420074747768192e+00 4.085133020771746004e+00
5.570584045965721209e+00 -1.333807104984472414e-01 5.059222242037594519e+00 3.135871675289443772e+00 4.562471160276629689e+00 1.854104533298898572e+00 5.981660369658047260e-01 4.833084759230632521e+00 7.640503341051489983e-01 3.715599652973312406e+00 8.923225772251562882e-01 5.952072951549905788e+00 1.698401598556459113e+00 1.394135218530514253e+00 4.085069579868457090e+00
5.573447995750001382e+00 -1.381220529098647898e-01 5.053275080474439740e+00 3.133700864919863882e+00 4.560649046480155455e+00 1.850558086315152062e+00 5.966956045825589916e-01 4.832754092455822992e+00 7.583251647690369968e-01 3.710573619905631393e+00 8.875812348137259722e-01 5.946125789986730581e+00 1.696230788186876115e+00 1.392313104734038021e+00 4.084966649552000284e+00
5.575935179470953074e+00 -1.421227089792996279e-01 5.048240196055428619e+00 3.131917564928544007e+00 4.559165427258889736e+00 1.847596066614715093e+00 5.955071494853045877e-01 4.832457357528657127e+00 7.534679843065295035e-01 3.706311850952866305e+00 8.835805787442913006e-01 5.941090905567719460e+00 1.694447488195556462e+00 1.390829485512771635e+00 4.084844601270678055e+00
5.578107341096742111e+00 -1.455383693856342475e-01 5.043929813088131375e+00 3.130427014844705091e+00 4.557935448719518057e+00 1.845088438026063260e+00 5.945275134583072330e-01 4.832191160728322110e+00 7.493029048198820430e-01 3.702659551075745625e+00 8.801649183379566255e-01 5.936780522600422216e+00 1.692956938111717768e+00 1.389599506973400400e+00 4.084715854728315776e+00
5.580014770096405563e+00 -1.484841728826843954e-01 5.040204106122734729e+00 3.129162984998933084e+00 4.556900000618658630e+00 1.842940939457144545e+00 5.937064944429077951e-01 4.831952334449951536e+00 7.456981641405027172e-01 3.699500619638458776e+00 8.772191148409063111e-01 5.933054815635024681e+00 1.691692908265945761e+00 1.388564058872540530e+00 4.084587625377107400e+00
5.581698478507296279e+00 -1.510469395217128863e-01 5.036956945340728353e+00 3.128078020580203233e+00 4.556016979040290238e+00 1.841083732168964149e+00 5.930087908978026734e-01 4.831737877420454907e+00 7.425532363894369325e-01 3.696746401310868624e+00 8.746563482018777647e-01 5.929807654853018306e+00 1.690607943847216132e+00 1.387681037294172359e+00 4.084463887177082420e+00
5.583191994431246918e+00 -1.532933159014811253e-01 5.034106379571056777e+00 3.127137284307626608e+00 4.555255703142822910e+00 1.839464017429410569e+00 5.924089581938049021e-01 4.831545007287543214e+00 7.397901642450522841e-01 3.694328110272469878e+00 8.724099718221095534e-01 5.926957089083346730e+00 1.689667207574639507e+00 1.386919761396705253e+00 4.084346658556350818e+00
5.584522830826304407e+00 -1.552753003638990270e-01 5.031588142478861769e+00 3.126314614687550897e+00 4.554593318160881310e+00 1.838041140924206784e+00 5.918882156360599778e-01 4.831371206162790699e+00 7.373475983782806775e-01 3.692191606809370974e+00 8.704279873596916239e-01 5.924438851991151722e+00 1.688844537954563574e+00 1.386257376414763876e+00 4.084236807495497779e+00
5.585713673729781448e+00 -1.570340626399440997e-01 5.029351130097446720e+00 3.125589955418260235e+00 4.554012445475415838e+00 1.836783279071565023e+00 5.914323920192666728e-01 4.831214237062680716e+00 7.351766149241967252e-01 3.690293721958892714e+00 8.686692250836463014e-01 5.922201839609735785e+00 1.688119878685273134e+00 1.385676503729298625e+00 4.084134542310737359e+00
5.586783333379194083e+00 -1.586026336450417351e-01 5.027354191319635568e+00 3.124947643819212750e+00 4.553499620493096423e+00 1.835665150094754061e+00 5.910305780782758589e-01 4.831072136672082351e+00 7.332377267662054665e-01 3.688599624911061969e+00 8.671006540785486383e-01 5.920204900831924633e+00 1.687477567086225871e+00 1.385163678746978988e+00 4.084039705706066670e+00
5.587747500207298934e+00 -1.600078332101163570e-01 5.025563810437192913e+00 3.124375246342982138e+00 4.553044234088144293e+00 1.834666401793831447e+00 5.906742240215644424e-01 4.830943194201815949e+00 7.314987124723332235e-01 3.687080907046022649e+00 8.656954545134705192e-01 5.918414519949484642e+00 1.686905169610005473e+00 1.384708292342052616e+00 4.083951948649035657e+00
5.588619343606831436e+00 -1.612716746219600150e-01 5.023952407044973256e+00 3.123862749109716841e+00 4.552637800859251627e+00 1.833770454867163613e+00 5.903565221112243577e-01 4.830825924112355452e+00 7.299330153747359828e-01 3.685714167213411940e+00 8.644316131016267502e-01 5.916803116557266762e+00 1.686392672376740176e+00 1.384301859113160171e+00 4.083870831881482033e+00
5.589409985833494687e+00 -1.624124037903959816e-01 5.022497070546767972e+00 3.123401983471524535e+00 4.552273443199504221e+00 1.832963658719223954e+00 5.900719752652360262e-01 4.830719037623534717e+00 7.285185467169071893e-01 3.684479953144917719e+00 8.632908839331907558e-01 5.915347780059061478e+00 1.685931906738547870e+00 1.383937501453413210e+00 4.083795884241085083e+00
5.590128877643862459e+00 -1.634452790906577302e-01 5.021178605448061383e+00 3.122986210353996039e+00 4.551945520528548172e+00 1.832234665503077231e+00 5.898160894764971074e-01 4.830621415696248810e+00 7.272367794517878847e-01 3.683361959535103480e+00 8.622580086329295623e-01 5.914029314960355777e+00 1.685516133621019819e+00 1.383609578782456273e+00 4.083726635366329738e+00
5.590784096965403016e+00 -1.643831643259705821e-01 5.019980802144093701e+00 3.122609814019352115e+00 4.551649358011025548e+00 1.831573959177765776e+00 5.895851503012993211e-01 4.830532084719566299e+00 7.260720539863417811e-01 3.682346413551308650e+00 8.613201233976167659e-01 5.912831511656388095e+00 1.685139737286375894e+00 1.383313416264934093e+00 4.083662633292953537e+00
5.591382587372515367e+00 -1.652369850862417666e-01 5.018889873532655699e+00 3.122268072694145413e+00 4.551381044728177727e+00 1.830973496432419578e+00 5.893760575553060876e-01 4.830450195290270088e+00 7.250110404514293894e-01 3.681421598894293101e+00 8.604663026373455814e-01 5.911740583044950093e+00 1.684797995961169192e+00 1.383045102982086716e+00 4.083603453202267808e+00
5.591930349448440474e+00 -1.660160839200361116e-01 5.017894015102139171e+00 3.121956984174099503e+00 4.551137281204962193e+00 1.830426429535651822e+00 5.891862010732259458e-01 4.830375004023239605e+00 7.240423179402091236e-01 3.680577483455897081e+00 8.596872038035512364e-01 5.910744724614433565e+00 1.684486907441123504e+00 1.382801339458871404e+00 4.083548701044211526e+00
5.592432595178164156e+00 -1.667284996242994755e-01 5.016983058034150567e+00 3.121673131416568214e+00 4.550915262604556588e+00 1.829926890005271867e+00 5.890133659541582078e-01 4.830305858121547224e+00 7.231560421247568149e-01 3.679805425274937036e+00 8.589747880992878448e-01 5.909833767546444960e+00 1.684203054683592438e+00 1.382579320858465577e+00 4.083498014246152330e+00
5.592893873225407653e+00 -1.673811889722937596e-01 5.016148193136553246e+00 3.121413577671214856e+00 4.550712588105025880e+00 1.829469818001788983e+00 5.888556593300260378e-01 4.830242182359619108e+00 7.223436803427815134e-01 3.679097938272372303e+00 8.583220987512935052e-01 5.908998902648846752e+00 1.683943500938238413e+00 1.382376646358934646e+00 4.083451060818047651e+00
5.593318171174992415e+00 -1.679802043094573705e-01 5.015381749261186961e+00 3.121175783741333198e+00 4.550527189775347203e+00 1.829050826497920390e+00 5.887114530847069593e-01 4.830183468127116519e+00 7.215977986949020373e-01 3.678448504064228075e+00 8.577230834141283955e-01 5.908232458773484908e+00 1.683705707008359864e+00 1.382191248029256636e+00 4.083407537627724793e+00
5.593708999459729547e+00 -1.685308369767264947e-01 5.014677014030271884e+00 3.120957542041725041e+00 4.550357276167809495e+00 1.828666092182923197e+00 5.885793385594471072e-01 4.830129264208429696e+00 7.209118896024876433e-01 3.677851419612119255e+00 8.571724507468592158e-01 5.907527723542569831e+00 1.683487465308751707e+00 1.382021334421718706e+00 4.083367168299503192e+00
