1.000000000000000000e+00 1.000000000000000000e+00 1.000000000000000000e+00 1.000000000000000000e+00 1.000000000000000000e+00 1.000000000000000000e+00 1.000000000000000000e+00 1.000000000000000000e+00 1.000000000000000000e+00 1.000000000000000000e+00 1.000000000000000000e+00 1.000000000000000000e+00 1.000000000000000000e+00 1.000000000000000000e+00 1.000000000000000000e+00
1.052293789418867309e+00 9.875614123900081642e-01 1.049630387726119496e+00 1.048485310718042740e+00 9.857250220424900178e-01 1.052339441876991355e+00 1.028872748396974846e+00 9.559625475011279683e-01 1.051632462171341320e+00 1.017663785999036064e+00 9.875614123900081642e-01 1.049630387726119496e+00 1.048485310718042740e+00 9.857250220424900178e-01 1.052293789418867309e+00
1.101128712783604913e+00 9.822261338787139362e-01 1.091153152656575420e+00 1.089011369970271925e+00 9.775917862929864866e-01 1.102182204903644047e+00 1.062007475537894319e+00 9.117134144195093715e-01 1.091780073033701726e+00 1.039902605113815159e+00 9.822261338787139362e-01 1.091153152656575420e+00 1.089011369970271925e+00 9.775917862929864866e-01 1.098194408222022744e+00
1.141876459397105581e+00 9.824169910422302365e-01 1.121350942242836046e+00 1.115447798956528347e+00 9.783607753998071477e-01 1.146050112617623018e+00 1.094900475758747938e+00 8.710786374553121103e-01 1.117726368677072868e+00 1.062843383012978871e+00 9.824169910422302365e-01 1.121350942242836046e+00 1.115447798956528347e+00 9.783607753998072587e-01 1.134174453392071458e+00
1.173272912270303170e+00 9.859894294811436533e-01 1.140886609283449982e+00 1.126846843279624144e+00 9.860891716152242470e-01 1.182812582015300373e+00 1.124496757226540300e+00 8.356811408610320679e-01 1.130700712789661555e+00 1.083277794429161833e+00 9.859894294811436533e-01 1.140886609283449982e+00 1.126846843279624144e+00 9.860891716152244690e-01 1.159917218393499150e+00
1.196791078618422377e+00 9.913002746947361388e-01 1.152389956125291937e+00 1.125968660972201052e+00 9.975765612899781809e-01 1.213316819403197799e+00 1.150036888463303653e+00 8.050689615910392449e-01 1.133534237072031381e+00 1.100406360229820857e+00 9.913002746947361388e-01 1.152389956125291937e+00 1.125968660972201052e+00 9.975765612899784029e-01 1.177299761328974625e+00
1.214743617438374557e+00 9.974112880491025068e-01 1.158569177404728423e+00 1.116410199163439865e+00 1.010626812977218458e+00 1.239136300578317362e+00 1.172035115047094900e+00 7.779210251436988743e-01 1.129028453948907496e+00 1.114856422747000808e+00 9.974112880491023958e-01 1.158569177404728423e+00 1.116410199163439865e+00 1.010626812977218680e+00 1.188783986959571548e+00
1.229135733274413722e+00 1.003837535509327639e+00 1.161509379241231432e+00 1.101129232564607818e+00 1.024151740355873530e+00 1.261762079729508823e+00 1.191290513181333166e+00 7.529337212244027189e-01 1.119375817396816020e+00 1.127500126776622924e+00 1.003837535509327417e+00 1.161509379241231432e+00 1.101129232564607818e+00 1.024151740355873752e+00 1.196494294158640948e+00
1.241381769267086099e+00 1.010314009899520027e+00 1.162640013030280972e+00 1.082199010888313495e+00 1.037691099329808742e+00 1.282339131739433480e+00 1.208463609951150319e+00 7.291316908088792959e-01 1.106134012971186964e+00 1.138998013318142988e+00 1.010314009899519805e+00 1.162640013030280972e+00 1.082199010888313495e+00 1.037691099329808964e+00 1.201982909571836844e+00
1.252384375893992319e+00 1.016677414016889269e+00 1.162887643978286034e+00 1.060993105595292807e+00 1.051068477029631687e+00 1.301667485836753180e+00 1.223997662743800730e+00 7.058756328854867146e-01 1.090375084274986195e+00 1.149752394620631391e+00 1.016677414016889047e+00 1.162887643978286034e+00 1.060993105595292807e+00 1.051068477029631909e+00 1.206297619551134792e+00
1.262682660139247570e+00 1.022817529800039704e+00 1.162829701717712494e+00 1.038410952915289620e+00 1.064225053185283265e+00 1.320278221720865508e+00 1.238158459937158007e+00 6.827843872818918358e-01 1.072837567103554823e+00 1.159973347479856809e+00 1.022817529800039482e+00 1.162829701717712494e+00 1.038410952915289620e+00 1.064225053185283487e+00 1.210114466392238963e+00
1.272577016184907039e+00 1.028657394291487837e+00 1.162809936381521858e+00 1.015047262008800910e+00 1.077150107015943936e+00 1.338511284815025792e+00 1.251092944057249801e+00 6.596556280899694702e-01 1.054038579601574543e+00 1.169748928877196947e+00 1.028657394291487615e+00 1.162809936381521858e+00 1.015047262008800910e+00 1.077150107015944158e+00 1.213854022379169395e+00
1.282217183541783712e+00 1.034143661064432118e+00 1.163018437538075212e+00 9.913041352748542812e-01 1.089853483041059334e+00 1.356576634645803692e+00 1.262877255312129021e+00 6.364048157924211413e-01 1.034348574589427860e+00 1.179096352735876430e+00 1.034143661064431896e+00 1.163018437538075212e+00 9.913041352748542812e-01 1.089853483041059556e+00 1.217766545034210779e+00
1.291660418913005204e+00 1.039240502636511465e+00 1.163545749116622785e+00 9.674621867009037812e-01 1.102354547443212818e+00 1.374598046312149657e+00 1.273550092821482682e+00 6.130218982366155700e-01 1.014039790401430885e+00 1.187995092559161581e+00 1.039240502636511243e+00 1.163545749116622785e+00 9.674621867009037812e-01 1.102354547443213040e+00 1.221990336630473628e+00
1.300908839565825703e+00 1.043925048367455810e+00 1.164419100928295148e+00 9.437249088386977514e-01 1.114677302373459078e+00 1.392643131265612899e+00 1.283134051834163625e+00 5.895413059153015167e-01 9.933175851025006775e-01 1.196407126365258256e+00 1.043925048367455588e+00 1.164419100928295148e+00 9.437249088386977514e-01 1.114677302373459300e+00 1.226590574416161150e+00
1.309933057956318647e+00 1.048183820708152858e+00 1.165626480101338736e+00 9.202460918407461277e-01 1.126847780169826896e+00 1.410743376278978722e+00 1.291648407832198586e+00 5.660212319369793965e-01 9.723408295919010458e-01 1.204288861820821177e+00 1.048183820708152636e+00 1.165626480101338736e+00 9.202460918407461277e-01 1.126847780169827118e+00 1.231584760624037322e+00
1.318687013063592151e+00 1.052009990177393162e+00 1.167132512164650970e+00 8.971466438098670837e-01 1.138892357777452125e+00 1.428907280298754801e+00 1.299116145613099293e+00 5.425293542475054798e-01 9.512352900533017630e-01 1.211597895310835282e+00 1.052009990177392940e+00 1.167132512164650970e+00 8.971466438098670837e-01 1.138892357777452347e+00 1.236959275659763158e+00
1.327117205130107003e+00 1.055401316931833477e+00 1.168888895513611415e+00 8.745248595613414055e-01 1.150836549161557310e+00 1.447128861867364336e+00 1.305567224004724913e+00 5.191331317845776505e-01 9.301024887333531055e-01 1.218296628400125092e+00 1.055401316931833255e+00 1.168888895513611637e+00 8.745248595613414055e-01 1.150836549161557532e+00 1.242680122531138576e+00
1.335168377668302986e+00 1.058358646167904205e+00 1.170841267039269828e+00 8.524626970830520012e-01 1.162704140245683471e+00 1.465393130318679127e+00 1.311039442779993625e+00 4.958934586763177332e-01 9.090256334322739384e-01 1.224353995841381382e+00 1.058358646167903983e+00 1.170841267039270051e+00 8.524626970830521122e-01 1.162704140245683693e+00 1.248699924258200644e+00
1.342786934401507981e+00 1.060884837918946388e+00 1.172933756415175166e+00 8.310296622061946747e-01 1.174516618687929670e+00 1.483679596486031427e+00 1.315577849825972034e+00 4.728608537728261063e-01 8.880736402850439859e-01 1.229746072739252183e+00 1.060884837918946166e+00 1.172933756415175388e+00 8.310296622061947858e-01 1.174516618687929892e+00 1.254962519226627160e+00
