5.328957649122261664e+00 4.259492143985973200e+00 5.335046899890223848e+00 7.601298946392371914e-01 3.836406496324446191e+00 6.260898800890561666e-02 4.809494012387574458e+00 4.169942642532816990e+00 4.270952169767607387e+00 1.223995979241229021e-01 1.713377789600986967e+00 2.590627172970984216e+00 4.102995574113466049e-02 5.887540409922952023e+00 2.421812837434071053e+00
5.301709913013788800e+00 4.230774752786796711e+00 5.343233686626978063e+00 7.879154594311486015e-01 3.786938526490811530e+00 2.826339557245997891e-02 4.769890916718053653e+00 4.202354091688529358e+00 4.274613715555089399e+00 1.210687217866024123e-01 1.684660398401811365e+00 2.598813959707737986e+00 6.881552053304608452e-02 5.838072440089318249e+00 2.371724961509628304e+00
5.281545096555180230e+00 4.210173375861545608e+00 5.347723622575373703e+00 8.079469291289239630e-01 3.752853237816304421e+00 4.730899032161922646e-03 4.742482621219910932e+00 4.225577689544586235e+00 4.277467014911910503e+00 1.194982443340986411e-01 1.664059021476560041e+00 2.603303895656133626e+00 8.884699023082144598e-02 5.803987151414811585e+00 2.337091174187313936e+00
5.270194538882774005e+00 4.198783649663229589e+00 5.349789069123288776e+00 8.193651182130252675e-01 3.734175435914140806e+00 -8.251996331417363328e-03 4.727288773212732664e+00 4.238453029323679289e+00 4.278954759680900111e+00 1.185386817359465189e-01 1.652669295278244244e+00 2.605369342204048699e+00 1.002651793149227782e-01 5.785309349512647970e+00 2.318060823103746948e+00
5.264723029082302830e+00 4.193345877181851478e+00 5.350714649895702557e+00 8.252150157829051258e-01 3.725023477158332597e+00 -1.476886579109427597e-02 4.719649706839962988e+00 4.244648893165752668e+00 4.279496191691392504e+00 1.182087204751074982e-01 1.647231522796866576e+00 2.606294922976462924e+00 1.061150768848026921e-01 5.776157390756839760e+00 2.308706778299473683e+00
5.262317996815509602e+00 4.190970710198071991e+00 5.351147652368223540e+00 8.281864818214884627e-01 3.720692235098259193e+00 -1.802121503850614287e-02 4.715837123505064454e+00 4.247406763014233810e+00 4.279548344211091759e+00 1.182537975299362693e-01 1.644856355813088644e+00 2.606727925448980354e+00 1.090865429233854045e-01 5.771826148696765024e+00 2.304255737820849692e+00
5.261389001247343877e+00 4.190060598490269683e+00 5.351363119432141602e+00 8.297708353946969817e-01 3.718657517039501759e+00 -1.971704080633290140e-02 4.713851314305519402e+00 4.248518654220490021e+00 4.279371704544457700e+00 1.184845309256942203e-01 1.643946244105286558e+00 2.606943392512898416e+00 1.106708964965939790e-01 5.769791430638007590e+00 2.302141869197261936e+00
5.261151457933924469e+00 4.189834712886931989e+00 5.351479377117428271e+00 8.306983928289118913e-01 3.717699721276084279e+00 -2.067979679699777362e-02 4.712726339959782962e+00 4.248860631065819682e+00 4.279093406718828874e+00 1.187991120770398312e-01 1.643720358501949752e+00 2.607059650198185086e+00 1.115984539308087775e-01 5.768833634874590111e+00 2.301124566003341698e+00
5.261233017071842433e+00 4.189924052438307456e+00 5.351549364003099996e+00 8.313147130041100841e-01 3.717244967757496354e+00 -2.129657861802927710e-02 4.712007728320435795e+00 4.248846802221006413e+00 4.278772785016087710e+00 1.191480489159080225e-01 1.643809698053325663e+00 2.607129637083857254e+00 1.122147741060069287e-01 5.768378881356001742e+00 2.300619918647313522e+00
5.261459151947044610e+00 4.190156017666867960e+00 5.351597415462495455e+00 8.317816618680423657e-01 3.717025065599219413e+00 -2.174824020679879885e-02 4.711483042402394794e+00 4.248670921873658912e+00 4.278437081813342147e+00 1.195082298624716988e-01 1.644041663281886612e+00 2.607177688543252270e+00 1.126817229699393769e-01 5.768158979197725245e+00 2.300355030089681563e+00
