1.000000000000000000e+00 1.000000000000000000e+00 1.000000000000000000e+00 1.000000000000000000e+00 1.000000000000000000e+00 1.000000000000000000e+00 1.000000000000000000e+00 1.000000000000000000e+00 1.000000000000000000e+00 1.000000000000000000e+00 1.000000000000000000e+00 1.000000000000000000e+00 1.000000000000000000e+00 1.000000000000000000e+00 1.000000000000000000e+00
9.411694869037742217e-01 9.621357242097757778e-01 9.463456807025996120e-01 9.452006036945230782e-01 9.602993338622576314e-01 9.882734026787264314e-01 9.502970626426455736e-01 1.021489557585170349e+00 9.730567764170120482e-01 9.535977468007711400e-01 9.621357242097757778e-01 9.463456807025996120e-01 9.452006036945230782e-01 9.602993338622576314e-01 9.411694869037742217e-01
8.909950327856220875e-01 9.266860336853043334e-01 9.010170607904992579e-01 8.950045572502176583e-01 9.298331058558432227e-01 9.625437200747887223e-01 8.920738310771896273e-01 1.048916974828537629e+00 9.515610463525878693e-01 8.932637614662523040e-01 9.266860336853042224e-01 9.010170607904992579e-01 8.950045572502176583e-01 9.298331058558432227e-01 8.941350353175656629e-01
8.571939913789372589e-01 9.021039521445003428e-01 8.771552923544795322e-01 8.546205852366830502e-01 9.201042962245714607e-01 9.299825341011654922e-01 8.404980283940689523e-01 1.082285235911293331e+00 9.372503310375582819e-01 8.306422661854646616e-01 9.021039521445002318e-01 8.771552923544795322e-01 8.546205852366830502e-01 9.201042962245714607e-01 8.671669825103008877e-01
8.372188495276340348e-01 8.880938127344715216e-01 8.734638948680693016e-01 8.229574004526341025e-01 9.278942101084546312e-01 8.973356544149120317e-01 7.982904591080440815e-01 1.118152000479782915e+00 9.305745921606832782e-01 7.744015423703134449e-01 8.880938127344712996e-01 8.734638948680693016e-01 8.229574004526341025e-01 9.278942101084545202e-01 8.568446285484507818e-01
8.248046021057948707e-01 8.794119119340861879e-01 8.822525371028568930e-01 7.958621809949428805e-01 9.449753893313526110e-01 8.659385697301527074e-01 7.607103331697833148e-01 1.152280518491601846e+00 9.299838675556314493e-01 7.263717034501935288e-01 8.794119119340859658e-01 8.822525371028570040e-01 7.958621809949428805e-01 9.449753893313523889e-01 8.556869295945114251e-01
8.159259578849759054e-01 8.729080319077816563e-01 8.980747120132207550e-01 7.703142251952609376e-01 9.661219755548065002e-01 8.352532787006358150e-01 7.245240925822709066e-01 1.182127330247545238e+00 9.335656813770043527e-01 6.864490863660148712e-01 8.729080319077814343e-01 8.980747120132208661e-01 7.703142251952609376e-01 9.661219755548062782e-01 8.585765770142406161e-01
8.088343319115735008e-01 8.676990982152028575e-01 9.179740940495294543e-01 7.448244243764808870e-01 9.887417713500832317e-01 8.048736068589339432e-01 6.890139505815511267e-01 1.206531756968510116e+00 9.396350239111876945e-01 6.545068809110100583e-01 8.676990982152026355e-01 9.179740940495295654e-01 7.448244243764808870e-01 9.887417713500830097e-01 8.627327415484347117e-01
8.029530553239618840e-01 8.638782684743961937e-01 9.403198322571749701e-01 7.187819787256093385e-01 1.011499501868405204e+00 7.748171746186990339e-01 6.548862663847245802e-01 1.225000046123734476e+00 9.467474665267812117e-01 6.304107281449693456e-01 8.638782684743959717e-01 9.403198322571750811e-01 7.187819787256094495e-01 1.011499501868404982e+00 8.666173492035237347e-01
7.981702353524537941e-01 8.617584455541187349e-01 9.641554641698477646e-01 6.919801643071638031e-01 1.033624427033359217e+00 7.454054810800546660e-01 6.233358820246839294e-01 1.237310951683011195e+00 9.536774754521217812e-01 6.138251264604708268e-01 8.617584455541184019e-01 9.641554641698478756e-01 6.919801643071639141e-01 1.033624427033358995e+00 8.693295429274234820e-01
7.944941278815038643e-01 8.615914140104548036e-01 9.889159103793349059e-01 6.643812432457195660e-01 1.054662730718948671e+00 7.170620711125330615e-01 5.954466622814023058e-01 1.243383644958681256e+00 9.594518573819879048e-01 6.041105234223685949e-01 8.615914140104544705e-01 9.889159103793349059e-01 6.643812432457196770e-01 1.054662730718948449e+00 8.703679737839427055e-01
7.919054331328109209e-01 8.635187614919133114e-01 1.014292858386736329e+00 6.360147669910817259e-01 1.074403896992383478e+00 6.901302976207018824e-01 5.718880578522103075e-01 1.243264829875583510e+00 9.633954905277984926e-01 6.003271569698321874e-01 8.635187614919129784e-01 1.014292858386736329e+00 6.360147669910818369e-01 1.074403896992383256e+00 8.695357446159093229e-01
7.903044025588555899e-01 8.675932349331180182e-01 1.040139242256715724e+00 6.069387329582655033e-01 1.092841278193487087e+00 6.647698557196369817e-01 5.528465422117814221e-01 1.237134779932971718e+00 9.651368321502182823e-01 6.013177798358908532e-01 8.675932349331176852e-01 1.040139242256715724e+00 6.069387329582656143e-01 1.092841278193486865e+00 8.668696864233803590e-01
7.895017943771738267e-01 8.737953188958544892e-01 1.066379139213288196e+00 5.772348977966176298e-01 1.110121953315920784e+00 6.409425530145661520e-01 5.381025101499949947e-01 1.225297776508972758e+00 9.645618804173358152e-01 6.058235700808639601e-01 8.737953188958541562e-01 1.066379139213288196e+00 5.772348977966177408e-01 1.110121953315920562e+00 8.625647612914492113e-01
7.892301974186272107e-01 8.820281747196776490e-01 1.092928002058712655e+00 5.470255240250990747e-01 1.126487831720831112e+00 6.184563667743456783e-01 5.271608544484638337e-01 1.208166161064806010e+00 9.617409655489135289e-01 6.125928305063934598e-01 8.820281747196773159e-01 1.092928002058712655e+00 5.470255240250991857e-01 1.126487831720830890e+00 8.569036421307991702e-01
7.891658074604481765e-01 8.921014950373062913e-01 1.119638696954149637e+00 5.164980307643063373e-01 1.142219641469688574e+00 5.970278023173534176e-01 5.193745000388899635e-01 1.186254510016145458e+00 9.568579472585528878e-01 6.204642953467650601e-01 8.921014950373059582e-01 1.119638696954149637e+00 5.164980307643064483e-01 1.142219641469688352e+00 8.502027705075831943e-01
7.889571995880169109e-01 9.037206900158893941e-01 1.146283894033340633e+00 4.859211289497198938e-01 1.157589430552543597e+00 5.763374229652226122e-01 5.140393825086791990e-01 1.160185893467181817e+00 9.501577150813556027e-01 6.284261524300039925e-01 9.037206900158890610e-01 1.146283894033340633e+00 4.859211289497199493e-01 1.157589430552543375e+00 8.427750017123676329e-01
7.882593962138594312e-01 9.164935271318273013e-01 1.172575100784984281e+00 4.556382842062475791e-01 1.172822133146884660e+00 5.560714114506088990e-01 5.104644252043969432e-01 1.130696543488270089e+00 9.419138971871522381e-01 6.356576749560653994e-01 9.164935271318269683e-01 1.172575100784984281e+00 4.556382842062476346e-01 1.172822133146884438e+00 8.349024377263368768e-01
7.867697703239016072e-01 9.299581431568408885e-01 1.198207626490567446e+00 4.260332171018456071e-01 1.188067324428182081e+00 5.359516746654374719e-01 5.080262169443340303e-01 1.098620651838946749e+00 9.324115357051655506e-01 6.415559363323194431e-01 9.299581431568405554e-01 1.198207626490567446e+00 4.260332171018456626e-01 1.188067324428181859e+00 8.268147642263825592e-01
7.842594478330049412e-01 9.436272915503941539e-01 1.222912586439751870e+00 3.974753777179783065e-01 1.203385103654392774e+00 5.157577632071195239e-01 5.062121400650706482e-01 1.064845886423265275e+00 9.219376875334477361e-01 6.457443634864029613e-01 9.436272915503938208e-01 1.222912586439751870e+00 3.974753777179783620e-01 1.203385103654392552e+00 8.186740720902029311e-01
