1.000000000000000000e+00 1.000000000000000000e+00 1.000000000000000000e+00 1.000000000000000000e+00 1.000000000000000000e+00 1.000000000000000000e+00 1.000000000000000000e+00 1.000000000000000000e+00 1.000000000000000000e+00 1.000000000000000000e+00 1.000000000000000000e+00 1.000000000000000000e+00 1.000000000000000000e+00 1.000000000000000000e+00 1.000000000000000000e+00
9.869265526452831727e-01 9.726051252251656232e-01 9.888746777122842113e-01 9.877296007042076775e-01 9.707687348776473657e-01 1.014653536466247230e+00 9.826517567767811823e-01 9.945078475505646498e-01 1.005411470551147657e+00 9.799778805882919386e-01 9.726051252251656232e-01 9.888746777122842113e-01 9.877296007042076775e-01 9.707687348776473657e-01 9.869265526452831727e-01
9.743511867422199879e-01 9.439123831804621112e-01 9.771761719415340552e-01 9.755570190675207920e-01 9.408692421016054963e-01 1.024285315801472196e+00 9.596538262722514867e-01 9.878380264307973224e-01 1.011075985055347903e+00 9.565934252332264354e-01 9.439123831804621112e-01 9.771761719415339442e-01 9.755570190675207920e-01 9.408692421016054963e-01 9.750790252598539043e-01
9.625535798802973275e-01 9.151899104118523809e-01 9.661683115076613593e-01 9.642661877659911562e-01 9.118404511676293511e-01 1.027630836111744106e+00 9.327201023211407760e-01 9.811064086061195288e-01 1.015653381204256744e+00 9.309751135784076759e-01 9.151899104118523809e-01 9.661683115076612482e-01 9.642661877659911562e-01 9.118404511676293511e-01 9.648716244830477518e-01
9.517722003751627469e-01 8.880306524757051179e-01 9.572940336564843555e-01 9.545225163023700610e-01 8.851900908719269045e-01 1.024588920234047240e+00 9.039801063678561954e-01 9.755191509208525069e-01 1.017996923000363818e+00 9.046047000874720689e-01 8.880306524757051179e-01 9.572940336564842445e-01 9.545225163023700610e-01 8.851900908719269045e-01 9.565820551376253977e-01
9.421375667284693778e-01 8.638014747032427554e-01 9.517051219904546500e-01 9.466713737704521847e-01 8.619404850333736157e-01 1.016232359783937556e+00 8.753124508145004867e-01 9.719694936527684126e-01 1.017527279580633381e+00 8.788304773055847230e-01 8.638014747032428664e-01 9.517051219904545389e-01 9.466713737704521847e-01 8.619404850333736157e-01 9.502809935343965453e-01
9.336433524716820642e-01 8.432394628778632217e-01 9.499585345314612850e-01 9.406921785437782901e-01 8.424270156788283836e-01 1.004182359423456905e+00 8.478913539480910089e-01 9.708260522274856363e-01 1.014306019264799463e+00 8.544971727330559208e-01 8.432394628778633328e-01 9.499585345314611740e-01 9.406921785437782901e-01 8.424270156788283836e-01 9.458426174589826818e-01
9.261702414512509307e-01 8.264377732014915878e-01 9.520510320265691551e-01 9.363068906028907401e-01 8.264276983286078515e-01 9.899115123868391652e-01 8.221692976323987656e-01 9.720041844755220595e-01 1.008827859137095828e+00 8.318961986765450733e-01 8.264377732014916988e-01 9.520510320265690440e-01 9.363068906028907401e-01 8.264276983286079625e-01 9.430192016617825468e-01
9.195369730158283739e-01 8.130879409967688431e-01 9.576501754416506529e-01 9.331281771328597818e-01 8.134338265360718800e-01 9.744213106104946398e-01 7.981250305229279363e-01 9.751694640552673876e-01 1.001753319299424350e+00 8.109367132889183649e-01 8.130879409967689542e-01 9.576501754416505419e-01 9.331281771328597818e-01 8.134338265360719911e-01 9.415239066490124209e-01
9.135459576821636229e-01 8.027374099255909501e-01 9.663151467586637011e-01 9.307613687534032065e-01 8.028707692033429932e-01 9.582585605929727635e-01 7.755259964463204758e-01 9.799095041155228003e-01 9.937325273505867029e-01 7.913458899136867064e-01 8.027374099255910611e-01 9.663151467586635901e-01 9.307613687534032065e-01 8.028707692033431043e-01 9.410850394610950076e-01
9.080102091209221182e-01 7.949515604528818447e-01 9.776252820243422903e-01 9.288488974350478378e-01 7.942141963757506362e-01 9.416556039182080173e-01 7.540983416294356756e-01 9.858238289908607399e-01 9.853319032275914546e-01 7.728040664725913667e-01 7.949515604528819557e-01 9.776252820243421793e-01 9.288488974350478378e-01 7.942141963757507472e-01 9.414688655436006526e-01
9.027642404168020329e-01 7.893852976832193002e-01 9.912303336209858928e-01 9.270793366858028905e-01 7.870289469809208516e-01 9.246623211287943178e-01 7.336109370648986605e-01 9.925520338195151782e-01 9.770205051169859045e-01 7.550118115557510334e-01 7.893852976832194113e-01 9.912303336209857818e-01 9.270793366858028905e-01 7.870289469809209626e-01 9.424827402781679186e-01
8.976657284695881422e-01 7.858010565124852187e-01 1.006857688388697047e+00 9.251819990582728082e-01 7.809685144473275109e-01 9.072359705974327726e-01 7.139088782926412691e-01 9.997704831911555790e-01 9.691789828260769513e-01 7.377144008037380685e-01 7.858010565124853297e-01 1.006857688388697047e+00 9.251819990582728082e-01 7.809685144473276219e-01 9.439695159071986863e-01
8.925931537200572086e-01 7.840616943243652326e-01 1.024301152494049072e+00 9.229188472515750252e-01 7.757593770357116281e-01 8.892960413230991401e-01 6.949236067874253742e-01 1.007176824535582327e+00 9.621117407801634824e-01 7.207055023142162620e-01 7.840616943243653436e-01 1.024301152494049072e+00 9.229188472515750252e-01 7.757593770357117391e-01 9.457995240016411342e-01
8.874422993462768305e-01 7.841130793244905917e-01 1.043403180062272284e+00 9.200789966262098440e-01 7.711816495298868812e-01 8.707582789932160061e-01 6.766739995675261632e-01 1.014471482246193990e+00 9.560544871943885692e-01 7.038225858337543439e-01 7.841130793244907027e-01 1.043403180062272284e+00 9.200789966262098440e-01 7.711816495298869922e-01 9.478629908492817169e-01
8.821229619398561761e-01 7.859621715711698764e-01 1.064034787547551542e+00 9.164779559372762119e-01 7.670504985049829694e-01 8.515585279433797172e-01 6.592641320892913548e-01 1.021340128522368662e+00 9.511748185076864814e-01 6.869399791592687432e-01 7.859621715711699874e-01 1.064034787547551542e+00 9.164779559372762119e-01 7.670504985049830804e-01 9.500640100460662207e-01
8.765564516221870939e-01 7.896519291017231046e-01 1.086074000545431906e+00 9.119623741617383095e-01 7.631998225916925005e-01 8.316722608497665314e-01 6.428784680145595010e-01 1.027439592873008678e+00 9.475659301828402992e-01 6.699619553372295755e-01 7.896519291017232156e-01 1.086074000545431906e+00 9.119623741617383095e-01 7.631998225916926115e-01 9.523165193983164079e-01
8.706741265310533606e-01 7.952328612032196764e-01 1.109382878662851235e+00 9.064201494546879623e-01 7.594689817333872828e-01 8.111315585826119889e-01 6.277723069190177529e-01 1.032390209892368738e+00 9.452350829767498519e-01 6.528166023453699784e-01 7.952328612032197874e-01 1.109382878662851235e+00 9.064201494546880733e-01 7.594689817333873938e-01 9.545425262302972280e-01
8.644170675550940652e-01 8.027315384005135890e-01 1.133784055155235615e+00 8.997945917811475125e-01 7.556937534550514091e-01 7.900377645613975153e-01 6.142536154101674306e-01 1.035779056300817347e+00 9.440900879026219439e-01 6.354506509576941520e-01 8.027315384005137000e-01 1.133784055155235615e+00 8.997945917811476235e-01 7.556937534550515201e-01 9.566727255264965146e-01
8.577368997628163072e-01 8.121184057824164526e-01 1.159039844021399590e+00 8.920996957581257547e-01 7.517034790281443835e-01 7.685651574376798356e-01 6.026521358866938627e-01 1.037179594356716361e+00 9.439289451490644467e-01 6.178254746705088563e-01 8.121184057824165636e-01 1.159039844021399590e+00 8.920996957581258657e-01 7.517034790281444945e-01 9.586494132656728784e-01
