1.000000000000000000e+00 1.000000000000000000e+00 1.000000000000000000e+00 1.000000000000000000e+00 1.000000000000000000e+00 1.000000000000000000e+00 1.000000000000000000e+00 1.000000000000000000e+00 1.000000000000000000e+00 1.000000000000000000e+00 1.000000000000000000e+00 1.000000000000000000e+00 1.000000000000000000e+00 1.000000000000000000e+00 1.000000000000000000e+00
8.496553554207564307e-01 9.411969221789961981e-01 8.612876866832304135e-01 8.601426096751538797e-01 9.393605318314779407e-01 9.355131351036848342e-01 8.855876743743744672e-01 1.075452977654381526e+00 9.083473881487408308e-01 9.008374792257295427e-01 9.411969221789961981e-01 8.612876866832304135e-01 8.601426096751538797e-01 9.393605318314780517e-01 8.496553554207563197e-01
7.937633183086936217e-01 9.429833288005821101e-01 8.047305196500421642e-01 7.824376256153044995e-01 9.651881310131565916e-01 8.492732694596035747e-01 8.089381999528623135e-01 1.179160097966330367e+00 8.651905412686727859e-01 7.836163703159393368e-01 9.429833288005821101e-01 8.047305196500421642e-01 7.824376256153044995e-01 9.651881310131567027e-01 8.004402850366898470e-01
7.940937422773739485e-01 9.565532441826646304e-01 8.120698400370562897e-01 7.493250833406283062e-01 1.020121319356245726e+00 7.981068704419959081e-01 7.776765977981846545e-01 1.252187033881448253e+00 8.666184372944488734e-01 7.168479816163724205e-01 9.565532441826647414e-01 8.120698400370564007e-01 7.493250833406283062e-01 1.020121319356245726e+00 8.089730363277601866e-01
7.835337401399399271e-01 9.410238118931706364e-01 8.215836304392041267e-01 7.119330831581888175e-01 1.050465320563989557e+00 7.699372204497468841e-01 7.420079060575551777e-01 1.280395121559749327e+00 8.692784841848422150e-01 6.848588913858351113e-01 9.410238118931707474e-01 8.215836304392042377e-01 7.119330831581888175e-01 1.050465320563989557e+00 8.039531400176053166e-01
7.840098727233206777e-01 9.269931930767683070e-01 8.433757249336963913e-01 6.855942939316536089e-01 1.081522548913499193e+00 7.506630090826554857e-01 7.138068034674459605e-01 1.294910664610208206e+00 8.762072711430217709e-01 6.721983175687908929e-01 9.269931930767684181e-01 8.433757249336965023e-01 6.855942939316536089e-01 1.081522548913499193e+00 8.073506660464653262e-01
7.846775717456486721e-01 9.092276234155820536e-01 8.668520401604591363e-01 6.611641148570072124e-01 1.106951371740020118e+00 7.369856661567696365e-01 6.860838618124852628e-01 1.297181467817716038e+00 8.797168786922977546e-01 6.709974734535608665e-01 9.092276234155822756e-01 8.668520401604592474e-01 6.611641148570072124e-01 1.106951371740020118e+00 8.083652444912829971e-01
7.885930336103124105e-01 8.928860067699642133e-01 8.927983508746865082e-01 6.406948234283899035e-01 1.131525608160589336e+00 7.256633841077760882e-01 6.610432686059809493e-01 1.293931365804864120e+00 8.804463206896250282e-01 6.765568498948771881e-01 8.928860067699644354e-01 8.927983508746866192e-01 6.406948234283899035e-01 1.131525608160589336e+00 8.106988394050358426e-01
7.933713601965228790e-01 8.768759819582677695e-01 9.189233574263262483e-01 6.219925812567622669e-01 1.154473291507279509e+00 7.158963872892674107e-01 6.373892982188144041e-01 1.286061383369744737e+00 8.770849308015939982e-01 6.863518999510216378e-01 8.768759819582679915e-01 9.189233574263263593e-01 6.219925812567622669e-01 1.154473291507279509e+00 8.123743101990157367e-01
7.992028630518352994e-01 8.619751113444394930e-01 9.450424905467192938e-01 6.051826210335392586e-01 1.176919119343277087e+00 7.068761506916425574e-01 6.153264675543964612e-01 1.275351047143834071e+00 8.698981403958503389e-01 6.987099117480867205e-01 8.619751113444396040e-01 9.450424905467194048e-01 6.051826210335392586e-01 1.176919119343277087e+00 8.140689755856718168e-01
8.053898658071355632e-01 8.477917058795664262e-01 9.704992389425126653e-01 5.897279186868609191e-01 1.198970456726673017e+00 6.983607419026269802e-01 5.943776742352067100e-01 1.262478465875378042e+00 8.588842440410566770e-01 7.125475906638255585e-01 8.477917058795665373e-01 9.704992389425126653e-01 5.897279186868608081e-01 1.198970456726673017e+00 8.154712074895259510e-01
8.117426184524866306e-01 8.342197599768457206e-01 9.950200990802181567e-01 5.756231301174596915e-01 1.221012665201744340e+00 6.901766058578028273e-01 5.742932032816892018e-01 1.248209489617699397e+00 8.443806595588265740e-01 7.270971367421741327e-01 8.342197599768458316e-01 9.950200990802180456e-01 5.756231301174594694e-01 1.221012665201744340e+00 8.167482994021524334e-01
8.179758943950404815e-01 8.209162480625278313e-01 1.018236292530457554e+00 5.628269660623640425e-01 1.243214860721047810e+00 6.823316094296609791e-01 5.547194289135811696e-01 1.233085216723928346e+00 8.267340940652804226e-01 7.418310928979738872e-01 8.209162480625278313e-01 1.018236292530457332e+00 5.628269660623638204e-01 1.243214860721047810e+00 8.179019517725711896e-01
8.239482931739363636e-01 8.075668404031854930e-01 1.039811229469548293e+00 5.514523818757829376e-01 1.265757493739689599e+00 6.749200298665127828e-01 5.353757241139832646e-01 1.217621193432167681e+00 8.063920501566669286e-01 7.563893152616193438e-01 8.075668404031854930e-01 1.039811229469548071e+00 5.514523818757827156e-01 1.265757493739689599e+00 8.190227942950595308e-01
8.295614747589159510e-01 7.938116032828996804e-01 1.059346899241004003e+00 5.416479882477871488e-01 1.288762056977778458e+00 6.681393722662080092e-01 5.160170612387670053e-01 1.202254171518945425e+00 7.838417533658008640e-01 7.705433787664844880e-01 7.938116032828996804e-01 1.059346899241003781e+00 5.416479882477868157e-01 1.288762056977778458e+00 8.201874827241120158e-01
8.347989146433560936e-01 7.793045464887351503e-01 1.076399977075553238e+00 5.336146845860674226e-01 1.312343689320114581e+00 6.622684958603424210e-01 4.964702737904277963e-01 1.187359128964279975e+00 7.596220636676389582e-01 7.841568071536354489e-01 7.793045464887351503e-01 1.076399977075552794e+00 5.336146845860669785e-01 1.312343689320114581e+00 8.215098997469156838e-01
8.397029126269199839e-01 7.637151328845207532e-01 1.090466206644215230e+00 5.275717940932307393e-01 1.336615239727209303e+00 6.576620469638093658e-01 4.766292582109354914e-01 1.173223224990351365e+00 7.343168837949745065e-01 7.971466712590120629e-01 7.637151328845207532e-01 1.090466206644214786e+00 5.275717940932301842e-01 1.336615239727209303e+00 8.231295764512031043e-01
8.443684583706529967e-01 7.467518823013005180e-01 1.100991613150187121e+00 5.237450533839660416e-01 1.361709578547227517e+00 6.547338638158043400e-01 4.564576752661527737e-01 1.160030221492750035e+00 7.085698285267424401e-01 8.094365257539057890e-01 7.467518823013006291e-01 1.100991613150186677e+00 5.237450533839654865e-01 1.361709578547227517e+00 8.252177058236320750e-01
8.489204658830173944e-01 7.281790581441325294e-01 1.107392693411828111e+00 5.223393510342019264e-01 1.387787877129198932e+00 6.539347898753976596e-01 4.359830611092067598e-01 1.147844520255719258e+00 6.831080448792545834e-01 8.209034875894655192e-01 7.281790581441327515e-01 1.107392693411827667e+00 5.223393510342013712e-01 1.387787877129198932e+00 8.279588357150274858e-01
8.534890486510842145e-01 7.078454025800658966e-01 1.109105932879004719e+00 5.235010009185456781e-01 1.415039077502709963e+00 6.557142120704224642e-01 4.152911256746590896e-01 1.136609286188574375e+00 6.587800817438146384e-01 8.313224246531280004e-01 7.078454025800661187e-01 1.109105932879004275e+00 5.235010009185451230e-01 1.415039077502709963e+00 8.315156386895844465e-01
