1.000000000000000000e+00 1.000000000000000000e+00 1.000000000000000000e+00 1.000000000000000000e+00 1.000000000000000000e+00 1.000000000000000000e+00 1.000000000000000000e+00 1.000000000000000000e+00 1.000000000000000000e+00 1.000000000000000000e+00 1.000000000000000000e+00 1.000000000000000000e+00 1.000000000000000000e+00 1.000000000000000000e+00 1.000000000000000000e+00
1.156881368256601927e+00 1.011491471853756430e+00 1.146839523748255596e+00 1.145694446740179062e+00 1.009655081506238172e+00 1.112636890534181688e+00 1.102826334989284618e+00 8.942900674220293222e-01 1.125586048763651092e+00 1.077961234656226397e+00 1.011491471853756208e+00 1.146839523748255596e+00 1.145694446740179062e+00 1.009655081506238172e+00 1.156881368256602149e+00
1.231069525994405334e+00 1.028557430537085482e+00 1.207103606417969655e+00 1.191867357821011941e+00 1.033868920466438190e+00 1.166874142325172059e+00 1.170709526322192939e+00 8.417459074796412866e-01 1.157971908634031433e+00 1.118395684070240703e+00 1.028557430537085260e+00 1.207103606417969655e+00 1.191867357821011941e+00 1.033868920466438190e+00 1.223225173999561211e+00
1.232088800954269425e+00 1.028480462070704426e+00 1.204210120874088963e+00 1.163568801901301075e+00 1.047242772678906864e+00 1.181341468829295138e+00 1.192832577746941736e+00 8.295783852717892870e-01 1.130677407022984360e+00 1.125458199262024728e+00 1.028480462070704204e+00 1.204210120874088963e+00 1.163568801901301075e+00 1.047242772678906864e+00 1.216743495890356686e+00
1.239883949738993296e+00 1.030687607608518741e+00 1.207392660567969900e+00 1.140632992712076632e+00 1.061492679755113189e+00 1.198188270207633188e+00 1.219116556115581229e+00 8.127934639534684091e-01 1.106109575903540643e+00 1.135956851004553680e+00 1.030687607608518519e+00 1.207392660567969900e+00 1.140632992712076632e+00 1.061492679755113189e+00 1.216423432006520589e+00
1.247011791467570907e+00 1.032952492612697393e+00 1.210933799590559801e+00 1.116273580178083646e+00 1.075569801152936877e+00 1.214671678435376156e+00 1.244396869454550414e+00 7.951852711513157645e-01 1.079854702350075080e+00 1.145921544594346253e+00 1.032952492612697171e+00 1.210933799590559801e+00 1.116273580178083646e+00 1.075569801152936877e+00 1.215746510732563346e+00
1.254095077670800418e+00 1.035349301487920259e+00 1.215531598920606582e+00 1.091394466990756040e+00 1.089786450865561029e+00 1.231499698356577133e+00 1.268896031296360416e+00 7.763396980067301945e-01 1.052792158709521475e+00 1.155351678734461762e+00 1.035349301487920037e+00 1.215531598920606582e+00 1.091394466990756040e+00 1.089786450865561029e+00 1.215630037522110518e+00
1.260891030377938149e+00 1.037811712401021103e+00 1.220983405109061559e+00 1.066078417651130428e+00 1.104174122819137294e+00 1.248720052301852235e+00 1.292353143193659903e+00 7.564041433042737461e-01 1.025008865195096597e+00 1.164028500888790063e+00 1.037811712401020880e+00 1.220983405109061559e+00 1.066078417651130428e+00 1.104174122819137294e+00 1.215956821086591866e+00
1.267282251268328608e+00 1.040320441070744284e+00 1.227178559215875042e+00 1.040548725762495685e+00 1.118772474752234070e+00 1.266406105644880986e+00 1.314609160533464660e+00 7.355047093696071014e-01 9.966569056769475354e-01 1.171820638466226638e+00 1.040320441070744062e+00 1.227178559215875042e+00 1.040548725762495685e+00 1.118772474752234070e+00 1.216696534707321309e+00
1.273139928429073420e+00 1.042865670142241408e+00 1.233993477352079537e+00 1.015029836624865123e+00 1.133609338179789150e+00 1.284597803496764001e+00 1.335521522818527540e+00 7.138053334530265470e-01 9.678663469931662044e-01 1.178617220849876635e+00 1.042865670142241408e+00 1.233993477352079760e+00 1.015029836624865123e+00 1.133609338179789150e+00 1.217779169390938776e+00
1.278338937415165466e+00 1.045446823427711891e+00 1.241309623982312038e+00 9.897518347007621120e-01 1.148704866961886006e+00 1.303312759108871788e+00 1.354976913859500254e+00 6.914852882600998063e-01 9.387584904149003373e-01 1.184331755338471348e+00 1.045446823427711891e+00 1.241309623982312260e+00 9.897518347007621120e-01 1.148704866961886006e+00 1.219112312255879349e+00
1.282759913144635888e+00 1.048072240442178060e+00 1.249012936203953039e+00 9.649411918437541535e-01 1.164069727509426944e+00 1.322544183305911947e+00 1.372895886784786912e+00 6.687244568114294463e-01 9.094439034443485559e-01 1.188904744446645179e+00 1.048072240442178060e+00 1.249012936203953261e+00 9.649411918437541535e-01 1.164069727509426944e+00 1.220580271042794651e+00
1.286293433590159241e+00 1.050759662454478160e+00 1.256995044479489065e+00 9.408147732458924661e-01 1.179704409593170356e+00 1.342261734843233967e+00 1.389235894806168048e+00 6.456892407769913023e-01 8.800228004984175234e-01 1.192306027622202169e+00 1.050759662454478160e+00 1.256995044479489287e+00 9.408147732458924661e-01 1.179704409593170356e+00 1.222046894493348912e+00
1.288843109439569146e+00 1.053536642499254494e+00 1.265154806527619469e+00 9.175750213612029471e-01 1.195599455485819806e+00 1.362414084578611906e+00 1.403990742006609116e+00 6.225224118288935626e-01 8.505861958055330740e-01 1.194535325166532713e+00 1.053536642499254494e+00 1.265154806527619691e+00 9.175750213612030581e-01 1.195599455485819806e+00 1.223359594832535313e+00
1.290327478499936564e+00 1.056440760496512254e+00 1.273400529659668434e+00 8.954065980410103043e-01 1.211736505477351900e+00 1.382932700447295105e+00 1.417187126775151684e+00 5.993377957668732936e-01 8.212177048587309125e-01 1.195621272899167531e+00 1.056440760496512254e+00 1.273400529659668656e+00 8.954065980410104153e-01 1.211736505477351900e+00 1.224354413529680663e+00
1.290680721348439031e+00 1.059519658188311064e+00 1.281652641966315453e+00 8.744743262949081775e-01 1.228089808957961271e+00 1.403735911182198315e+00 1.428879408003648210e+00 5.762197062706923001e-01 7.919954924121221929e-01 1.195619497217332849e+00 1.059519658188311286e+00 1.281652641966315676e+00 8.744743262949083995e-01 1.228089808957961049e+00 1.224861577387891920e+00
1.289852429294392921e+00 1.062830941588724931e+00 1.289846466823010074e+00 8.549221816042207323e-01 1.244627884596508416e+00 1.424732465061490094e+00 1.439143830052865169e+00 5.532261963061697596e-01 7.629939864808702454e-01 1.194610232151060547e+00 1.062830941588725153e+00 1.289846466823010296e+00 8.549221816042209543e-01 1.244627884596508416e+00 1.224711127736913374e+00
1.287806694485820191e+00 1.066441955772638561e+00 1.297934735592245481e+00 8.368730496817946563e-01 1.261315118031974380e+00 1.445824072160634133e+00 1.448073203860090086e+00 5.303947884383340972e-01 7.342851670220978955e-01 1.192695764925735480e+00 1.066441955772638783e+00 1.297934735592245925e+00 8.368730496817947673e-01 1.261315118031974380e+00 1.223738356756965295e+00
1.284520747925871564e+00 1.070429352384150379e+00 1.305889526938281087e+00 8.204290073838641506e-01 1.278113205355431159e+00 1.466906695240706826e+00 1.455772658569278732e+00 5.077493303312587969e-01 7.059394440169323159e-01 1.189997755353642717e+00 1.070429352384150601e+00 1.305889526938281531e+00 8.204290073838642616e-01 1.278113205355431159e+00 1.221788924141852695e+00
1.279983297800245223e+00 1.074878267038337221e+00 1.313703394811595926e+00 8.056719473181935820e-01 1.294982444982407666e+00 1.487870557767679625e+00 1.462356698586704917e+00 4.853068685844422192e-01 6.780263012196814376e-01 1.186654287945097197e+00 1.074878267038337443e+00 1.313703394811596370e+00 8.056719473181936930e-01 1.294982444982407666e+00 1.218723607027905498e+00
