2.651770250050827560e+00 4.746598329125782278e+00 4.793572394329443043e+00 2.010549017139192429e+00 2.666786036586880737e+00 6.096910672841537426e+00 4.985807280278707232e+00 2.287713514710031593e+00 3.743059947304592683e+00 2.058022313917502011e+00 5.736861425339898624e-01 4.948145752785851670e+00 3.527718591245670776e+00 5.293366509442532397e+00 6.255955119795952868e+00
2.631539497643899495e+00 4.719105292928992057e+00 4.783316781101248694e+00 2.025672515458994294e+00 2.635544889779121824e+00 6.118825179857276808e+00 5.028403913757935939e+00 2.239235773184564238e+00 3.707708270983873788e+00 2.080457433153227065e+00 5.461931063371998629e-01 4.937890139557658209e+00 3.542842089565473085e+00 5.262125362634773040e+00 6.241279344813475127e+00
2.616374825291893025e+00 4.698654329453747280e+00 4.776859491303481420e+00 2.036004907143507570e+00 2.612728760840016484e+00 6.137598017244093818e+00 5.064323505181909546e+00 2.199214436780176918e+00 3.677524607247207200e+00 2.098398361401367929e+00 5.257421428619553083e-01 4.931432849759890935e+00 3.553174481249986361e+00 5.239309233695667700e+00 6.226722762249058185e+00
2.604544380140039195e+00 4.683141231036326069e+00 4.772805102660464094e+00 2.043596261811742032e+00 2.596059092219130449e+00 6.152808698941518273e+00 5.092918930261744137e+00 2.167554224785787742e+00 3.652864882426245519e+00 2.111551640383290351e+00 5.102290444445342077e-01 4.927378461116873609e+00 3.560765835918220823e+00 5.222639565074781665e+00 6.213786775509906768e+00
2.594823274189819173e+00 4.670865924904104460e+00 4.770090815809162166e+00 2.049766411828911394e+00 2.583420004195934538e+00 6.164884591198875441e+00 5.115212890973045212e+00 2.142800386981090099e+00 3.633027000781939631e+00 2.120763541865360313e+00 4.979537383123123218e-01 4.924664174265571681e+00 3.566935985935390629e+00 5.210000477051585754e+00 6.202996400712036618e+00
2.586550420890875834e+00 4.660791284129028433e+00 4.768112787669252839e+00 2.055127704117699405e+00 2.573423507796757548e+00 6.174474821326106699e+00 5.132607595583444926e+00 2.123339789636353725e+00 3.617051467097327944e+00 2.127098871990436457e+00 4.878790975372360172e-01 4.922686146125662354e+00 3.572297278224178640e+00 5.200003980652408764e+00 6.194248840430956804e+00
2.579371254835522098e+00 4.652306669871163258e+00 4.766561400401468696e+00 2.059929594295276889e+00 2.565235527942399063e+00 6.182177744781396811e+00 5.146349348445291128e+00 2.107820541387636748e+00 3.604057064969770519e+00 2.131448960151479000e+00 4.793944832793708422e-01 4.921134758857879099e+00 3.577099168401756568e+00 5.191816000798050723e+00 6.187203357789845981e+00
2.573071308080884023e+00 4.645032294559365837e+00 4.765280773586092700e+00 2.064276692306535210e+00 2.558351050532639004e+00 6.188466856981682085e+00 5.157400358156437825e+00 2.095219780403046350e+00 3.593335558571970623e+00 2.134458572108103525e+00 4.721201079675739209e-01 4.919854132042503103e+00 3.581446266413015334e+00 5.184931523388290664e+00 6.181493308787773699e+00
2.567501001744577849e+00 4.638713121383781335e+00 4.764189591678271718e+00 2.068224534631744049e+00 2.552449777444776746e+00 6.193694258501429850e+00 5.166461880503200987e+00 2.084795368756170664e+00 3.584349539594672063e+00 2.136565562030466214e+00 4.658009347919891963e-01 4.918762950134682121e+00 3.585394108738224173e+00 5.179030250300428406e+00 6.176805604996700616e+00
2.562545167609432628e+00 4.633166174753267086e+00 4.763242005583916416e+00 2.071814259618010468e+00 2.547316657829603148e+00 6.198115481470409804e+00 5.174034027055047780e+00 2.076016351010515848e+00 3.576700947298271593e+00 2.138059728113063773e+00 4.602539881614750583e-01 4.917815364040326820e+00 3.588983833724490591e+00 5.173897130685254808e+00 6.172896485033844804e+00
2.558110618790087720e+00 4.628253886590478317e+00 4.762409338368363443e+00 2.075082868322987384e+00 2.542799518501215328e+00 6.201914998462937589e+00 5.180472290917062850e+00 2.068502601208611402e+00 3.570096892500977059e+00 2.139131742070503606e+00 4.553416999986859004e-01 4.916982696824773846e+00 3.592252442429467507e+00 5.169379991356866988e+00 6.169583770476407381e+00
2.554120441727187441e+00 4.623869634561065922e+00 4.761671699802193736e+00 2.078065174349183142e+00 2.538786034828056870e+00 6.205226682991665577e+00 5.186031119343465612e+00 2.061979545953890547e+00 3.564321154735460961e+00 2.139907738489893685e+00 4.509574479692736171e-01 4.916245058258604139e+00 3.595234748455663265e+00 5.165366507683708086e+00 6.166733446584347078e+00
2.550510738896818452e+00 4.619929143992842491e+00 4.761014132335656512e+00 2.080793525536905886e+00 2.535190624410939009e+00 6.208148785810976733e+00 5.190894960824880222e+00 2.056246165960345706e+00 3.559212643054437741e+00 2.140472184541978518e+00 4.470169574010508518e-01 4.915587490792067804e+00 3.597963099643385565e+00 5.161771097266590225e+00 6.164247109610252906e+00
2.547228325079076594e+00 4.616364905597343693e+00 4.760424784855778135e+00 2.083297289342205261e+00 2.531946539015914155e+00 6.210754468797673233e+00 5.195199651788261264e+00 2.051152946242656316e+00 3.554649830687156342e+00 2.140882569210722952e+00 4.434527190055517765e-01 4.914998143312189427e+00 3.600466863448684940e+00 5.158527011871565371e+00 6.162052032880590779e+00
2.544228883723868684e+00 4.613122291603959368e+00 4.759893985658314008e+00 2.085602598752353209e+00 2.529000799332994376e+00 6.213099094072416229e+00 5.199046963340866689e+00 2.046586805484261529e+00 3.550539730212482592e+00 2.141178744313125382e+00 4.402101050121676185e-01 4.914467344114725300e+00 3.602772172858832889e+00 5.155581272188645592e+00 6.160093846563752251e+00
2.541475426546198069e+00 4.610156723218749697e+00 4.759413717325973181e+00 2.087732377816629459e+00 2.526310773836716983e+00 6.215225249292421594e+00 5.202514484878751233e+00 2.042460780655024788e+00 3.546810136789864565e+00 2.141388869419985852e+00 4.372445366269577804e-01 4.913987075782383585e+00 3.604901951923109138e+00 5.152891246692368199e+00 6.158331321765252220e+00
2.538937000556741541e+00 4.607431543110475758e+00 4.758977278242681130e+00 2.089706552776109394e+00 2.523841767419426674e+00 6.217166225619006781e+00 5.205662378811808821e+00 2.038706914978083429e+00 3.543404163221907321e+00 2.141533223968975719e+00 4.345193565186836193e-01 4.913550636699092422e+00 3.606876126882589517e+00 5.150422240275077890e+00 6.156732707572384555e+00
2.536587611427445044e+00 4.604916388607736444e+00 4.758579038561753016e+00 2.091542356511252532e+00 2.521565266191664989e+00 6.218948445627893840e+00 5.208538044281838530e+00 2.035271300795971960e+00 3.540276364643610840e+00 2.141626680881242528e+00 4.320042020159443608e-01 4.913152397018164308e+00 3.608711930617733099e+00 5.148145739047316205e+00 6.155273167279101010e+00
2.534405335762770495e+00 4.602585933699786302e+00 4.758214250888347152e+00 2.093254661946501560e+00 2.519457629392745979e+00 6.220593178023152703e+00 5.211179379052889082e+00 2.032110578881725527e+00 3.537389963496190948e+00 2.141680335304840366e+00 4.296737471079939974e-01 4.912787609344758444e+00 3.610424236052982128e+00 5.146038102248397195e+00 6.153932977235598401e+00
2.532371594990296959e+00 4.600418908616523694e+00 4.757878897724858724e+00 2.094856306481720498e+00 2.517499097397582819e+00 6.222117765047191718e+00 5.213617094265583951e+00 2.029189430669936733e+00 3.534714838863919795e+00 2.141702594675243265e+00 4.275067220247315003e-01 4.912452256181270016e+00 3.612025880588200621e+00 5.144079570253234479e+00 6.152696250828125990e+00
2.530470564638010789e+00 4.598397330985822151e+00 4.757569566585804210e+00 2.096358388308443566e+00 2.515673029373790115e+00 6.223536513793159308e+00 5.215876382303384240e+00 2.026478755026689171e+00 3.532226050779703197e+00 2.141699920848921135e+00 4.254851443940299016e-01 4.912142925042215502e+00 3.613527962414923689e+00 5.142253502229441331e+00 6.151550024145799433e+00
2.528688695123168628e+00 4.596505899527030259e+00 4.757283347283111752e+00 2.097770527153599573e+00 2.513965311133040448e+00 6.224861352998694919e+00 5.217978137156544349e+00 2.023954323031400993e+00 3.529902742692815565e+00 2.141677344168492425e+00 4.235937129352378983e-01 4.911856705739523044e+00 3.614940101260079253e+00 5.140545783988692108e+00 6.150483592128995092e+00
2.527014323281207453e+00 4.594731513299080916e+00 4.757017747428628596e+00 2.099101088578104068e+00 2.512363890983907222e+00 6.226102324059436199e+00 5.219939860871516402e+00 2.021595771148948284e+00 3.527727314349666354e+00 2.141638825634902155e+00 4.218193267072886110e-01 4.911591105885039887e+00 3.616270662684584192e+00 5.138944363839558882e+00 6.149488019756466528e+00
2.525437357147179984e+00 4.593062888386329590e+00 4.756770622989852981e+00 2.100357374286887957e+00 2.510858412954226626e+00 6.227267953236276021e+00 5.221776346587501116e+00 2.019385837330918143e+00 3.525684790445478001e+00 2.141587516251643120e+00 4.201507017945371181e-01 4.911343981446264273e+00 3.617526948393368080e+00 5.137438885809878286e+00 6.148555776948289697e+00
2.523949019600758348e+00 4.591490250538919682e+00 4.756540121255069309e+00 2.101545782313181121e+00 2.509439924773548380e+00 6.228365537528924634e+00 5.223500200245949188e+00 2.017309773959931274e+00 3.523762332817341747e+00 2.141525945610434079e+00 4.185780639471270437e-01 4.911113479711480601e+00 3.618715356419660800e+00 5.136020397629200041e+00 6.147680462035084226e+00
2.522541639217743992e+00 4.590005087293420161e+00 4.756324633982160321e+00 2.102671941286891055e+00 2.508100643720818645e+00 6.229401366947497465e+00 5.225122244139011940e+00 2.015354891283853256e+00 3.521948859218071881e+00 2.141456161003503667e+00 4.170929007016277446e-01 4.910897992438571613e+00 3.619841515393370734e+00 5.134681116576470750e+00 6.146856589491828338e+00
2.521208478978792300e+00 4.588599946898650472e+00 4.756122758869703482e+00 2.103740822807836697e+00 2.506833767590183726e+00 6.230380899304786446e+00 5.226651832724350299e+00 2.013510198391937678e+00 3.520234742201821199e+00 2.141379831411831081e+00 4.156877603068581117e-01 4.910696117326114774e+00 3.620910396914315932e+00 5.133414240445835830e+00 6.146079424943622804e+00
2.519943595382124535e+00 4.587268274260682510e+00 4.755933267809356657e+00 2.104756835519701053e+00 2.505633321079463460e+00 6.231308899116482891e+00 5.228097102451190636e+00 2.011766118002439541e+00 3.518611568934253864e+00 2.141298326193528112e+00 4.143560876688902606e-01 4.910506626265767949e+00 3.621926409626180732e+00 5.132213793935116009e+00 6.145344855412987251e+00
2.518741722036697439e+00 4.586004276322565687e+00 4.755755080655773348e+00 2.105723903983057532e+00 2.504494030174155839e+00 6.232189549046172949e+00 5.229465171347926322e+00 2.010114257749305633e+00 3.517071947850106906e+00 2.141212775300247007e+00 4.130920897307738815e-01 4.910328439112184640e+00 3.622893478089537211e+00 5.131074503029808831e+00 6.144649286180204228e+00
2.517598173032009612e+00 4.584802810975678433e+00 4.755587243485305926e+00 2.106645534958286436e+00 2.503411218799707516e+00 6.233026540115909953e+00 5.230762299928101378e+00 2.008547225181402940e+00 3.515609351708429475e+00 2.141124115835848052e+00 4.118906243838862391e-01 4.910160601941718106e+00 3.623815109064767004e+00 5.129991691655360952e+00 6.143989557986722083e+00
