1.000000000000000000e+00 1.000000000000000000e+00 1.000000000000000000e+00 1.000000000000000000e+00 1.000000000000000000e+00 1.000000000000000000e+00 1.000000000000000000e+00 1.000000000000000000e+00 1.000000000000000000e+00 1.000000000000000000e+00 1.000000000000000000e+00 1.000000000000000000e+00 1.000000000000000000e+00 1.000000000000000000e+00 1.000000000000000000e+00
8.758022501301900853e-01 9.471794370449332368e-01 8.855899706887645495e-01 8.844448936806880157e-01 9.453430466974149793e-01 9.505874972679824175e-01 9.040760710224519103e-01 1.060034857634607031e+00 9.268357847968183849e-01 9.159118413900271261e-01 9.471794370449332368e-01 8.855899706887644385e-01 8.844448936806879047e-01 9.453430466974150903e-01 8.758022501301900853e-01
8.089882178578455818e-01 9.302281045221767464e-01 8.221859887798893540e-01 8.049813590414177655e-01 9.468298815464004647e-01 8.784336835022689138e-01 8.233604922057664588e-01 1.141324494653754407e+00 8.828647477875204430e-01 8.107625644630893635e-01 9.302281045221767464e-01 8.221859887798892430e-01 8.049813590414176545e-01 9.468298815464005758e-01 8.148873790486480528e-01
7.998389876664557807e-01 9.393837477853436146e-01 8.212164311366918490e-01 7.673353799749643711e-01 9.919483448361977596e-01 8.254786348623753822e-01 7.849328321565565147e-01 1.214087776547805531e+00 8.774164105662932700e-01 7.372489025352920722e-01 9.393837477853436146e-01 8.212164311366917380e-01 7.673353799749641491e-01 9.919483448361978706e-01 8.149030591859065531e-01
7.919057133533120574e-01 9.326734599762763755e-01 8.310488139061482649e-01 7.321847775910936829e-01 1.027656958477961124e+00 7.901000083001653573e-01 7.489040652716926205e-01 1.255715278906896382e+00 8.806190494272674307e-01 6.927154113902507238e-01 9.326734599762764866e-01 8.310488139061481538e-01 7.321847775910934608e-01 1.027656958477961346e+00 8.150580091565112761e-01
7.878638141525255989e-01 9.205489982090118151e-01 8.487568463481163228e-01 7.014902834216154570e-01 1.058773745790800191e+00 7.644133126481347240e-01 7.155138657025769122e-01 1.278536009517332817e+00 8.867754174173376747e-01 6.688325214662440565e-01 9.205489982090120371e-01 8.487568463481162118e-01 7.014902834216152350e-01 1.058773745790800414e+00 8.166970624903460152e-01
7.869042379618552685e-01 9.065793130841042213e-01 8.708675025874507147e-01 6.745131870138634245e-01 1.086420765922688547e+00 7.444317347265972939e-01 6.845220326688954415e-01 1.289000965676165844e+00 8.921281220396749534e-01 6.590193186275223880e-01 9.065793130841043324e-01 8.708675025874506037e-01 6.745131870138630914e-01 1.086420765922688769e+00 8.185888248424160185e-01
7.884548644305275911e-01 8.926150914770345501e-01 8.954452545613121872e-01 6.506038131606283192e-01 1.111564049625261896e+00 7.279594453669016030e-01 6.561717818256731505e-01 1.291007962835487799e+00 8.948461965705607479e-01 6.588171441326761135e-01 8.926150914770346612e-01 8.954452545613120762e-01 6.506038131606278752e-01 1.111564049625262118e+00 8.202796438953978697e-01
7.918725663774361934e-01 8.794400733257965452e-01 9.212884162661829635e-01 6.290423110027808518e-01 1.134866495986507129e+00 7.137236207493234952e-01 6.304765034605981366e-01 1.286881422788237028e+00 8.940425321289298122e-01 6.651578470493174633e-01 8.794400733257966563e-01 9.212884162661828524e-01 6.290423110027804077e-01 1.134866495986507351e+00 8.215071224373926562e-01
7.965891999734406870e-01 8.673648453824818194e-01 9.476807134920411935e-01 6.092342427154577855e-01 1.156885426205954692e+00 7.009050918166206401e-01 6.072186964679644472e-01 1.278163665032392871e+00 8.894009127621060884e-01 6.758468169780621482e-01 8.673648453824819304e-01 9.476807134920410824e-01 6.092342427154573414e-01 1.156885426205954914e+00 8.222022476090721232e-01
8.021048334684210968e-01 8.564373925048809344e-01 9.741723569448975661e-01 5.907458771074406423e-01 1.178084992278884080e+00 6.889463996324008965e-01 5.860027118030440851e-01 1.265960244021767211e+00 8.809297298811139543e-01 6.892747884732178809e-01 8.564373925048809344e-01 9.741723569448974551e-01 5.907458771074401982e-01 1.178084992278884302e+00 8.223875929136013063e-01
8.079908336931997948e-01 8.465531580926675126e-01 1.000450908025006136e+00 5.733140744123920163e-01 1.198842286783173838e+00 6.774667495928681227e-01 5.663466629480917724e-01 1.251126819915556965e+00 8.688257132935042204e-01 7.042535454167292430e-01 8.465531580926675126e-01 1.000450908025005914e+00 5.733140744123915722e-01 1.198842286783174060e+00 8.221221671819647359e-01
8.138871263273709245e-01 8.375081535847803682e-01 1.026258993288331256e+00 5.568271615273562292e-01 1.219448060475002205e+00 6.662246848289463674e-01 5.477567998906246460e-01 1.234371811441481670e+00 8.533961578143370863e-01 7.199144130375556561e-01 8.375081535847802572e-01 1.026258993288331034e+00 5.568271615273557851e-01 1.219448060475002427e+00 8.214667563201112355e-01
8.195022276914684101e-01 8.290308084886381934e-01 1.051345802177824140e+00 5.412945873561203491e-01 1.240112906170760754e+00 6.550987182820686705e-01 5.297783802649932428e-01 1.216316975988196214e+00 8.350167887332151651e-01 7.356408958380505902e-01 8.290308084886380824e-01 1.051345802177823918e+00 5.412945873561199051e-01 1.240112906170760976e+00 8.204701516646168979e-01
8.246162548478519483e-01 8.208060134730595925e-01 1.075440781237381405e+00 5.268138113788533028e-01 1.260978312413163271e+00 6.440747648452656016e-01 5.120256417375409486e-01 1.197529547868854571e+00 8.141075772424767321e-01 7.510219244732910804e-01 8.208060134730594815e-01 1.075440781237381183e+00 5.268138113788527477e-01 1.260978312413163493e+00 8.191696288896843647e-01
8.290859321173914553e-01 8.124973397367597494e-01 1.098241912283359767e+00 5.135403873980338707e-01 1.282131570208604909e+00 6.332356608923965791e-01 4.941961635140674769e-01 1.178532095651519951e+00 7.911157478202475168e-01 7.658172099639406483e-01 8.124973397367596384e-01 1.098241912283359545e+00 5.135403873980333156e-01 1.282131570208605131e+00 8.176007924617334499e-01
8.328487617676093580e-01 8.037682546893103464e-01 1.119412619789046159e+00 5.016645766708556220e-01 1.303623395093594040e+00 6.227508136182682286e-01 4.760734896559916107e-01 1.159795071933189092e+00 7.665008590483380901e-01 7.799278168608150263e-01 8.037682546893102353e-01 1.119412619789045937e+00 5.016645766708549559e-01 1.303623395093594262e+00 8.158123617155130791e-01
8.359230525566537784e-01 7.943003800374233148e-01 1.138582540044401625e+00 4.913958550172801143e-01 1.325487088266798619e+00 6.128654250181282404e-01 4.575207511501466762e-01 1.141718300991397150e+00 7.407215828606511510e-01 7.933663931827961147e-01 7.943003800374232037e-01 1.138582540044401403e+00 4.913958550172794482e-01 1.325487088266798841e+00 8.138818611187463858e-01
8.384013896925222031e-01 7.838060983045830321e-01 1.155348711538860762e+00 4.829547038940786852e-01 1.347757751294177631e+00 6.038896585176249943e-01 4.384679987137530266e-01 1.124608370808031887e+00 7.142270257970801950e-01 8.062234617795440705e-01 7.838060983045828101e-01 1.155348711538860540e+00 4.829547038940780190e-01 1.347757751294177853e+00 8.119285730241259103e-01
8.404369983666846178e-01 7.720340480098388802e-01 1.169275767671037913e+00 4.765691914871771906e-01 1.370489925406505272e+00 5.961883996306631683e-01 4.188966821999638990e-01 1.108657770701963807e+00 6.874567705193123102e-01 8.186284260983919259e-01 7.720340480098386582e-01 1.169275767671037691e+00 4.765691914871765245e-01 1.370489925406505494e+00 8.101208466413472031e-01
