1.000000000000000000e+00 1.000000000000000000e+00 1.000000000000000000e+00 1.000000000000000000e+00 1.000000000000000000e+00 1.000000000000000000e+00 1.000000000000000000e+00 1.000000000000000000e+00 1.000000000000000000e+00 1.000000000000000000e+00 1.000000000000000000e+00 1.000000000000000000e+00 1.000000000000000000e+00 1.000000000000000000e+00 1.000000000000000000e+00
1.019610171032075296e+00 9.800832688075868937e-01 1.019252532719201909e+00 1.018107455711125153e+00 9.782468784600686362e-01 1.033496489171619181e+00 1.005762252586877903e+00 9.752351975258463090e-01 1.028521966361244377e+00 9.988208332936640010e-01 9.800832688075868937e-01 1.019252532719201909e+00 1.018107455711125153e+00 9.782468784600686362e-01 1.019610171032075296e+00
1.038736715749448036e+00 9.621721622320407175e-01 1.035242202281777990e+00 1.034370265309361825e+00 9.572427319142788882e-01 1.065687756414428478e+00 1.011591041961971360e+00 9.476316468770833445e-01 1.053422546634396717e+00 1.000295653569163390e+00 9.621721622320407175e-01 1.035242202281777990e+00 1.034370265309361603e+00 9.572427319142788882e-01 1.037632317359806766e+00
1.057138405846614448e+00 9.467626471653389775e-01 1.047068723642289312e+00 1.048647441413826265e+00 9.383620912307514272e-01 1.095276210394919847e+00 1.017017247731686114e+00 9.180380096497575693e-01 1.074483735499879522e+00 1.004628285927309239e+00 9.467626471653389775e-01 1.047068723642289312e+00 1.048647441413826042e+00 9.383620912307514272e-01 1.053878184313130184e+00
1.074635972055649979e+00 9.340419326451784299e-01 1.054353318739690737e+00 1.060942262357471355e+00 9.224808609953034644e-01 1.121402410737905475e+00 1.021557552791454881e+00 8.872428079101981613e-01 1.091998661318668962e+00 1.011592736593853292e+00 9.340419326451784299e-01 1.054353318739690737e+00 1.060942262357471133e+00 9.224808609953034644e-01 1.068348985296235121e+00
1.091122303718924824e+00 9.238994531862932957e-01 1.057185584164319403e+00 1.071342356792591044e+00 9.099241448797658061e-01 1.143711369952094881e+00 1.024816988071129753e+00 8.558551682592706600e-01 1.106548882258725719e+00 1.020675149817078520e+00 9.238994531862932957e-01 1.057185584164319403e+00 1.071342356792590822e+00 9.099241448797658061e-01 1.081183817169028671e+00
1.106559691771156428e+00 9.160297458932020742e-01 1.055948223982473344e+00 1.079973584074056525e+00 9.005830470978989366e-01 1.162237512808226292e+00 1.026524430924732556e+00 8.242818825202264943e-01 1.118777571772202162e+00 1.031270301223500274e+00 9.160297458932020742e-01 1.055948223982473344e+00 1.079973584074056303e+00 9.005830470978988256e-01 1.092591574662023390e+00
1.120968020650824792e+00 9.100448110037293592e-01 1.051142231536481786e+00 1.086980954280288181e+00 8.940863311406340719e-01 1.177234427803425021e+00 1.026517326839224920e+00 7.927644614814092217e-01 1.129249344296508140e+00 1.042828892511503014e+00 9.100448110037293592e-01 1.051142231536481786e+00 1.086980954280287959e+00 8.940863311406339609e-01 1.102796711432815657e+00
1.134409247873349624e+00 9.055515634944242276e-01 1.043273364876895704e+00 1.092525890941501210e+00 8.899451524811445857e-01 1.189037862655781375e+00 1.024709105162553424e+00 7.614319233383184393e-01 1.138401186326890357e+00 1.054926268051034066e+00 9.055515634944242276e-01 1.043273364876895704e+00 1.092525890941500988e+00 8.899451524811444747e-01 1.112008291341739952e+00
1.146972178827081912e+00 9.021914966641334521e-01 1.032800624862867167e+00 1.096787356980392536e+00 8.876466375669185283e-01 1.197985228739421260e+00 1.021060202606093981e+00 7.303448918970703030e-01 1.146549412325090556e+00 1.067272791184340264e+00 9.021914966641334521e-01 1.032800624862867167e+00 1.096787356980392314e+00 8.876466375669184172e-01 1.120407393651210892e+00
1.158759563084425626e+00 8.996558944476101827e-01 1.020124666357024701e+00 1.099960879275769798e+00 8.867043793100184423e-01 1.204379985288608124e+00 1.015558887236469143e+00 6.995252309239320399e-01 1.153918683026621261e+00 1.079695218609560747e+00 8.996558944476101827e-01 1.020124666357024701e+00 1.099960879275769576e+00 8.867043793100183313e-01 1.128144612716449613e+00
1.169878122660810593e+00 8.976892173660231400e-01 1.005595444551408590e+00 1.102254418841430272e+00 8.866814532395321802e-01 1.208482701350002131e+00 1.008210927473108809e+00 6.689740136284330063e-01 1.160672882528098304e+00 1.092109299142799639e+00 8.976892173660231400e-01 1.005595444551408590e+00 1.102254418841430050e+00 8.866814532395320692e-01 1.135341572917616393e+00
1.180431417992492849e+00 8.960881574029637697e-01 9.895262767178291119e-01 1.103882000823825704e+00 8.871985768500872949e-01 1.210515195569039415e+00 9.990354724343987192e-01 6.386822430510110671e-01 1.166939151910352690e+00 1.104493564184297894e+00 8.960881574029636587e-01 9.895262767178291119e-01 1.103882000823825482e+00 8.871985768500871838e-01 1.142093308403792529e+00
1.190515200330333201e+00 8.946997438804522584e-01 9.722080323433252014e-01 1.105056374203198022e+00 8.879353099535018945e-01 1.210669868180145992e+00 9.880648791335490122e-01 6.086377048625691843e-01 1.172822890899086090e+00 1.116867851048769733e+00 8.946997438804521474e-01 9.722080323433252014e-01 1.105056374203197800e+00 8.879353099535017835e-01 1.148470360304107318e+00
1.200214838995256716e+00 8.934195835411087305e-01 9.539209482602146739e-01 1.105981756258015203e+00 8.886285537195139916e-01 1.209120209490185394e+00 9.753468837509742251e-01 5.788299202169443491e-01 1.178414535592804180e+00 1.129276994122154987e+00 8.934195835411086195e-01 9.539209482602146739e-01 1.105981756258014981e+00 8.886285537195138806e-01 1.154520476554338648e+00
1.209604410412808306e+00 8.921902564397633517e-01 9.349432857144351905e-01 1.106847380961083704e+00 8.890702957718764621e-01 1.206030501201285743e+00 9.609479301439149967e-01 5.492540964990436647e-01 1.183790104182994574e+00 1.141778894139810818e+00 8.921902564397632407e-01 9.349432857144351905e-01 1.106847380961083482e+00 8.890702957718763511e-01 1.160270215706534547e+00
1.218747039809571220e+00 8.909994629787318932e-01 9.155565997508651188e-01 1.107822257319275971e+00 8.891051950259387660e-01 1.201563591293638433e+00 9.449566017979582622e-01 5.199143104362466961e-01 1.189007899911568522e+00 1.154435835756570716e+00 8.909994629787317821e-01 9.155565997508651188e-01 1.107822257319275749e+00 8.891051950259386549e-01 1.165726852870148988e+00
1.227696086352554561e+00 8.898773758589079153e-01 8.960474444842344566e-01 1.109051289028091025e+00 8.886278620421662611e-01 1.195885929360819722e+00 9.274860736782839510e-01 4.908257925705899472e-01 1.194103816270664309e+00 1.167307967575127892e+00 8.898773758589078042e-01 8.960474444842344566e-01 1.109051289028090803e+00 8.886278620421661500e-01 1.170880929674994908e+00
1.236496766692918747e+00 8.888926526967364516e-01 8.767053315417711046e-01 1.110652720266864346e+00 8.875793664943535388e-01 1.189169231159876716e+00 9.086744744049821687e-01 4.620160183713976076e-01 1.199087510935294754e+00 1.180448078885808272e+00 8.888926526967363406e-01 8.767053315417711046e-01 1.110652720266864124e+00 8.875793664943534278e-01 1.175709653270714750e+00
1.245187833865180727e+00 8.881466934559619775e-01 8.578169574627795280e-01 1.112716762260427039e+00 8.859424896457370746e-01 1.181588469173785239e+00 8.886821987395764344e-01 4.335243036852727272e-01 1.203941265214884204e+00 1.193897122511230036e+00 8.881466934559618664e-01 8.578169574627795280e-01 1.112716762260426817e+00 8.859424896457369636e-01 1.180181159138506297e+00
