2.695645803855199585e+00 8.688422088230290941e-01 5.041632380805543434e+00 4.244000160642594999e+00 2.063493087656053770e+00 5.666802717337178663e+00 5.977759229985915468e+00 5.259925509199244509e+00 5.891458863012690728e-01 1.284233870998916505e+00 2.868232207684825230e+00 6.478679486848754054e-01 4.491283122217303081e+00 4.066231537718626221e+00 5.321106438237552361e+00
2.699069013780640791e+00 8.689336676195661413e-01 5.043538464198093152e+00 4.249723987143311454e+00 2.068065774237817234e+00 5.669037044368783640e+00 5.979158547784262367e+00 5.257873584028193825e+00 5.915290346069552729e-01 1.286060265789457535e+00 2.868323666481362277e+00 6.497740320774253453e-01 4.497006948718019537e+00 4.070804224300389684e+00 5.318770508533366304e+00
2.700810784583955293e+00 8.680278568938880612e-01 5.044063254250156447e+00 4.253729245528885983e+00 2.071506960659168950e+00 5.670952452219399476e+00 5.979989593220600419e+00 5.255950685771800579e+00 5.941663111867350189e-01 1.288373855873783613e+00 2.867417855755684197e+00 6.502988221294885296e-01 4.501012207103594065e+00 4.074245410721741401e+00 5.317416559088516514e+00
2.701748657034087397e+00 8.667620979485154420e-01 5.043983918844910264e+00 4.256781010717309854e+00 2.074271645209079917e+00 5.672621460523874504e+00 5.980528073593372795e+00 5.254184847243671186e+00 5.967531675269777125e-01 1.290750109275034196e+00 2.866152096810311356e+00 6.502194867242423459e-01 4.504063972292017937e+00 4.077010095271652368e+00 5.316553624302511771e+00
2.702296391547581500e+00 8.654218613815678474e-01 5.043658921544293960e+00 4.259256785838408277e+00 2.076591875659180797e+00 5.674089882572589616e+00 5.980909246812883495e+00 5.252582078650142705e+00 5.991674433762353980e-01 1.293013154826453404e+00 2.864811860243363206e+00 6.498944894236239334e-01 4.506539747413116359e+00 4.079330325721753248e+00 5.315946232530892601e+00
2.702648984510046759e+00 8.641282923500571700e-01 5.043250593586734887e+00 4.261349302182617649e+00 2.078592156914969014e+00 5.675389892807317871e+00 5.981199827017464443e+00 5.251135492690801598e+00 6.013710430026787401e-01 1.295099759003599527e+00 2.863518291211852418e+00 6.494861614660641935e-01 4.508632263757325731e+00 4.081330606977541464e+00 5.315480433009186712e+00
2.702899172312191567e+00 8.629276622328465596e-01 5.042830660278021071e+00 4.263162794239288012e+00 2.080344620301795899e+00 5.676545831620024352e+00 5.981433663585299598e+00 5.249832781098611179e+00 6.033623955934483973e-01 1.296995926901866270e+00 2.862317661094641696e+00 6.490662281573500447e-01 4.510445755813996094e+00 4.083083070364367906e+00 5.315099957181725010e+00
2.703091803346443278e+00 8.618328896040476916e-01 5.042429280603486497e+00 4.264758197963192110e+00 2.081895023021572921e+00 5.677577044319944477e+00 5.981628763885661115e+00 5.248660177823159856e+00 6.051545597747316485e-01 1.298708140332380578e+00 2.861222888465842829e+00 6.486648484828158034e-01 4.512041159537900192e+00 4.084633473084144484e+00 5.314776074076452694e+00
2.703249149544594943e+00 8.608425923517273315e-01 5.042057717225674196e+00 4.266174491170866112e+00 2.083275113197323059e+00 5.678499405090121854e+00 5.981795350473393391e+00 5.247604255665018869e+00 6.067654364312780046e-01 1.300250518090476870e+00 2.860232591213522468e+00 6.482932851050032808e-01 4.513457452745574194e+00 4.086013563259895065e+00 5.314493344498099070e+00
2.703382725620259386e+00 8.599497422197858176e-01 5.041718797482161563e+00 4.267438916232765500e+00 2.084508646111483010e+00 5.679326212627243464e+00 5.981939695400400936e+00 5.246652632657044180e+00 6.082135508626915765e-01 1.301639206172962249e+00 2.859339741081581288e+00 6.479543653614905363e-01 4.514721877807473582e+00 4.087247096174055017e+00 5.314242859310045475e+00
