1.000000000000000000e+00 1.000000000000000000e+00 1.000000000000000000e+00 1.000000000000000000e+00 1.000000000000000000e+00 1.000000000000000000e+00 1.000000000000000000e+00 1.000000000000000000e+00 1.000000000000000000e+00 1.000000000000000000e+00 1.000000000000000000e+00 1.000000000000000000e+00 1.000000000000000000e+00 1.000000000000000000e+00 1.000000000000000000e+00
9.738531052905663454e-01 9.696138677921970483e-01 9.767235357095171988e-01 9.755784587014406650e-01 9.677774774446789019e-01 1.007116355384098494e+00 9.734075584527424052e-01 1.002216907560451897e+00 9.961672722271088798e-01 9.724406995061432024e-01 9.696138677921970483e-01 9.767235357095171988e-01 9.755784587014406650e-01 9.677774774446789019e-01 9.738531052905663454e-01
9.492428086034843115e-01 9.377490577999344490e-01 9.543899282347584334e-01 9.518966530058710074e-01 9.360781579542352127e-01 1.006867022555230751e+00 9.393680207453328768e-01 1.004824597632265837e+00 9.937719222568733857e-01 9.385145314781102588e-01 9.377490577999344490e-01 9.543899282347584334e-01 9.518966530058710074e-01 9.360781579542352127e-01 9.506855815887534922e-01
9.274406724686646841e-01 9.070654835011362493e-01 9.365629309781261513e-01 9.301160887982584669e-01 9.085285060281230729e-01 9.988617709009538492e-01 9.019561289054894848e-01 1.009264089544424259e+00 9.912982215725755220e-01 9.005710400407764826e-01 9.070654835011362493e-01 9.365629309781261513e-01 9.301160887982584669e-01 9.085285060281230729e-01 9.320964534876072793e-01
9.091612523665933976e-01 8.804290296816408290e-01 9.260009058005842508e-01 9.110295891616546626e-01 8.876945792214160358e-01 9.847361674708933199e-01 8.650807666121631545e-01 1.016680334850173395e+00 9.879470541070060063e-01 8.616997036948735866e-01 8.804290296816408290e-01 9.260009058005842508e-01 9.110295891616546626e-01 8.876945792214160358e-01 9.188534005783077774e-01
8.943223257009308425e-01 8.593333434889675049e-01 9.234509239387490576e-01 8.947343513063636955e-01 8.741147512684013243e-01 9.668862100742070531e-01 8.307611030981536526e-01 1.027266189434841603e+00 9.838409627269818492e-01 8.241985691758665356e-01 8.593333434889675049e-01 9.234509239387490576e-01 8.947343513063636955e-01 8.741147512684013243e-01 9.106904192260413256e-01
8.822723035306805350e-01 8.436952950302722964e-01 9.280379520703336826e-01 8.807209897913044205e-01 8.668079311266156939e-01 9.470204063456291177e-01 7.991594523896161650e-01 1.040392801488257524e+00 9.796210975779009456e-01 7.890052332310887317e-01 8.436952950302722964e-01 9.280379520703336826e-01 8.807209897913044205e-01 8.668079311266156939e-01 9.066894707183177360e-01
8.721918249605338236e-01 8.327010296586246918e-01 9.383435313074030004e-01 8.682019040052726400e-01 8.643239566312974631e-01 9.258626225300474744e-01 7.696195346918406344e-01 1.055134524620225056e+00 9.759955681084890866e-01 7.561582011195444597e-01 8.327010296586246918e-01 9.383435313074030004e-01 8.682019040052726400e-01 8.643239566312974631e-01 9.057864859167021887e-01
8.633482416511577551e-01 8.255315053006757609e-01 9.530762017360586702e-01 8.563543629968964899e-01 8.653656777377718434e-01 9.035351902715235139e-01 7.414637287540648547e-01 1.070600062248333595e+00 9.735367478936370889e-01 7.253853986790657071e-01 8.255315053006757609e-01 9.530762017360586702e-01 8.563543629968963788e-01 8.653656777377718434e-01 9.070413992948821447e-01
8.551745913727920589e-01 8.216381921990011383e-01 9.712480644026455501e-01 8.444149177989355159e-01 8.689444225619572526e-01 8.799402165946921262e-01 7.143135680455100500e-01 1.086005560609208276e+00 9.726475547755150108e-01 6.964169796795163236e-01 8.216381921990011383e-01 9.712480644026455501e-01 8.444149177989354049e-01 8.689444225619572526e-01 9.096943657334356503e-01
8.472627475659479934e-01 8.207539086424937569e-01 9.921310412927631939e-01 8.317006541547935505e-01 8.743333818965937088e-01 8.549821378051021270e-01 6.881549972247409386e-01 1.100632312714583838e+00 9.735760989489024020e-01 6.690834619865553279e-01 8.207539086424937569e-01 9.921310412927631939e-01 8.317006541547934395e-01 8.743333818965937088e-01 9.131356239143350040e-01
8.393326768095706880e-01 8.228088895190891483e-01 1.015160545421311511e+00 8.176193034562788675e-01 8.809778108768496763e-01 8.286863936441818401e-01 6.633119346919242876e-01 1.113763311958499314e+00 9.764275365282082397e-01 6.433156212067936419e-01 8.228088895190891483e-01 1.015160545421311511e+00 8.176193034562787565e-01 8.809778108768496763e-01 9.168636976384522130e-01
8.312015840562217983e-01 8.278242633032193432e-01 1.039842109747452392e+00 8.016938970951115184e-01 8.884165797630879657e-01 8.012654439528369421e-01 6.403842377860836654e-01 1.124638367604492206e+00 9.811655955468716606e-01 6.191059747691712856e-01 8.278242633032193432e-01 1.039842109747452614e+00 8.016938970951114074e-01 8.884165797630879657e-01 9.204587198410739690e-01
8.227587607717679052e-01 8.358077920290387652e-01 1.065673957083599799e+00 7.836038901182679206e-01 8.962292057997521821e-01 7.731459426573737970e-01 6.201554217935868474e-01 1.132448831272288015e+00 9.876131252566406893e-01 5.964542184306834693e-01 8.358077920290387652e-01 1.065673957083600021e+00 7.836038901182678096e-01 8.962292057997521821e-01 9.235770012266575346e-01
8.139461059355121986e-01 8.466663004753922639e-01 1.092091475010922075e+00 7.632296217928214999e-01 9.040131450002694136e-01 7.449471318085224558e-01 6.034634077420443221e-01 1.136387681119500392e+00 9.954651228402711105e-01 5.753086436357689459e-01 8.466663004753922639e-01 1.092091475010922297e+00 7.632296217928213888e-01 9.040131450002694136e-01 9.259644254567473975e-01
8.047431228720096641e-01 8.601513667825015919e-01 1.118442433024943172e+00 7.406791921585982319e-01 9.113935759685881655e-01 7.173973914153454201e-01 5.910380287438269375e-01 1.135759216736664134e+00 1.004323030779437076e+00 5.555197510864476884e-01 8.601513667825015919e-01 1.118442433024943394e+00 7.406791921585981209e-01 9.113935759685881655e-01 9.274801290849566948e-01
7.951556455592860839e-01 8.758534687493682025e-01 1.144001715055989354e+00 7.162800368314248267e-01 9.180611540806066229e-01 6.911952624623824981e-01 5.833329957827979584e-01 1.130126829884001038e+00 1.013747418873615302e+00 5.368274854987236111e-01 8.758534687493682025e-01 1.144001715055989576e+00 7.162800368314247157e-01 9.180611540806066229e-01 9.281164557180153762e-01
7.852084506596407332e-01 8.932471246241879825e-01 1.168026170007199216e+00 6.905315016147227647e-01 9.238210465116997172e-01 6.668541749299295995e-01 5.804023317036297591e-01 1.119445968242737122e+00 1.023314377120463359e+00 5.188965589707714710e-01 8.932471246241879825e-01 1.168026170007199438e+00 6.905315016147225426e-01 9.238210465116997172e-01 9.279996039021647380e-01
7.749423001385474796e-01 9.117698598904531160e-01 1.189836529829936929e+00 6.640300307374860100e-01 9.286271177872564841e-01 6.445913919622032751e-01 5.818705962247540109e-01 1.104117303332988964e+00 1.032659021753913331e+00 5.013911480886469318e-01 9.117698598904532270e-01 1.189836529829937151e+00 6.640300307374857880e-01 9.286271177872564841e-01 9.273616531370079130e-01
7.644149488474850651e-01 9.309045495889674005e-01 1.208902067162084926e+00 6.373847552620115486e-01 9.325793583551820198e-01 6.243076046690875236e-01 5.870129436418678459e-01 1.084922513556155765e+00 1.041499375486887091e+00 4.840551482193870547e-01 9.309045495889675115e-01 1.208902067162085148e+00 6.373847552620113266e-01 9.325793583551820198e-01 9.264878522838804198e-01
