1.000000000000000000e+00 1.000000000000000000e+00 1.000000000000000000e+00 1.000000000000000000e+00 1.000000000000000000e+00 1.000000000000000000e+00 1.000000000000000000e+00 1.000000000000000000e+00 1.000000000000000000e+00 1.000000000000000000e+00 1.000000000000000000e+00 1.000000000000000000e+00 1.000000000000000000e+00 1.000000000000000000e+00 1.000000000000000000e+00
1.098050855160376260e+00 9.980308134053980096e-01 1.092159384735803984e+00 1.091014307727727450e+00 9.961944230578797521e-01 1.078719575664512043e+00 1.061227442531110343e+00 9.289808374665222690e-01 1.083987156305476818e+00 1.044043919786556751e+00 9.980308134053980096e-01 1.092159384735803984e+00 1.091014307727727450e+00 9.961944230578797521e-01 1.098050855160376260e+00
1.175307444641457977e+00 1.008066516469213747e+00 1.157293005499429706e+00 1.150545199989167600e+00 1.006815355187877126e+00 1.141355204568067938e+00 1.122593256056010791e+00 8.713420481531616302e-01 1.133262183805297640e+00 1.084531287785437170e+00 1.008066516469213747e+00 1.157293005499429928e+00 1.150545199989167600e+00 1.006815355187877126e+00 1.169971696701926467e+00
1.213164050217755197e+00 1.016202163079226395e+00 1.185563315478817659e+00 1.161740521137288429e+00 1.024320897065706948e+00 1.179216489646107924e+00 1.164636287902705014e+00 8.368334716107593829e-01 1.140906616683716512e+00 1.107740982613933722e+00 1.016202163079226395e+00 1.185563315478817881e+00 1.161740521137288429e+00 1.024320897065706948e+00 1.201339602051842537e+00
1.229971526331439247e+00 1.021094297693833974e+00 1.195412373126990779e+00 1.148628992129218984e+00 1.040461906008858239e+00 1.203336161157161355e+00 1.194047111462276156e+00 8.142252544312632567e-01 1.127984112931480931e+00 1.121420861850925599e+00 1.021094297693833974e+00 1.195412373126991001e+00 1.148628992129218984e+00 1.040461906008858239e+00 1.211041867313852105e+00
1.240103211907847891e+00 1.025028511543248033e+00 1.199706030143106172e+00 1.127422666603146828e+00 1.055302606526729470e+00 1.222526817092579376e+00 1.218948484632769835e+00 7.947929583824195898e-01 1.107551708882948072e+00 1.132371686208255124e+00 1.025028511543248033e+00 1.199706030143106394e+00 1.127422666603146828e+00 1.055302606526729470e+00 1.213631154523231226e+00
1.248397283793387658e+00 1.028825528357039998e+00 1.202941690881220937e+00 1.103504009523663676e+00 1.069612449524049991e+00 1.240187481588018059e+00 1.242111508354423188e+00 7.755235705584158090e-01 1.084099342933566135e+00 1.142517260191226791e+00 1.028825528357039998e+00 1.202941690881221160e+00 1.103504009523663676e+00 1.069612449524049991e+00 1.214366912587688141e+00
1.256169290057215671e+00 1.032646047068427553e+00 1.206471512574816884e+00 1.078543901383155479e+00 1.083760560406996865e+00 1.257514446683112519e+00 1.264191042782429442e+00 7.555668347929773709e-01 1.059120009461154366e+00 1.152179558563531048e+00 1.032646047068427553e+00 1.206471512574817107e+00 1.078543901383155479e+00 1.083760560406996865e+00 1.214900489599414657e+00
1.263692624182885638e+00 1.036488484650199826e+00 1.210649318345203840e+00 1.053142822845479554e+00 1.097913321476185811e+00 1.274951600658160267e+00 1.285237255014813673e+00 7.347559923719757524e-01 1.033174101899743569e+00 1.161292605011357892e+00 1.036488484650199826e+00 1.210649318345204062e+00 1.053142822845479332e+00 1.097913321476185811e+00 1.215728394536965462e+00
1.270947825213776694e+00 1.040326332709207602e+00 1.215518069307955473e+00 1.027605764456462012e+00 1.112157975173090119e+00 1.292681910274704915e+00 1.305154117540089809e+00 7.131456894775090039e-01 1.006526798349144602e+00 1.169721385176450745e+00 1.040326332709207602e+00 1.215518069307955695e+00 1.027605764456461790e+00 1.112157975173090119e+00 1.216977130539218077e+00
1.277837148232063846e+00 1.044138109330574382e+00 1.221024741916001632e+00 1.002159872823987108e+00 1.126549206768663769e+00 1.310788671130834970e+00 1.323828362581403351e+00 6.908672174801901988e-01 9.793443688401400893e-01 1.177337577038386929e+00 1.044138109330574382e+00 1.221024741916001854e+00 1.002159872823986886e+00 1.126549206768663769e+00 1.218644394933741326e+00
1.284245370668558150e+00 1.047911983318016826e+00 1.227087684862713468e+00 9.770114759244334923e-01 1.141125121707393664e+00 1.329308347819102343e+00 1.341165537876807035e+00 6.680768003069773586e-01 9.517551648256017405e-01 1.184035577561141528e+00 1.047911983318016826e+00 1.227087684862713690e+00 9.770114759244331593e-01 1.141125121707393664e+00 1.220672996498742169e+00
1.290057712201373219e+00 1.051645756764130413e+00 1.233617945961582585e+00 9.523578728428696571e-01 1.155912434112774667e+00 1.348248344249659336e+00 1.357100152427994422e+00 6.449314716750175203e-01 9.238689084487660130e-01 1.189735241235624574e+00 1.051645756764130413e+00 1.233617945961582807e+00 9.523578728428693241e-01 1.155912434112774667e+00 1.222974209860540729e+00
1.295166010576057847e+00 1.055346558474671070e+00 1.240526403123794141e+00 9.283872635654559780e-01 1.170928138598605450e+00 1.367593874043484981e+00 1.371597688116987790e+00 6.215747019803207207e-01 8.957832971017866130e-01 1.194381963422429527e+00 1.055346558474671070e+00 1.240526403123794363e+00 9.283872635654556449e-01 1.170928138598605450e+00 1.225436392310252476e+00
1.299471518026170225e+00 1.059030822980304709e+00 1.247726856910422288e+00 9.052763601964094464e-01 1.186180269739475879e+00 1.387311800289106944e+00 1.384653092897882853e+00 5.981275228682497724e-01 8.675869506641362694e-01 1.197946134831372911e+00 1.059030822980304709e+00 1.247726856910422510e+00 9.052763601964091134e-01 1.186180269739475879e+00 1.227929756150934359e+00
1.302886415551850918e+00 1.062724467302408105e+00 1.255138317321698782e+00 8.831882475807902866e-01 1.201668610200069098e+00 1.407353787776567833e+00 1.396287267599664261e+00 5.746842624462317195e-01 8.393614204219635999e-01 1.200422269279348253e+00 1.062724467302408105e+00 1.255138317321699004e+00 8.831882475807899535e-01 1.201668610200069098e+00 1.230310448621703134e+00
1.305334558239740206e+00 1.066463181008072691e+00 1.262687385128249407e+00 8.622709941718872395e-01 1.217385538865899397e+00 1.427659217874287512e+00 1.406542497427823113e+00 5.513123981522735084e-01 8.111829538435670894e-01 1.201827922848647701e+00 1.066463181008072691e+00 1.262687385128249629e+00 8.622709941718869064e-01 1.217385538865899397e+00 1.232424684690526018e+00
1.306751641076360215e+00 1.070292817405699148e+00 1.270310800673086105e+00 8.426569151995165763e-01 1.233316970844500426e+00 1.448157722248077262e+00 1.415477677348052188e+00 5.280557333297231093e-01 7.831240808166651801e-01 1.202202550167349226e+00 1.070292817405699148e+00 1.270310800673086327e+00 8.426569151995162432e-01 1.233316970844500426e+00 1.234112977850049919e+00
1.307084935378975299e+00 1.074269889159893410e+00 1.277957952668450359e+00 8.244622619961226029e-01 1.249443289069364749e+00 1.468771086750846999e+00 1.423164037009131633e+00 5.049398295714186968e-01 7.552549428080987948e-01 1.201606411899058591e+00 1.074269889159893410e+00 1.277957952668450581e+00 8.244622619961222698e-01 1.249443289069364749e+00 1.235214377482761750e+00
1.306292732957061054e+00 1.078462122611614227e+00 1.285593079516049952e+00 8.077871426680864886e-01 1.265740193964516536e+00 1.489414344616843966e+00 1.429681841094434080e+00 4.819785643707666378e-01 7.276443159005593353e-01 1.200119550278202274e+00 1.078462122611614227e+00 1.285593079516050175e+00 8.077871426680861555e-01 1.265740193964516536e+00 1.235570659072483535e+00
