1.000000000000000000e+00 1.000000000000000000e+00 1.000000000000000000e+00 1.000000000000000000e+00 1.000000000000000000e+00 1.000000000000000000e+00 1.000000000000000000e+00 1.000000000000000000e+00 1.000000000000000000e+00 1.000000000000000000e+00 1.000000000000000000e+00 1.000000000000000000e+00 1.000000000000000000e+00 1.000000000000000000e+00 1.000000000000000000e+00
1.137271197224526631e+00 1.007004585704303512e+00 1.128612810744105133e+00 1.127467733736028377e+00 1.005168195356785255e+00 1.101331118910958473e+00 1.088960037503226674e+00 9.058536574368603045e-01 1.111719751277593149e+00 1.066655463033003182e+00 1.007004585704303512e+00 1.128612810744105133e+00 1.127467733736028599e+00 1.005168195356785255e+00 1.137271197224526853e+00
1.218447671168924717e+00 1.023826454811672670e+00 1.195724517302912515e+00 1.183420525123451306e+00 1.026943469645002160e+00 1.161590836463207710e+00 1.159122001892625375e+00 8.484800370345528808e-01 1.153646094935138811e+00 1.110207236791176832e+00 1.023826454811672670e+00 1.195724517302912515e+00 1.183420525123451528e+00 1.026943469645002160e+00 1.211346056037524210e+00
1.231492802576813705e+00 1.026967819968814366e+00 1.203108577108452204e+00 1.166854299645842863e+00 1.043115394628696180e+00 1.183032414000572352e+00 1.188355317157089086e+00 8.294657834711740563e-01 1.136402705139199609e+00 1.122143381406723428e+00 1.026967819968814366e+00 1.203108577108452204e+00 1.166854299645843307e+00 1.043115394628696180e+00 1.217217189361482044e+00
1.238589870759385203e+00 1.029156798296959607e+00 1.205427528081036259e+00 1.143292930165033194e+00 1.057400584920997089e+00 1.199902587272522414e+00 1.213679733857399912e+00 8.130225868004389289e-01 1.112216696730245369e+00 1.132153202691316585e+00 1.029156798296959607e+00 1.205427528081036259e+00 1.143292930165033860e+00 1.057400584920997089e+00 1.216389777362902436e+00
1.245837044330729615e+00 1.031656508972184749e+00 1.208599252284675796e+00 1.119012564861515679e+00 1.071513942986643153e+00 1.216531292000438080e+00 1.238599387282381947e+00 7.954191462107140786e-01 1.086660693536239064e+00 1.142193673053727654e+00 1.031656508972184749e+00 1.208599252284675796e+00 1.119012564861516346e+00 1.071513942986643153e+00 1.215778596793125832e+00
1.253063459461416285e+00 1.034313907845932246e+00 1.212727743044405004e+00 1.094158358043700430e+00 1.085669988906649674e+00 1.233330422923405223e+00 1.262798633157101946e+00 7.766325942941665339e-01 1.060130857597546328e+00 1.151837577982162575e+00 1.034313907845932023e+00 1.212727743044405004e+00 1.094158358043701096e+00 1.085669988906649674e+00 1.215613062121349452e+00
1.260094829334812427e+00 1.037053786218562035e+00 1.217733679103983890e+00 1.068879224238213688e+00 1.099956605268396448e+00 1.250461815837162982e+00 1.286037259230281338e+00 7.567483149663789543e-01 1.032824691070643564e+00 1.160835306928830635e+00 1.037053786218561813e+00 1.217733679103983890e+00 1.068879224238214354e+00 1.099956605268396448e+00 1.215913079536711239e+00
1.266789408945917961e+00 1.039840760192341396e+00 1.223508856268518796e+00 1.043369641530717207e+00 1.114425082570424275e+00 1.268014138867001428e+00 1.308132509707710112e+00 7.358926347375370769e-01 1.004896546361521592e+00 1.169020810993909532e+00 1.039840760192341174e+00 1.223508856268518796e+00 1.043369641530717651e+00 1.114425082570424275e+00 1.216651732436030864e+00
1.273015884629730810e+00 1.042657741414854566e+00 1.229938720038708633e+00 1.017845227385232976e+00 1.129111500286527736e+00 1.286039979757364282e+00 1.328935547946621165e+00 7.142224623160027264e-01 9.764820169839862896e-01 1.176267891270815547e+00 1.042657741414854344e+00 1.229938720038708633e+00 1.017845227385233420e+00 1.129111500286527736e+00 1.217772497274996590e+00
1.278647761845959296e+00 1.045498838928286212e+00 1.236909665251017643e+00 9.925292551888116321e-01 1.144041928914514727e+00 1.304565391348396552e+00 1.348328284091883544e+00 6.919121792053328779e-01 9.477043024272473470e-01 1.182478706784134470e+00 1.045498838928285990e+00 1.236909665251017643e+00 9.925292551888120762e-01 1.144041928914514727e+00 1.219193415485709142e+00
1.283564332609804293e+00 1.048367507289438283e+00 1.244311524439285499e+00 9.676437129367843060e-01 1.159232859971200069e+00 1.323591953616695127e+00 1.366225965051867774e+00 6.691388443230088523e-01 9.186756748050626253e-01 1.187582620292934488e+00 1.048367507289438061e+00 1.244311524439285499e+00 9.676437129367847501e-01 1.159232859971200069e+00 1.220808860806677165e+00
1.287653582535994268e+00 1.051276450822404396e+00 1.252038769602323631e+00 9.434026185490147487e-01 1.174690813154338542e+00 1.343097968790759378e+00 1.382579377305000357e+00 6.460683771432892408e-01 8.894981567484494533e-01 1.191537251114853424e+00 1.051276450822404174e+00 1.252038769602323631e+00 9.434026185490151928e-01 1.174690813154338542e+00 1.222491813713208364e+00
1.290815060248876600e+00 1.054247974656181919e+00 1.259991846498941470e+00 9.200070232876295107e-01 1.190412399098670582e+00 1.363040676381603422e+00 1.397374556010456903e+00 6.228449708362163717e-01 8.602646211553022226e-01 1.194329017860241704e+00 1.054247974656181697e+00 1.259991846498941470e+00 9.200070232876299547e-01 1.190412399098670582e+00 1.224097331020530977e+00
1.292961918308577207e+00 1.057314321538303847e+00 1.268079102191285834e+00 8.976415223994249626e-01 1.206385061016303828e+00 1.383359523297829519e+00 1.410629857498655326e+00 5.995850149074620772e-01 8.310604115683736248e-01 1.195972583200377359e+00 1.057314321538303625e+00 1.268079102191285834e+00 8.976415223994254067e-01 1.206385061016303828e+00 1.225467067242538510e+00
1.294021933412205838e+00 1.060517880993837370e+00 1.276219262757681827e+00 8.764720730260530113e-01 1.222588317670282088e+00 1.403979870807558816e+00 1.422391195655395624e+00 5.763757062103269657e-01 8.019651893027125444e-01 1.196509408661086793e+00 1.060517880993837148e+00 1.276219262757681827e+00 8.764720730260534554e-01 1.222588317670282088e+00 1.226434435838388515e+00
1.293937615765245797e+00 1.063911281390981234e+00 1.284344171553861713e+00 8.566448456634158104e-01 1.238995234858927708e+00 1.424816432839200342e+00 1.432726548454435811e+00 5.532776294378910498e-01 7.730546612484410218e-01 1.196005813669124951e+00 1.063911281390980790e+00 1.284344171553861713e+00 8.566448456634162545e-01 1.238995234858927708e+00 1.226829998625581730e+00
1.292665630874818783e+00 1.067557378615024311e+00 1.292401423332283361e+00 8.382858184167157889e-01 1.255573902446738721e+00 1.445775909317796870e+00 1.441720734073474341e+00 5.303300753401896106e-01 7.444019569189921359e-01 1.194550834190112543e+00 1.067557378615023866e+00 1.292401423332283361e+00 8.382858184167162330e-01 1.255573902446738721e+00 1.226486790482244738e+00
1.290175752166303536e+00 1.071529089272317936e+00 1.300356556034550692e+00 8.215008678077468929e-01 1.272288794935954703e+00 1.466758518307497816e+00 1.449471137191664871e+00 5.075577501036054873e-01 7.160785974880056193e-01 1.192253976143492933e+00 1.071529089272317492e+00 1.300356556034550692e+00 8.215008678077473370e-01 1.272288794935954703e+00 1.225245425283105094e+00
1.286449503463435340e+00 1.075908915680710898e+00 1.308194530621832552e+00 8.063761813080574381e-01 1.289101990369820427e+00 1.487658336805478765e+00 1.456084702079598170e+00 4.849777074540422284e-01 6.881551623869853751e-01 1.189242767605924511e+00 1.075908915680710454e+00 1.308194530621832552e+00 8.063761813080579932e-01 1.289101990369820427e+00 1.222958927158730669e+00
