-3.168329182014988366e-01
-3.345043197084973663e-01
-3.438552418272503575e-01
-3.491342792113428795e-01
-3.523797333809838839e-01
-3.545246759440844331e-01
-3.560125415836615792e-01
-3.570743597524083102e-01
-3.578442339456182064e-01
-3.584074110772729194e-01
-3.588215219027754421e-01
-3.591269933156367999e-01
-3.593527923412321301e-01
-3.595199327396505495e-01
-3.596437737671644430e-01
-3.597355960706359879e-01
-3.598037117133911500e-01
-3.598542592402859119e-01
-3.598917793185490988e-01
-3.599196345504661609e-01
-3.599403171992004435e-01
-3.599556755743333891e-01
-3.599670810160917611e-01
-3.599755513008618957e-01
-3.599818419686853233e-01
-3.599865139801538549e-01
-3.599899838750146852e-01
-3.599925609781831071e-01
-3.599944750086784828e-01
-3.599958965727418914e-01
