1.636484819516252631e-02
-1.312727410159930316e-02
-4.177596541369583277e-02
-6.540882243125380191e-02
-8.269218357971980238e-02
-9.444149123749903674e-02
-1.021202617587492756e-01
-1.070466214174831676e-01
-1.101899092601775765e-01
-1.122003848802111681e-01
-1.134949273411907933e-01
-1.143356001352093254e-01
-1.148863939269087753e-01
-1.152503272094240194e-01
-1.154926460444003489e-01
-1.156550860717835416e-01
-1.157646197759376883e-01
-1.158388510196579485e-01
-1.158893733459806785e-01
-1.159238838789361098e-01
-1.159475291896493454e-01
-1.159637716789252704e-01
-1.159749530571917431e-01
-1.159826642569875416e-01
-1.159879903032033088e-01
-1.159916736030627560e-01
-1.159942235341210881e-01
-1.159959904001550690e-01
-1.159972155790165993e-01
-1.159980656657425419e-01
