-4.829771319539671870e-02
-2.684716532198858641e-01
-3.810711785269613738e-01
-4.276234189440821232e-01
-4.488615866959567158e-01
-4.591924460208397507e-01
-4.643968014978072656e-01
-4.670721431950943248e-01
-4.684632854107381728e-01
-4.691913733826820754e-01
-4.695738554401241993e-01
-4.697752186173800304e-01
-4.698813663616107639e-01
-4.699373659668426018e-01
-4.699669239401974563e-01
-4.699825303482824679e-01
-4.699907721568111763e-01
-4.699951253045155375e-01
-4.699974247663868954e-01
-4.699986394917562982e-01
-4.699992812188742985e-01
-4.699996202480871688e-01
-4.699997993639876692e-01
-4.699998939960986499e-01
-4.699999439935913514e-01
-4.699999704092691077e-01
-4.699999843658166365e-01
-4.699999917396996407e-01
-4.699999956356724629e-01
-4.699999976941068858e-01
