4.521100540895113540e-02
-6.106325811212813537e-02
-1.582912197339894078e-01
-1.942132104160678996e-01
-1.994415780492120316e-01
-1.999492565047916726e-01
-1.999953070973700675e-01
-1.999994491196143698e-01
-1.999998212797269859e-01
-1.999998548037759949e-01
-1.999998579182432623e-01
-1.999998583020338450e-01
-1.999998584405111857e-01
-1.999998585568357745e-01
-1.999998586710461379e-01
-1.999998587849410037e-01
-1.999998588986827419e-01
-1.999998590122860354e-01
-1.999998591257514946e-01
-1.999998592390811458e-01
-1.999998593522736290e-01
-1.999998594653296935e-01
-1.999998595782495892e-01
-1.999998596910334547e-01
-1.999998598036818453e-01
-1.999998599161947332e-01
-1.999998600285723127e-01
-1.999998601408144172e-01
-1.999998602529220182e-01
-1.999998603648948381e-01
