-2.322098182435048536e-02
-2.593977132834259652e-02
-2.893691643350286558e-02
-3.245163735577889091e-02
-3.666694888310399747e-02
-4.169274470126363430e-02
-4.753745450218806179e-02
-5.407976669969065397e-02
-6.105976972936093955e-02
-6.810849069164780223e-02
-7.481935353523071208e-02
-8.083935475708248219e-02
-8.594139690972205092e-02
-9.004896727071731721e-02
-9.321286867395389697e-02
-9.556255216521701568e-02
-9.725745115684988895e-02
-9.845262175520400061e-02
-9.928090664234005824e-02
-9.984743465285700337e-02
-1.002311065180039873e-01
-1.004890096016759632e-01
-1.006613966652052661e-01
-1.007761315511774280e-01
-1.008522464112237560e-01
-1.009026145428755794e-01
-1.009358806581998752e-01
-1.009578185718973398e-01
-1.009722689116495792e-01
-1.009817784536654189e-01
