-7.355944582740839288e-02
-1.002404744503588158e-01
-1.194000233238344394e-01
-1.337539223859002258e-01
-1.447371613276938473e-01
-1.531487364497509662e-01
-1.595433731023916946e-01
-1.643692709929115148e-01
-1.679985918542705736e-01
-1.707313474423122479e-01
-1.728000781110982653e-01
-1.743793211157505796e-01
-1.755972972285168021e-01
-1.765471272464129715e-01
-1.772962090019692405e-01
-1.778934452658558207e-01
-1.783745521368645948e-01
-1.787658517697365002e-01
-1.790869453836720360e-01
-1.793525890669861456e-01
-1.795740127717547485e-01
-1.797598534071772891e-01
-1.799168205613329019e-01
-1.800501761388569322e-01
-1.801640835196081369e-01
-1.802618643889362660e-01
-1.803461895834662376e-01
-1.804192222976496174e-01
-1.804827265480244691e-01
-1.805381500520353011e-01
