-2.236034917165519720e-01
-2.327970907825256397e-01
-2.382805372947738309e-01
-2.420939547751006782e-01
-2.449704338395569392e-01
-2.472296192817675375e-01
-2.490456563648398014e-01
-2.505293082218080780e-01
-2.517571205775840926e-01
-2.527843406373114776e-01
-2.536519078668830751e-01
-2.543907479168117658e-01
-2.550245954698863726e-01
-2.555719213699078063e-01
-2.560472809891631285e-01
-2.564622755774983442e-01
-2.568262487066288458e-01
-2.571467980354156246e-01
-2.574301562781547981e-01
-2.576814782155944505e-01
-2.579050593304781369e-01
-2.581045040831419501e-01
-2.582828566791838254e-01
-2.584427036085428231e-01
-2.585862547312255955e-01
-2.587154079088546665e-01
-2.588318009072385073e-01
-2.589368533717092413e-01
-2.590318010009333149e-01
-2.591177235453138716e-01
