-6.429854301778187287e-02
-1.068207178578349792e-01
-1.329014662598492491e-01
-1.478186089730784691e-01
-1.563956010481162284e-01
-1.615137649334822678e-01
-1.647076591487130481e-01
-1.667872145512707405e-01
-1.681926035840202727e-01
-1.691730441184187139e-01
-1.698756882141551072e-01
-1.703908828587311075e-01
-1.707760729690981083e-01
-1.710689291120757460e-01
-1.712948348428174894e-01
-1.714713086450216362e-01
-1.716106993803540037e-01
-1.717218767836373727e-01
-1.718113191761045377e-01
-1.718838296515858843e-01
-1.719430175542932260e-01
-1.719916283267489687e-01
-1.720317733848877317e-01
-1.720650928432140014e-01
-1.720928723634000401e-01
-1.721161281674427890e-01
-1.721356696395743568e-01
-1.721521459408320021e-01
-1.721660810781811546e-01
-1.721779005405979224e-01
