8.090517466990868045e-02
-2.267951812477971008e-02
-1.302973337416192257e-01
-2.047810492074765010e-01
-2.385884594886735488e-01
-2.511610012791304913e-01
-2.565225753176397228e-01
-2.595479287302019378e-01
-2.616198891631909551e-01
-2.631694073160442682e-01
-2.643735538415099007e-01
-2.653288186357689038e-01
-2.660973781589552889e-01
-2.667225418721664854e-01
-2.672356690449824712e-01
-2.676600303921591317e-01
-2.680132253846358448e-01
-2.683087806359855665e-01
-2.685572402866088781e-01
-2.687669268487882235e-01
-2.689444823186093458e-01
-2.690952596439246669e-01
-2.692236103976819450e-01
-2.693330992507759203e-01
-2.694266660218174181e-01
-2.695067496436309717e-01
-2.695753840922491817e-01
-2.696342734145139031e-01
-2.696848509898549517e-01
-2.697283267675240070e-01
