-3.464713868337745417e-01
-4.449377875450242770e-01
-4.793236278398172456e-01
-4.919801481528803810e-01
-4.968368246499279550e-01
-4.987421506172008967e-01
-4.994977633806196304e-01
-4.997990340124913167e-01
-4.999194888413818205e-01
-4.999677231605742511e-01
-4.999870548744961840e-01
-4.999948068413364588e-01
-4.999979163491773959e-01
-4.999991638952839823e-01
-4.999996644764976295e-01
-4.999998653513825220e-01
-4.999999459629833054e-01
-4.999999783136002685e-01
-4.999999912966243687e-01
-4.999999965070640595e-01
-4.999999985981707917e-01
-4.999999994373993673e-01
-4.999999997742079483e-01
-4.999999999093820979e-01
-4.999999999636332015e-01
-4.999999999854033428e-01
-4.999999999941424078e-01
-4.999999999976486031e-01
-4.999999999990559219e-01
-4.999999999996209143e-01
