-3.392649095063429154e-01
-3.425902087476086488e-01
-3.448142154699177508e-01
-3.463426878443808810e-01
-3.474078022507199326e-01
-3.481564284623012706e-01
-3.486856931015241967e-01
-3.490614143076554710e-01
-3.493289156786028027e-01
-3.495197643502178098e-01
-3.496561271611518529e-01
-3.497536624302291508e-01
-3.498234783586923746e-01
-3.498734795440329171e-01
-3.499093033576643474e-01
-3.499349766219246871e-01
-3.499533789977140597e-01
-3.499665714590061705e-01
-3.499760298990302609e-01
-3.499828116617602070e-01
-3.499876744603248602e-01
-3.499911613993690884e-01
-3.499936618162050594e-01
-3.499954548453587111e-01
-3.499967406262865510e-01
-3.499976626663058310e-01
-3.499983238690673182e-01
-3.499987980246899721e-01
-3.499991380474600233e-01
-3.499993818822131342e-01
