-1.043858463213438170e-01
-1.958460420608648112e-01
-2.177166019348052151e-01
-2.251760029758987924e-01
-2.300747759642322865e-01
-2.336851194466448289e-01
-2.364323243857898715e-01
-2.385706941699633488e-01
-2.402673365276181416e-01
-2.416358767071202784e-01
-2.427556377358989770e-01
-2.436832951878384612e-01
-2.444601926321018637e-01
-2.451170573410883236e-01
-2.456771138157374246e-01
-2.461581848597091948e-01
-2.465741380242051917e-01
-2.469358997547463908e-01
-2.472521784563603831e-01
-2.475299880194337110e-01
-2.477750322792464654e-01
-2.479919910634423574e-01
-2.481847356056662846e-01
-2.483564925941718626e-01
-2.485099704102826379e-01
-2.486474572175409181e-01
-2.487708978713849828e-01
-2.488819547354534367e-01
-2.489820561556888023e-01
-2.490724353867649621e-01
