3.599822930669494686e-02
3.095849000839498780e-02
2.573860294736764198e-02
1.994120620434116503e-02
1.313163182846397749e-02
4.905248071793689990e-03
-5.008534085673735717e-03
-1.661008266342399453e-02
-2.950988580508052961e-02
-4.291922516186651160e-02
-5.582573215303259645e-02
-6.730586448824836532e-02
-7.679668360577533714e-02
-8.417322724342406193e-02
-8.963946299021276209e-02
-9.355435744497293815e-02
-9.629516370103148593e-02
-9.818693473654488413e-02
-9.948195648110599865e-02
-1.003646563523291763e-01
-1.009652166677072749e-01
-1.013736869549997366e-01
-1.016516567107822872e-01
-1.018410056369025429e-01
-1.019701398101288403e-01
-1.020583160053215172e-01
-1.021185961641027928e-01
-1.021598506676244106e-01
-1.021881121153133953e-01
-1.022074894154087060e-01
