-1.057672584495763374e-01
-3.163425569813489990e-01
-4.153343084798723495e-01
-4.393348115719684643e-01
-4.452091645944836751e-01
-4.474683244330345255e-01
-4.486055498991037283e-01
-4.492247779104543426e-01
-4.495681171690849021e-01
-4.497592723414106652e-01
-4.498658057276367916e-01
-4.499251933326081643e-01
-4.499583006253921047e-01
-4.499767566886514469e-01
-4.499870447266630102e-01
-4.499927793235427576e-01
-4.499959756575643843e-01
-4.499977571483023131e-01
-4.499987500367646498e-01
-4.499993033943351928e-01
-4.499996117857578137e-01
-4.499997836524922135e-01
-4.499998794327711438e-01
-4.499999328100438567e-01
-4.499999625563900207e-01
-4.499999791334923227e-01
-4.499999883715762872e-01
-4.499999935197583345e-01
-4.499999963887207355e-01
-4.499999979875259348e-01
