-6.589281252764933594e-02
-1.879190105258776167e-01
-2.490212200567271383e-01
-2.748437614362557180e-01
-2.885932869916895682e-01
-2.972785620297190290e-01
-3.031639640996827700e-01
-3.073079607614735420e-01
-3.103068387416309526e-01
-3.125232397190966793e-01
-3.141884721541793879e-01
-3.154558161907122793e-01
-3.164301649899185498e-01
-3.171852730445925417e-01
-3.177741941535585091e-01
-3.182358238846381693e-01
-3.185991319795309362e-01
-3.188859792203235788e-01
-3.191130405581187879e-01
-3.192931482940145616e-01
-3.194362493574666728e-01
-3.195500998130950121e-01
-3.196407766252583049e-01
-3.197130598746615870e-01
-3.197707215341849540e-01
-3.198167457981052064e-01
-3.198534985844517231e-01
-3.198828588419487806e-01
-3.199063208567242689e-01
-3.199250743453941337e-01
