-1.381116521274295961e-01
-1.696990808126446759e-01
-1.889686732189089780e-01
-2.008774771509348744e-01
-2.084805060976144819e-01
-2.135306594818182080e-01
-2.170208245381198831e-01
-2.195220143320292250e-01
-2.213723262901668432e-01
-2.227790052840466772e-01
-2.238736450524045907e-01
-2.247426344634603779e-01
-2.254444337528459796e-01
-2.260196929029436308e-01
-2.264973688326621104e-01
-2.268985368127955926e-01
-2.272388323202961247e-01
-2.275300556950972386e-01
-2.277812511961574971e-01
-2.279994479105759420e-01
-2.281901782035701265e-01
-2.283578468067612721e-01
-2.285059977401335263e-01
-2.286375101494045603e-01
-2.287547439046686837e-01
-2.288596491775591046e-01
-2.289538498446153092e-01
-2.290387076363433749e-01
-2.291153719590015292e-01
-2.291848189411055392e-01
