-1.832761538722476047e-01
-3.066986587598293790e-01
-3.622921389618527499e-01
-3.861495671960776810e-01
-3.973523094784002785e-01
-4.030599028266963479e-01
-4.061175516330350899e-01
-4.078033750289234427e-01
-4.087485293684814391e-01
-4.092838269610692969e-01
-4.095889463310298795e-01
-4.097635958916546195e-01
-4.098638484790013692e-01
-4.099215083284738492e-01
-4.099547168432873256e-01
-4.099738617252046691e-01
-4.099849067082426690e-01
-4.099912820481475539e-01
-4.099949634069061100e-01
-4.099970897653839041e-01
-4.099983182139657067e-01
-4.099990280311762159e-01
-4.099994382239129376e-01
-4.099996752895044283e-01
-4.099998123078191781e-01
-4.099998915052423532e-01
-4.099999372836217737e-01
-4.099999637456184232e-01
-4.099999790422047541e-01
-4.099999878846806167e-01
